  -8.7688306e-02   9.2076606e-01  -1.0704584e+00
  -3.7476207e-01   9.1358185e-01  -1.0675645e+00
  -3.0415831e-01   8.4547603e-01  -1.0662218e+00
  -2.7804459e-01   1.0118526e+00  -1.0844002e+00
  -3.3077068e-01   9.5269891e-01  -1.1974104e+00
  -3.9109494e-01   1.0232543e+00  -1.1723570e+00
  -2.7962888e-01   9.4462353e-01  -1.1619388e+00
  -2.9988309e-01   9.0201631e-01  -1.1422053e+00
  -2.8643390e-01   8.7375250e-01  -1.1316288e+00
  -3.1950032e-01   9.3452201e-01  -1.1093767e+00
  -1.9801215e-01   9.1022287e-01  -1.1061731e+00
  -2.5506235e-01   1.0638160e+00  -1.1493142e+00
  -3.3783277e-01   8.8098852e-01  -1.1388371e+00
  -1.3574151e-01   6.8250695e-01  -1.2001351e+00
  -3.2964932e-01   8.5621372e-01  -1.1567054e+00
  -3.2451617e-01   1.2131686e+00  -1.1735192e+00
  -3.7460029e-01   9.7282667e-01  -1.1602926e+00
  -3.4909089e-01   9.5581702e-01  -1.1493783e+00
  -3.1559333e-01   1.0443960e+00  -1.1676374e+00
  -3.6583053e-01   9.4945764e-01  -1.1481791e+00
  -1.7128418e-01   1.4797574e+00  -1.1184795e+00
   2.9111990e-01   2.8933788e+00  -7.6398663e-01
  -3.5134177e-01   1.0311277e+00  -1.1091231e+00
  -3.2666226e-01   9.5248604e-01  -1.1432968e+00
  -3.2431582e-01   9.9599523e-01  -1.1087071e+00
  -3.4406508e-01   9.0204136e-01  -1.1307057e+00
  -3.5796762e-01   9.8780824e-01  -1.1343018e+00
  -3.9321147e-01   9.1660365e-01  -1.1512422e+00
  -3.6865115e-01   9.9666435e-01  -1.1328658e+00
  -2.2568953e-01   8.0255047e-01  -1.2019988e+00
  -3.6980090e-01   9.9403842e-01  -1.1636845e+00
  -3.5914299e-01   9.6468752e-01  -1.1609022e+00
  -2.3477485e-01   9.3709888e-01  -1.1869655e+00
  -3.4904379e-01   9.6509382e-01  -1.1870268e+00
  -3.3747856e-01   9.8387681e-01  -1.1713235e+00
  -3.3690329e-01   9.8803710e-01  -1.1646099e+00
  -2.3679375e-01   8.5665698e-01  -1.2076984e+00
  -4.3410546e-01   8.3160240e-01  -1.1573639e+00
  -3.1041484e-01   1.0291758e+00  -1.1557125e+00
  -2.7312725e-01   9.0099589e-01  -1.1466868e+00
  -4.1402874e-01   9.1590235e-01  -1.1702127e+00
  -3.8046129e-01   8.9303222e-01  -1.1722719e+00
  -4.0488876e-01   9.2702735e-01  -1.1460124e+00
  -3.9781549e-01   8.8010181e-01  -1.1405625e+00
  -4.0468127e-01   9.0943111e-01  -1.1480903e+00
  -1.4539469e-01   6.9313408e-01  -1.2086753e+00
  -3.5047889e-01   8.8798969e-01  -1.1604886e+00
  -3.6977677e-01   9.2731172e-01  -1.1213411e+00
  -3.8212727e-01   9.0786598e-01  -1.1413314e+00
  -3.6683172e-01   9.4828752e-01  -1.1540439e+00
  -3.8371800e-01   9.4876336e-01  -1.1719495e+00
  -3.8668225e-01   9.6001079e-01  -1.1898575e+00
  -3.9250580e-01   9.5999280e-01  -1.1816588e+00
  -2.5317687e-01   7.7353466e-01  -1.1996861e+00
  -3.9977518e-01   9.8863304e-01  -1.1954399e+00
  -4.1059352e-01   9.2859537e-01  -1.1819749e+00
  -3.8750688e-01   9.6581002e-01  -1.1617772e+00
  -4.3296047e-01   9.9280988e-01  -1.1760302e+00
  -3.7685313e-01   1.0681274e+00  -1.1792335e+00
  -1.7955212e-01   7.3696094e-01  -1.2211715e+00
  -3.6822136e-01   9.1258928e-01  -1.1587922e+00
  -3.9182292e-01   9.3346307e-01  -1.1624941e+00
  -3.9978729e-01   9.2589314e-01  -1.1686655e+00
  -2.3224863e-01   8.0317534e-01  -1.2143484e+00
  -3.8016257e-01   9.6438644e-01  -1.1580430e+00
  -3.3969970e-01   1.0141977e+00  -1.1796959e+00
  -2.5586614e-01   8.1789353e-01  -1.2507066e+00
  -3.7756846e-01   9.4763588e-01  -1.1591873e+00
  -4.0032643e-01   9.1233612e-01  -1.1718845e+00
  -4.1269909e-01   1.0057913e+00  -1.1685889e+00
  -4.0541560e-01   9.5489330e-01  -1.1764237e+00
  -3.7232179e-01   8.7073133e-01  -1.1737469e+00
  -3.9874845e-01   9.1101408e-01  -1.1707914e+00
  -3.7817616e-01   9.0628185e-01  -1.1774753e+00
  -1.2101673e-01   5.7015796e-01  -1.2518951e+00
  -4.1201532e-01   8.8323315e-01  -1.1850970e+00
  -4.0164574e-01   8.6463871e-01  -1.1841865e+00
  -4.0785925e-01   8.4636924e-01  -1.1876804e+00
  -3.6699624e-01   8.5985042e-01  -1.1682285e+00
  -3.2817786e-01   8.9467032e-01  -1.1784596e+00
  -2.0060631e-01   9.6838086e-01  -1.1836251e+00
  -5.0084533e-01   9.1795363e-01  -1.1900992e+00
  -2.9295058e-01   1.0080719e+00  -1.1787462e+00
  -1.3063620e-01   7.1654167e-01  -1.2525497e+00
  -3.7974587e-01   1.0861502e+00  -1.1752412e+00
  -3.9870330e-01   1.0769155e+00  -1.1768249e+00
  -4.1945699e-01   1.0272180e+00  -1.2261043e+00
  -4.1834022e-01   1.0427312e+00  -1.1813872e+00
  -4.2683146e-01   1.0324109e+00  -1.1813954e+00
  -4.3395481e-01   1.0416936e+00  -1.1586372e+00
  -4.0057636e-01   1.0887624e+00  -1.1324435e+00
  -3.9889164e-01   1.0599450e+00  -1.1011941e+00
  -2.1786909e-01   8.8644831e-01  -1.1628725e+00
  -3.8591537e-01   1.0550543e+00  -1.1195443e+00
  -2.9864782e-01   1.0638772e+00  -1.1365532e+00
  -4.8937124e-01   1.1507538e+00  -1.1603490e+00
  -3.1842831e-01   9.0972491e-01  -1.1815480e+00
  -3.5739027e-01   1.4530418e+00  -1.1117340e+00
  -3.9189492e-01   1.1199686e+00  -1.1205894e+00
  -3.7611158e-01   1.2221864e+00  -1.1024103e+00
  -4.1287390e-01   1.1506318e+00  -1.0945660e+00
  -3.9883959e-01   1.0973866e+00  -1.0903668e+00
  -1.9913312e-01   9.0338816e-01  -1.1562860e+00
  -3.6717289e-01   1.1414113e+00  -1.1072502e+00
  -3.6721983e-01   1.0998681e+00  -1.1039330e+00
  -3.7386142e-01   1.1083003e+00  -1.1134585e+00
  -3.9691786e-01   1.0712870e+00  -1.1260501e+00
  -3.9503731e-01   1.0456484e+00  -1.1253968e+00
  -4.0870192e-01   1.0599766e+00  -1.1257901e+00
  -3.8469546e-01   1.0786547e+00  -1.1241254e+00
  -4.1115837e-01   1.0453941e+00  -1.1262628e+00
  -2.4362286e-01   9.2044405e-01  -1.1699084e+00
  -2.8360567e-01   1.0837178e+00  -1.1043815e+00
  -3.9174327e-01   1.1438833e+00  -1.1023483e+00
  -2.1054943e-01   9.4954209e-01  -1.1594501e+00
  -3.6780061e-01   1.1523528e+00  -1.0978148e+00
  -3.8080522e-01   1.1356044e+00  -1.1172309e+00
  -3.9060186e-01   1.1618830e+00  -1.1118023e+00
  -3.3894722e-01   1.2415319e+00  -1.1138801e+00
  -2.1343179e-01   9.9080263e-01  -1.1506289e+00
  -3.7051599e-01   1.2073590e+00  -1.1089206e+00
  -4.2525551e-01   1.2654487e+00  -1.1185549e+00
  -3.5953956e-01   1.2304434e+00  -1.1055747e+00
  -3.6045037e-01   1.2452323e+00  -1.1061653e+00
  -1.8106981e-01   1.1503930e+00  -1.1375896e+00
  -3.4499666e-01   1.3249454e+00  -1.0867710e+00
  -3.6483320e-01   1.2596434e+00  -1.1027704e+00
  -3.9145402e-01   1.2034595e+00  -1.1367421e+00
  -3.7884030e-01   1.2038709e+00  -1.0939691e+00
  -3.7058850e-01   1.1820213e+00  -1.1383492e+00
  -3.7499691e-01   1.1573373e+00  -1.1237397e+00
  -4.4363760e-01   1.2533647e+00  -1.1209990e+00
  -2.0956716e-01   9.1667546e-01  -1.1574750e+00
  -3.7902630e-01   1.1807625e+00  -1.1245537e+00
  -3.8522259e-01   1.1576333e+00  -1.0983694e+00
  -3.6456712e-01   1.2063451e+00  -1.1051470e+00
  -3.9191854e-01   1.1797882e+00  -1.1155067e+00
  -4.8568524e-01   1.0137590e+00  -1.0641793e+00
  -4.1052708e-01   1.2681835e+00  -1.0766952e+00
  -2.1783138e-01   1.1042374e+00  -1.1377397e+00
  -3.8250699e-01   1.2058256e+00  -1.1048771e+00
  -3.8951511e-01   1.2579378e+00  -1.1148711e+00
  -3.8716361e-01   1.2957952e+00  -1.0859132e+00
  -5.0431405e-01   1.3487493e+00  -1.1131212e+00
  -2.1943319e-01   1.1618427e+00  -1.1174982e+00
  -5.1837969e-03   2.4768415e+00  -9.8153786e-01
  -4.0839594e-01   1.2591561e+00  -1.0676213e+00
  -3.8801228e-01   1.1961606e+00  -1.0850430e+00
  -3.7821565e-01   1.2226849e+00  -1.0763320e+00
  -2.6492530e-01   1.1183327e+00  -1.0488664e+00
  -1.8025903e-01   2.2724992e+00  -9.1555362e-01
  -3.9450972e-01   1.3509746e+00  -1.0662934e+00
  -2.9251621e-01   1.5919926e+00  -1.0531709e+00
  -3.3791827e-01   1.0539438e+00  -1.1389798e+00
