   8.2179395e-02   5.1001886e-01  -1.3329832e+00
  -2.0439799e-01   8.3873793e-01  -1.2719661e+00
  -1.8561487e-01   8.7263038e-01  -1.2765047e+00
  -1.5655266e-01   9.8578406e-01  -1.3009111e+00
   1.4962695e-02   8.9483881e-01  -1.3747275e+00
  -1.1267571e-01   8.4873921e-01  -1.3270812e+00
  -8.9542783e-02   8.0974594e-01  -1.3320475e+00
   1.4005481e-01   6.9749146e-01  -1.3326972e+00
  -2.0066657e-01   1.0641648e+00  -1.3643501e+00
   1.2720261e-01   6.3627805e-01  -1.4051734e+00
  -7.8156468e-02   8.4004302e-01  -1.3666757e+00
  -1.2396908e-01   9.2417687e-01  -1.3567195e+00
  -1.1530068e-01   9.6690543e-01  -1.3353236e+00
  -7.2801938e-02   9.1504731e-01  -1.3312713e+00
   4.2755835e-02   6.7074830e-01  -1.3603558e+00
  -1.5908926e-01   9.2727379e-01  -1.3207857e+00
   3.3651739e-02   1.0617405e+00  -1.3354614e+00
  -1.5551417e-01   8.8661407e-01  -1.3337371e+00
  -1.3916875e-01   9.3553971e-01  -1.3780487e+00
  -1.3903819e-01   1.0763570e+00  -1.3596516e+00
  -1.3167274e-01   9.4223729e-01  -1.3349402e+00
   4.6026871e-01   1.2802319e+00  -1.3332702e+00
   7.5114508e-02   7.0199311e-01  -1.3750646e+00
  -1.6073416e-01   7.8292632e-01  -1.3174893e+00
  -1.5000091e-01   8.1391877e-01  -1.3364111e+00
  -5.9589785e-02   9.1372121e-01  -1.3278641e+00
  -1.6387070e-01   8.4008755e-01  -1.3252868e+00
  -1.1224928e-01   8.3945991e-01  -1.3501430e+00
   1.2889781e-01   6.7360375e-01  -1.3903736e+00
  -1.8834093e-01   8.6727783e-01  -1.3402822e+00
  -1.3505238e-01   9.2817463e-01  -1.3532982e+00
  -1.4165032e-01   9.0353233e-01  -1.3503092e+00
  -1.4991853e-01   9.0405635e-01  -1.3457714e+00
  -1.4977359e-01   9.8065586e-01  -1.3425408e+00
  -1.4314546e-01   9.4917190e-01  -1.3516640e+00
  -1.4044134e-01   9.7201538e-01  -1.3568474e+00
  -9.4735537e-02   9.1506078e-01  -1.3704546e+00
  -2.2834587e-02   8.1932250e-01  -1.4337798e+00
  -1.7647670e-01   1.0450448e+00  -1.3699032e+00
  -1.0309606e-01   9.0400849e-01  -1.3662480e+00
  -1.2032996e-01   9.5663965e-01  -1.3725357e+00
   2.7979070e-02   7.2791447e-01  -1.3779797e+00
  -1.3480852e-01   8.4176941e-01  -1.3480068e+00
  -1.0174537e-01   8.8961935e-01  -1.3496474e+00
   5.5405511e-02   6.9792337e-01  -1.3789461e+00
  -8.0199514e-02   8.2271571e-01  -1.3954876e+00
  -1.8727913e-01   8.8000528e-01  -1.3432395e+00
  -1.5190610e-01   8.3463578e-01  -1.3462445e+00
  -1.2775699e-01   8.3191200e-01  -1.3436182e+00
  -1.2524787e-01   8.9452182e-01  -1.3585189e+00
  -1.2972912e-01   8.9292584e-01  -1.3539868e+00
  -1.2521396e-01   8.8930696e-01  -1.3538496e+00
   1.0737783e-02   7.0006014e-01  -1.3779901e+00
  -1.6052539e-01   7.8348950e-01  -1.3523834e+00
  -1.3681533e-01   8.2656131e-01  -1.3577058e+00
  -1.8379267e-01   8.9830174e-01  -1.3480013e+00
  -1.4668516e-01   8.6904933e-01  -1.3545683e+00
  -1.2831409e-01   8.7986614e-01  -1.3606144e+00
  -2.6716480e-01   8.6150505e-01  -1.3375119e+00
  -1.7563955e-01   8.3567080e-01  -1.3217134e+00
   2.6365853e-01   6.5754076e-01  -1.3943008e+00
  -2.9795951e-02   8.8579258e-01  -1.3436956e+00
  -1.5750694e-01   8.4199339e-01  -1.3370827e+00
   2.5105993e-01   9.3278537e-01  -1.3428298e+00
  -1.4720347e-01   8.7461553e-01  -1.3494466e+00
  -1.7325048e-01   8.4161455e-01  -1.3360087e+00
  -1.7510158e-01   9.7658904e-01  -1.3442317e+00
  -2.5805336e-01   1.1786947e+00  -1.3424326e+00
   2.8974035e-02   6.2164732e-01  -1.3632702e+00
  -1.4072496e-01   7.3577307e-01  -1.3496196e+00
  -1.4680599e-01   7.9430305e-01  -1.3302507e+00
  -2.0944464e-01   7.5991870e-01  -1.3210536e+00
  -1.6501344e-01   7.7942709e-01  -1.3323356e+00
  -1.7711958e-01   8.3208373e-01  -1.3405782e+00
  -2.0110887e-01   8.2064615e-01  -1.3253002e+00
   6.3866214e-02   5.6577616e-01  -1.3810023e+00
  -4.4304077e-02   8.0495929e-01  -1.3479441e+00
  -3.0453580e-02   6.5246812e-01  -1.3722543e+00
  -1.4821024e-01   8.4916971e-01  -1.3665849e+00
  -9.7210054e-02   5.1489714e-01  -1.4104997e+00
  -7.1267819e-02   1.0095649e+00  -1.3563191e+00
  -1.0557609e-01   8.0395600e-01  -1.3619914e+00
   1.3336657e-01   5.4667411e-01  -1.3891763e+00
   1.1304572e+00   3.1215700e+00  -1.2271282e+00
  -2.2412410e-01   9.7308954e-01  -1.3110920e+00
  -1.9370243e-01   1.0105870e+00  -1.3513440e+00
  -2.0749790e-01   9.2637440e-01  -1.3437303e+00
  -1.6100709e-01   8.7164956e-01  -1.3305298e+00
  -1.9343711e-01   9.1999693e-01  -1.3353763e+00
   2.4262010e-02   6.4485167e-01  -1.3778722e+00
  -1.4932005e-01   9.0054874e-01  -1.3476205e+00
  -2.5902499e-01   9.0289827e-01  -1.3470059e+00
  -2.2356462e-01   8.9727379e-01  -1.3223816e+00
  -2.0200399e-01   8.9081451e-01  -1.3213541e+00
  -2.1838266e-01   9.4597542e-01  -1.3230557e+00
  -1.6218706e-01   9.2064385e-01  -1.3380343e+00
  -1.5825696e-01   9.3146233e-01  -1.3648411e+00
   3.4083634e-02   6.9704773e-01  -1.3855339e+00
  -1.9191788e-01   8.7582266e-01  -1.3351268e+00
  -1.6766413e-01   8.6493533e-01  -1.3729034e+00
  -1.8503394e-01   8.6757198e-01  -1.3603411e+00
  -2.2102104e-01   8.6604905e-01  -1.3344822e+00
  -2.3978102e-01   9.2512642e-01  -1.3271679e+00
  -2.3093074e-01   1.0343010e+00  -1.3201052e+00
  -4.1359652e-02   1.0800214e+00  -1.3611410e+00
   3.2626190e-02   8.5217309e-01  -1.4508844e+00
  -2.9064015e-01   9.3650721e-01  -1.3384711e+00
   2.5788988e-03   6.0718942e-01  -1.3773176e+00
  -1.2676682e-01   9.6133209e-01  -1.3566330e+00
  -1.7591251e-01   9.2599730e-01  -1.3507216e+00
  -2.4592738e-01   9.0819407e-01  -1.3614918e+00
  -6.5003425e-01   9.0516555e-01  -1.3373981e+00
  -6.6996540e-02   7.4356157e-01  -1.3456697e+00
  -1.9803252e-01   8.6227344e-01  -1.3396390e+00
   2.3936522e-02   8.2366362e-01  -1.3854838e+00
  -1.4014139e-01   1.0150608e+00  -1.3286322e+00
   3.3920801e-03   6.9419307e-01  -1.3699563e+00
  -1.5461372e-01   8.5206641e-01  -1.3874194e+00
  -1.8877020e-01   9.0433426e-01  -1.3341666e+00
  -1.5587781e-01   9.0511386e-01  -1.3403287e+00
  -1.6976797e-01   8.9086122e-01  -1.3429640e+00
  -1.9127735e-01   9.4128821e-01  -1.3433927e+00
   4.3080670e-03   6.3886329e-01  -1.3795782e+00
  -1.9978252e-01   8.2815152e-01  -1.3344673e+00
  -1.7481710e-01   8.7332781e-01  -1.3483481e+00
  -1.7920722e-01   8.5142520e-01  -1.3312239e+00
  -1.7678464e-01   8.3753639e-01  -1.3529900e+00
   8.7345456e-02   2.3326452e+00  -1.3230899e+00
  -1.6909359e-01   8.8032288e-01  -1.3367756e+00
  -2.0015414e-01   7.7732003e-01  -1.3359208e+00
   5.9890714e-01   7.3430682e-01  -1.4025432e+00
  -2.2138162e-01   7.4555665e-01  -1.3129374e+00
  -2.1365896e-01   7.6348636e-01  -1.3183918e+00
  -2.2705155e-01   8.7161147e-01  -1.3209026e+00
  -1.9444382e-01   9.2190846e-01  -1.3186680e+00
  -1.5923215e-01   9.9425301e-01  -1.3439128e+00
  -2.0194665e-01   9.0766388e-01  -1.3221029e+00
  -1.9904468e-01   9.3272040e-01  -1.3349871e+00
  -1.4561161e-01   9.6977237e-01  -1.3611181e+00
  -2.6881343e-01   1.0840275e+00  -1.3261713e+00
  -8.1170449e-02   9.2714522e-01  -1.3707586e+00
  -1.5288603e-01   8.2947691e-01  -1.3723618e+00
  -1.5691910e-01   8.6043255e-01  -1.3589296e+00
  -4.8786271e-02   7.8125695e-01  -1.3285825e+00
   1.5158359e-01   9.1978742e-01  -1.3784325e+00
  -3.7861878e-01   1.4198532e+00  -1.3556752e+00
  -2.0734110e-01   1.2860658e+00  -1.3091347e+00
  -1.7616682e-01   8.4335842e-01  -1.3325298e+00
   1.6885635e-01   9.1464520e-01  -1.3655967e+00
  -7.7892145e-02   1.4295859e+00  -1.3361770e+00
  -1.7576786e-01   8.7310429e-01  -1.3305224e+00
  -6.8665037e-02   1.0621171e+00  -1.3236967e+00
   1.4259471e-01   8.3408773e-01  -1.3257065e+00
  -1.0204263e-01   8.9645793e-01  -1.3481055e+00
