  -3.3249059e-01   4.1205288e-01  -1.0079558e+00
  -3.2564465e-01   4.8175027e-01  -1.0036769e+00
  -3.4342176e-01   4.0383543e-01  -1.0510561e+00
  -3.5052859e-01   3.4637893e-01  -1.0400706e+00
  -4.9258565e-01   5.7622412e-01  -1.1252250e+00
  -3.5323205e-01   3.9545622e-01  -1.1067802e+00
  -4.4581634e-01   6.7394051e-01  -1.0746271e+00
  -3.5966058e-01   4.7378898e-01  -1.0792520e+00
  -2.2587993e-01   2.4869704e-01  -1.1188912e+00
  -3.2256056e-01   3.8045738e-01  -1.0896972e+00
  -3.1713768e-01   3.9425089e-01  -1.1062356e+00
  -1.2819137e-01   2.7041861e-01  -1.0951836e+00
  -3.5549609e-01   4.5633443e-01  -1.1026647e+00
  -5.2269616e-01   4.2086199e-01  -1.1207160e+00
  -1.8152275e-01   3.5768362e-01  -1.1188013e+00
  -3.4453503e-01   4.6126005e-01  -1.0829069e+00
  -3.3643206e-01   4.7721395e-01  -1.0870897e+00
  -3.4348474e-01   4.3159179e-01  -1.1010964e+00
  -3.5909090e-01   4.4184597e-01  -1.0799193e+00
  -3.3435145e-01   4.3225223e-01  -1.1086291e+00
  -3.4946347e-01   4.3791169e-01  -1.1071901e+00
   2.5394285e-01   2.4361293e+00  -9.4242271e-01
  -3.6490070e-01   7.1965605e-01  -9.4841682e-01
  -3.5608005e-01   4.9015212e-01  -1.0817537e+00
  -3.4795567e-01   4.1781568e-01  -1.0878839e+00
  -1.6201872e-01   3.0463554e-01  -1.1173216e+00
  -3.3449188e-01   4.5672917e-01  -1.0808042e+00
  -3.6244604e-01   4.7934700e-01  -1.0988235e+00
  -3.4954409e-01   4.9314346e-01  -1.0836802e+00
  -3.2599116e-01   5.0854028e-01  -1.0833250e+00
  -2.9437525e-01   7.3374451e-01  -1.0872006e+00
  -3.3311825e-01   5.5242040e-01  -1.0771867e+00
  -3.9447253e-01   5.1539719e-01  -1.0842962e+00
  -3.2263927e-01   4.6562853e-01  -1.1471473e+00
  -3.8025768e-01   4.7830443e-01  -1.1165003e+00
  -2.7492395e-01   4.1766683e-01  -1.1430798e+00
  -3.6486623e-01   4.7121037e-01  -1.1061247e+00
  -3.9801580e-01   5.4576792e-01  -1.1162011e+00
  -2.4170364e-01   3.4518764e-01  -1.1399626e+00
  -3.4723140e-01   4.3513454e-01  -1.0965583e+00
  -2.2075044e-01   3.4904837e-01  -1.1381077e+00
  -3.6648639e-01   3.6323639e-01  -1.0886005e+00
  -3.6507891e-01   4.1083451e-01  -1.0841715e+00
  -3.5600834e-01   4.4302616e-01  -1.1061471e+00
  -4.2191513e-01   4.9427618e-01  -1.1040197e+00
  -1.5589919e-01   2.7556784e-01  -1.1400479e+00
  -3.5937869e-01   4.5818510e-01  -1.0747284e+00
  -3.5312662e-01   4.4658790e-01  -1.0941069e+00
  -1.5582740e-01   7.8828489e-01  -1.0948408e+00
  -2.6958283e-01   7.9376839e-01  -9.9687166e-01
  -3.4626099e-01   5.1996675e-01  -1.0840993e+00
  -2.9604104e-01   5.4366643e-01  -1.0768502e+00
   2.6657061e-01   1.7692474e+00  -9.2176215e-01
  -1.6226508e-01   8.0843925e-01  -8.4462074e-01
  -8.3404894e-02   1.8653491e+00  -8.5951159e-01
   1.4943482e-01   3.9645035e+00  -4.4277151e-01
  -1.2016266e-01   1.0229246e+00  -8.9831795e-01
   2.0173028e-01   1.6078752e+00  -9.5967593e-01
   3.3205782e-01   3.2259476e+00  -5.4851254e-01
  -2.7680727e-01   2.2478611e+00  -7.5357647e-01
  -9.5409327e-02   9.2635857e-01  -1.0143573e+00
  -7.8738664e-02   8.6894765e-01  -1.0515642e+00
  -1.0601706e-01   7.6634894e-01  -1.0305830e+00
  -1.2942771e-01   7.1406235e-01  -1.0659283e+00
  -1.1596318e-01   8.1169843e-01  -1.0558317e+00
  -6.1888502e-01   1.2452591e+00  -1.0220007e+00
   8.4577046e-01   3.0074825e+00  -5.8825672e-01
  -1.9171040e-01   1.1903788e+00  -8.9860625e-01
  -6.6101552e-01   2.6713694e+00  -8.0195922e-01
  -1.7108804e-01   7.9457833e-01  -8.9261705e-01
  -2.1296608e-01   6.8757706e-01  -1.0022469e+00
  -2.6493049e-01   5.4731160e-01  -1.0293901e+00
  -2.9365686e-01   5.6999363e-01  -1.0610794e+00
   7.0030918e-01   1.4774805e+00  -9.9773399e-01
   2.4292895e-01   1.8082940e+00  -8.9353885e-01
  -2.5763447e-01   9.7862162e-01  -1.0483251e+00
  -2.3107193e-01   1.9967579e+00  -9.3584763e-01
  -1.0544298e-01   1.9908332e+00  -9.0328194e-01
  -1.7119017e-01   3.7486461e-01  -9.9602778e-01
  -2.2298951e-01   6.0317980e-01  -1.0634035e+00
  -1.6752787e-01   5.4691267e-01  -1.0726752e+00
  -2.0245283e-01   5.4431552e-01  -1.0816487e+00
  -4.2439503e-01   4.5797250e-01  -1.0747888e+00
  -2.6829778e-01   5.0530134e-01  -1.0773334e+00
  -2.4720669e-01   5.2788323e-01  -1.0731947e+00
  -2.8896757e-01   5.3766749e-01  -1.0582582e+00
  -4.2086349e-01   4.4609463e-01  -1.0579510e+00
  -2.8563080e-01   5.5733862e-01  -1.0314265e+00
   1.9369499e-01   1.7442345e+00  -9.0428297e-01
  -2.2578979e-02   6.9612214e-01  -9.0716353e-01
  -3.0048644e-01   1.3864173e+00  -8.4866332e-01
  -1.9717226e-01   3.7079921e-01  -1.0097512e+00
  -2.6169495e-01   3.7324286e-01  -1.0506422e+00
  -3.1209574e-01   4.4370618e-01  -1.1151346e+00
  -3.1750917e-01   4.3728390e-01  -1.0819073e+00
  -3.0442002e-01   4.1605442e-01  -1.0788195e+00
  -3.1901757e-01   3.4570135e-01  -1.0752515e+00
  -2.2419569e-01   2.1074894e-01  -9.7918968e-01
  -7.8925430e-02   1.3640840e+00  -8.6374849e-01
  -1.4578809e-01   1.3567996e+00  -9.6624341e-01
  -3.0162904e-01   1.0508739e+00  -9.0301455e-01
  -3.4008818e-02   1.4820555e+00  -9.9482548e-01
  -1.5367732e-01   9.3081610e-01  -9.1538252e-01
  -2.9777967e-01   5.3624847e-01  -1.0444637e+00
  -3.0610298e-01   4.7078024e-01  -1.0623323e+00
  -3.2662638e-01   3.9131465e-01  -1.0815697e+00
  -3.4775378e-01   4.1365759e-01  -1.0655768e+00
   1.5834125e-01   1.6653391e+00  -9.1149791e-01
   1.5650246e-01   1.6463265e+00  -8.2507623e-01
  -1.2387496e-01   8.7389822e-01  -9.6783540e-01
  -2.1658431e-01   9.1884451e-01  -9.2683170e-01
  -2.7159279e-01   8.2685571e-01  -1.0075106e+00
  -3.2861372e-01   1.3502369e+00  -8.5139031e-01
  -2.7188328e-01   1.0846348e+00  -1.0360499e+00
  -3.3086983e-01   5.4688553e-01  -1.0559277e+00
  -3.4724957e-01   4.4319019e-01  -1.0623713e+00
  -3.7526321e-01   4.1096488e-01  -1.0687108e+00
  -3.7108068e-01   3.3839022e-01  -1.0666674e+00
  -3.4578402e-01   3.9375518e-01  -1.0639080e+00
  -3.5375204e-01   2.9080605e-01  -1.0768014e+00
  -3.7048798e-01   2.7120789e-01  -1.0777520e+00
  -3.7450238e-01   2.5118236e-01  -1.0741975e+00
  -3.7090824e-01   3.0756998e-01  -1.0799065e+00
  -3.8902454e-01   3.0709357e-01  -1.0830471e+00
  -2.2482893e-01   7.4905423e-02  -1.1204286e+00
  -3.9279081e-01   3.0158926e-01  -1.0703617e+00
  -3.7926644e-01   2.9042072e-01  -1.0783608e+00
  -3.6580786e-01   2.8694559e-01  -1.0963916e+00
  -3.6657730e-01   2.6643313e-01  -1.0710613e+00
  -3.9207657e-01   2.9037171e-01  -1.0678158e+00
  -2.2905780e-01   1.4028409e-01  -1.1435217e+00
  -4.0235386e-01   2.8911865e-01  -1.0774039e+00
  -4.0991645e-01   3.3191278e-01  -1.0834224e+00
  -4.0779146e-01   2.7473607e-01  -1.1159038e+00
  -3.8771501e-01   2.9900465e-01  -1.0827552e+00
  -3.9117187e-01   2.9274132e-01  -1.1001197e+00
  -2.4268220e-01   1.9512069e-01  -1.1279329e+00
  -4.0732546e-01   2.8537891e-01  -1.0986927e+00
  -2.2297054e-01   1.2415747e-01  -1.1237190e+00
  -4.3672165e-01   2.9129946e-01  -1.0923899e+00
  -4.0621140e-01   3.5457441e-01  -1.1005388e+00
  -3.9943431e-01   3.6919202e-01  -1.0756197e+00
  -4.3289344e-01   3.1775943e-01  -1.0708559e+00
  -4.3484538e-01   2.8272697e-01  -1.0901375e+00
  -3.2124619e-01   2.6145556e-01  -1.1079046e+00
  -5.2779608e-01   2.7011734e-01  -1.0969494e+00
  -4.0867276e-01   2.4445957e-01  -1.1097766e+00
  -2.3863733e-01   5.8476025e-02  -1.1666977e+00
  -4.3301097e-01   2.5278098e-01  -1.0819043e+00
  -5.4056926e-01   2.5630539e-01  -1.0785289e+00
  -5.8560193e-01   2.3901996e-01  -1.1011492e+00
  -5.7379916e-01   2.5518096e-01  -1.0977855e+00
  -4.0908835e-01   2.1345901e-01  -1.0824551e+00
  -2.6525648e-01   6.8334868e-01  -1.0368077e+00
