  -1.2155586e-01   2.9218103e-01  -1.0304581e+00
   3.3289076e-02   1.8063714e-01  -1.1154127e+00
  -1.5689255e-01   3.0142305e-01  -1.0717705e+00
  -1.3768234e-01   3.4246013e-01  -1.0724487e+00
  -1.6331019e-01   3.2235996e-01  -1.1646896e+00
  -5.1331666e-02   2.6466723e-01  -1.1619140e+00
   4.3519923e-02   1.8098353e-01  -1.1432809e+00
   3.0567406e-02   2.6501931e-01  -1.1574784e+00
  -1.2209839e-01   3.8499910e-01  -1.1412822e+00
  -1.3796159e-01   4.5266335e-01  -1.1556709e+00
  -2.8379945e-02   2.0451846e-01  -1.1951678e+00
  -2.7937837e-01   3.9571724e-01  -1.1461323e+00
  -1.5834358e-01   3.0929782e-01  -1.1477244e+00
   4.2161783e-02   1.4171315e-01  -1.1918455e+00
  -1.4751928e-01   3.3959075e-01  -1.1243363e+00
  -1.5069421e-01   3.4490951e-01  -1.1325595e+00
  -1.5971195e-01   3.4973678e-01  -1.1317750e+00
  -1.6687943e-01   3.9044076e-01  -1.1293420e+00
  -1.7071888e-01   4.0868450e-01  -1.1404024e+00
  -1.7675410e-01   3.3482936e-01  -1.1242263e+00
  -1.6888703e-01   3.9589890e-01  -1.1166195e+00
  -1.8326979e-01   3.1676663e-01  -1.1184695e+00
  -1.9785038e-01   3.3209688e-01  -1.1768095e+00
  -2.1113279e-02   1.4758142e-01  -1.1682327e+00
  -1.7459024e-01   2.4158040e-01  -1.1264804e+00
  -1.7212787e-01   3.1733796e-01  -1.1419508e+00
  -1.5070695e-01   3.9390069e-01  -1.1371954e+00
  -1.7437712e-01   2.7675483e-01  -1.1082874e+00
  -1.6186693e-01   3.4200207e-01  -1.1132264e+00
  -1.8135962e-01   3.6812019e-01  -1.1226850e+00
  -6.1356116e-02   1.9382799e-01  -1.1424405e+00
  -2.6930066e-01   3.2190585e-01  -1.1230257e+00
  -2.0331806e-01   3.6479597e-01  -1.1221105e+00
  -3.0283385e-01   3.4535203e-01  -1.1128392e+00
  -1.6836333e-01   3.8351823e-01  -1.1145028e+00
  -5.2175776e-02   2.5258558e-01  -1.1659757e+00
  -1.4628691e-01   3.2172914e-01  -1.1172545e+00
  -1.7401631e-01   3.4122952e-01  -1.1265892e+00
  -1.6444540e-01   4.4193670e-01  -1.1217749e+00
  -1.6556201e-01   4.1387528e-01  -1.1116958e+00
  -1.8853806e-01   3.6641237e-01  -1.1289193e+00
  -1.8287496e-01   3.5046577e-01  -1.1355718e+00
  -3.2860665e-02   2.2991200e-01  -1.1463650e+00
  -1.6947375e-01   3.9974982e-01  -1.1139413e+00
  -1.2685572e-01   3.8884760e-01  -1.1209780e+00
  -1.7920275e-01   3.7900752e-01  -1.1293102e+00
   1.5145492e-01   3.2849373e-01  -1.1337745e+00
  -1.9458512e-01   4.2944993e-01  -1.1177938e+00
  -1.8075462e-01   3.9537060e-01  -1.1231912e+00
  -5.7927151e-02   2.6814774e-01  -1.1495407e+00
  -1.5846515e-01   5.0665594e-01  -1.1194227e+00
  -1.1010326e-01   6.7189559e-01  -1.1014482e+00
  -1.7938354e-01   3.7741723e-01  -1.1099474e+00
  -1.7593805e-01   4.2676255e-01  -1.1173628e+00
  -1.6582289e-01   6.1136008e-01  -1.1262147e+00
  -1.8735127e-01   3.9171385e-01  -1.1595165e+00
  -1.0718565e-01   3.4998516e-01  -1.1621584e+00
  -5.9791941e-02   2.2275936e-01  -1.1650447e+00
  -1.9000284e-01   4.6307888e-01  -1.1354406e+00
  -1.8473840e-01   3.5839072e-01  -1.1236701e+00
  -2.9849741e-01   4.5622221e-01  -1.1233790e+00
  -2.2632590e-01   2.8943664e-01  -1.1331225e+00
  -2.6289150e-01   4.0482669e-01  -1.1721914e+00
   2.2202274e-01   1.7846092e+00  -1.0994868e+00
  -1.9555547e-01   7.0729512e-01  -1.1050350e+00
  -1.6821240e-01   4.2105147e-01  -1.1216606e+00
  -1.9082056e-01   4.3448805e-01  -1.1217775e+00
  -1.3784839e-01   3.6725677e-01  -1.1643274e+00
  -3.3606106e-02   1.3298754e+00  -1.0750977e+00
  -1.7646560e-01   3.5495377e-01  -1.1239151e+00
  -1.9813943e-01   4.7241010e-01  -1.1333021e+00
  -1.3656074e-01   1.0449436e+00  -1.1089311e+00
  -1.7317287e-01   4.9457607e-01  -1.0988042e+00
  -1.7654989e-01   3.9395247e-01  -1.0892169e+00
   5.8292661e-02   1.6095819e-01  -1.1770995e+00
  -1.7124400e-01   3.1205930e-01  -1.1259382e+00
  -1.7453911e-01   3.1388581e-01  -1.1232772e+00
  -1.5594228e-01   3.5595820e-01  -1.1245484e+00
  -1.6528573e-01   3.5096244e-01  -1.1361833e+00
  -1.4996427e-01   3.7538220e-01  -1.1298214e+00
  -1.6206180e-01   2.9824398e-01  -1.1101975e+00
  -1.6762878e-01   2.9700900e-01  -1.1246487e+00
  -5.2056193e-02   2.1921862e-01  -1.1833121e+00
  -2.2460602e-01   3.4754747e-01  -1.1057420e+00
  -2.5396241e-01   3.9223190e-01  -1.1339898e+00
  -1.7771154e-01   3.9550630e-01  -1.1157316e+00
  -2.1475089e-01   3.6381048e-01  -1.1092606e+00
  -2.3500215e-01   3.4406424e-01  -1.1223039e+00
  -1.9127100e-01   4.2567439e-01  -1.1226979e+00
  -1.7116828e-01   4.4269326e-01  -1.1105402e+00
  -1.7453748e-01   4.4595942e-01  -1.1048170e+00
  -1.8949724e-01   4.5048314e-01  -1.1145087e+00
  -6.8188822e-02  -1.8395907e-01  -1.1672571e+00
  -7.6192484e-02  -1.1042849e+00  -1.0309895e+00
  -1.8267848e-01   4.3952465e-01  -1.1455028e+00
  -1.8397503e-01   3.4193485e-01  -1.1427544e+00
  -1.9047211e-01   4.0468201e-01  -1.1203061e+00
  -2.0689969e-01   4.7522451e-01  -1.1190561e+00
  -1.8314059e-01   5.0083635e-01  -1.1388516e+00
  -9.3583674e-02   2.6749166e-01  -1.1636576e+00
  -2.5749146e-01   4.5052558e-01  -1.1282985e+00
  -2.1487955e-01   3.8997029e-01  -1.1149732e+00
  -2.0814422e-01   4.4440489e-01  -1.1346653e+00
  -1.9091255e-01   4.1123260e-01  -1.1495579e+00
  -2.1108769e-01   3.9559852e-01  -1.1288919e+00
  -6.7967122e-02   2.2280881e-01  -1.1526529e+00
  -2.3557392e-01   3.6188440e-01  -1.1199349e+00
  -2.2829928e-01   3.8444557e-01  -1.1128277e+00
  -4.9594080e-02   1.9597630e-01  -1.1713294e+00
  -2.4967101e-01   3.8415290e-01  -1.0922438e+00
   4.3410450e-01   7.5889558e-01  -1.0957894e+00
  -1.0211013e-01   1.1164437e+00  -1.0751402e+00
  -1.3656656e-01   9.6483330e-01  -1.0055076e+00
  -1.6115029e-01   4.8642940e-01  -1.0951992e+00
  -1.6305825e-01   4.1762230e-01  -1.0888755e+00
  -2.1170440e-01   4.5605958e-01  -1.0843191e+00
   9.0670726e-02   1.2970912e+00  -1.0536478e+00
   5.6609098e-01   1.2880720e+00  -9.3856892e-01
   7.9220397e-02   7.8494777e-01  -1.0712183e+00
  -1.5867868e-01   5.7288267e-01  -1.0190608e+00
  -1.7086808e-01   4.5853868e-01  -1.1001294e+00
  -1.6825847e-01   4.3538231e-01  -1.0881527e+00
   4.1328820e-01   2.1942471e+00  -8.9600955e-01
  -2.5649083e-01   1.1055493e+00  -8.6375529e-01
  -4.3667854e-01   1.2569594e+00  -8.6190500e-01
   3.3902820e-02   2.3781293e-01  -9.7980034e-01
  -8.9844802e-02   3.5601503e-01  -1.0526148e+00
  -5.1578442e-01   2.0486792e+00  -8.3616893e-01
   1.1745637e-01   9.6749768e-01  -8.6662863e-01
  -2.3439081e+00   3.2944872e+00  -5.6705864e-01
  -1.2760235e-01   5.8646094e-01  -1.0005938e+00
  -1.1156958e-01   5.0227767e-01  -1.0814702e+00
  -1.0815253e-01   4.5841855e-01  -1.0906320e+00
  -1.2014181e-01   4.4632043e-01  -1.0852434e+00
  -1.0360722e-01   4.1817000e-01  -1.0783648e+00
  -1.0605889e-01   4.3598012e-01  -1.0791565e+00
  -3.9119039e-02   3.4443701e-01  -1.1136188e+00
  -1.2819283e-01   3.5220524e-01  -1.1000942e+00
  -2.7903005e-01   2.5331930e-01  -1.1075573e+00
   3.5601542e-01   1.1572710e+00  -9.5224616e-01
  -3.2370706e-02   9.0977895e-01  -9.7553729e-01
  -1.0072247e-01   1.5951784e+00  -9.0681824e-01
   1.4241662e-01   9.7044503e-02  -1.0333573e+00
  -4.7123789e-02   6.1289670e-01  -1.0347251e+00
  -4.9983964e-02   8.1514954e-01  -1.0759347e+00
  -5.1826484e-02   7.3193988e-01  -1.1129441e+00
  -4.3499247e-02   6.5463015e-01  -1.0996661e+00
  -5.3382122e-02   6.2001643e-01  -1.1150126e+00
   3.1726730e-01   1.6922741e+00  -1.0252563e+00
   2.1360371e-02   1.3665171e+00  -9.7273704e-01
   3.2313132e-01   3.3988385e+00  -7.9385675e-01
  -8.6446971e-02   1.2498498e+00  -1.0262104e+00
   3.4419030e-01   1.5078666e+00  -1.1032905e+00
  -1.2838569e-01   5.3183522e-01  -1.0965241e+00
