  -1.4268053e-01  -1.1768882e-01  -1.0245476e+00
  -9.7008569e-02  -8.8811593e-02  -1.0531365e+00
  -1.5088087e-01  -1.7612850e-01  -1.0346697e+00
  -1.3013707e-01  -1.7599659e-01  -1.0219458e+00
  -1.9197519e-01  -1.2112345e-01  -1.1212212e+00
  -5.6658205e-02  -2.8824353e-01  -1.1650752e+00
  -1.8112664e-01  -3.0964612e-01  -1.1578596e+00
  -1.7269660e-01  -1.3584861e-01  -1.1378237e+00
  -5.4214717e-02  -2.7122975e-01  -1.1825507e+00
  -1.7516055e-01  -1.8178010e-01  -1.1380565e+00
  -1.8083725e-01  -1.8869307e-01  -1.1142152e+00
  -1.7284679e-01  -1.7649950e-01  -1.1392776e+00
  -1.5627008e-03  -2.7722928e-01  -1.1642022e+00
  -1.0163096e-01  -1.9069186e-01  -1.1417054e+00
  -1.6181563e-01  -1.3877653e-01  -1.1297479e+00
  -1.5189832e-01  -1.1101103e-01  -1.1432984e+00
  -1.8917168e-01  -8.9537040e-02  -1.1337807e+00
  -1.9258365e-01  -7.2609555e-02  -1.1332430e+00
  -2.0091734e-01  -9.7775263e-02  -1.1673917e+00
  -9.0669016e-02  -1.9555923e-01  -1.1749260e+00
  -2.0346340e-01  -6.5978842e-02  -1.1248198e+00
  -1.9610537e-01  -1.3298340e-01  -1.1215968e+00
  -2.1466779e-01  -1.3987000e-01  -1.1329987e+00
  -2.1608914e-01  -1.2838422e-01  -1.1379103e+00
  -2.0481529e-01  -6.2192130e-02  -1.1798355e+00
  -8.1524226e-02  -2.0085246e-01  -1.1993070e+00
  -2.0684736e-01  -7.5893668e-02  -1.1530466e+00
  -2.2461041e-01  -8.6083773e-02  -1.1578992e+00
  -2.2332313e-01  -9.6702484e-02  -1.1815193e+00
  -2.4036969e-01  -8.8502704e-02  -1.1538339e+00
  -2.2104183e-01  -4.0922808e-02  -1.1547446e+00
  -8.7342112e-02  -2.9891328e-01  -1.1810196e+00
  -2.3023070e-01  -1.4681021e-01  -1.1290567e+00
  -1.4645221e-01  -3.9790598e-02  -1.1233159e+00
  -2.3759079e-01  -3.5936978e-02  -1.1140057e+00
  -2.2347258e-01  -6.9427918e-02  -1.1383108e+00
  -1.5937857e-01  -1.4383434e-01  -1.1756309e+00
  -2.6211389e-01  -6.3773227e-02  -1.1751561e+00
  -2.6744802e-01  -6.0576700e-02  -1.1384092e+00
  -1.0778837e-01  -1.9712823e-01  -1.1632557e+00
  -2.4494085e-01  -4.8358221e-02  -1.1375506e+00
  -2.0522113e-01  -3.8965339e-02  -1.1520361e+00
  -2.0731669e-01  -8.0184325e-02  -1.1335261e+00
  -2.1349606e-01  -6.3176257e-02  -1.1385564e+00
  -1.8554175e-01  -4.1410175e-02  -1.1915753e+00
  -1.7879974e-01  -2.2095163e-02  -1.1351838e+00
  -9.1802925e-02  -9.7731616e-02  -1.1737931e+00
  -2.1390615e-01  -1.1476974e-01  -1.1461628e+00
  -2.0961497e-01  -5.9290653e-02  -1.1547655e+00
  -2.0630215e-01  -5.8128136e-02  -1.1368960e+00
  -9.3313311e-02  -1.2331573e-01  -1.2034785e+00
  -2.3448880e-01  -1.9245375e-02  -1.1507804e+00
  -2.2446474e-01  -8.6165145e-02  -1.1575483e+00
  -2.1006683e-01  -4.6558992e-02  -1.1336713e+00
  -2.0570790e-01  -2.9358808e-02  -1.1363730e+00
  -5.3223267e-02  -2.1914734e-01  -1.1548935e+00
  -2.0916947e-01  -3.4482960e-02  -1.1184128e+00
  -1.9464445e-01  -6.9931388e-02  -1.1537586e+00
  -1.5316790e-01  -1.9813897e-02  -1.1476059e+00
  -2.0255181e-01  -1.7891778e-02  -1.1400325e+00
  -1.9581081e-01   6.9484536e-05  -1.1641285e+00
  -2.3799364e-01  -9.9563975e-03  -1.1614252e+00
  -2.0404930e-01  -3.2078197e-02  -1.1556575e+00
  -6.2418353e-02  -1.4494933e-01  -1.1755449e+00
  -2.2788052e-01  -3.2301457e-02  -1.1476491e+00
  -2.2815347e-01  -5.0317253e-02  -1.1944341e+00
  -1.7467933e-01   5.7658266e-02  -1.1374729e+00
  -2.0836194e-01  -3.7704118e-03  -1.1348321e+00
  -1.9843349e-01  -7.5056557e-02  -1.1699454e+00
  -1.3251888e-01  -9.0853011e-02  -1.1791442e+00
  -2.4101731e-01  -1.7816932e-01  -1.1780246e+00
  -2.0804230e-01  -1.8962028e-02  -1.1690282e+00
  -2.8079077e-01   1.4207958e-01  -1.1596310e+00
  -2.0722106e-01   1.6649605e-02  -1.1692551e+00
  -9.8133560e-02  -1.2746010e-01  -1.2125174e+00
  -2.0341492e-01  -2.9824969e-02  -1.1509628e+00
  -5.3928443e-02  -2.2680899e-01  -1.1798024e+00
  -2.1890193e-01  -3.8848629e-02  -1.1460039e+00
  -2.2645538e-01  -3.8336531e-02  -1.1339599e+00
  -2.5759266e-01   3.1528703e-03  -1.1401559e+00
  -1.8367699e-01  -1.5718115e-02  -1.1285942e+00
  -2.0090783e-01   7.7738101e-02  -1.1183420e+00
  -2.0395635e-01   1.4783795e-02  -1.1299260e+00
  -3.8045233e-01   2.0216097e-02  -1.1426982e+00
  -2.3899782e-01   1.2297857e-02  -1.1150690e+00
  -2.2545779e-01  -3.9001706e-03  -1.1521517e+00
  -2.3444924e-01   2.1872665e-02  -1.1291021e+00
  -9.5516781e-02  -1.4291541e-01  -1.1584846e+00
  -2.5763749e-01  -3.6465051e-02  -1.1430555e+00
  -2.7211978e-01  -1.1491886e-02  -1.1461245e+00
  -2.4102721e-01  -2.1621442e-02  -1.1549767e+00
  -2.5049904e-01  -6.3319374e-03  -1.1334060e+00
  -3.1070839e-01   7.2664618e-02  -1.1545586e+00
  -2.3045852e-01  -3.5328848e-02  -1.1563048e+00
  -2.6965754e-01  -2.8153526e-02  -1.1569994e+00
  -1.5845238e-01  -1.4668773e-01  -1.2104588e+00
  -2.4205859e-01  -4.3438971e-02  -1.1733375e+00
  -2.4981803e-01  -4.9633963e-02  -1.1903040e+00
  -2.1232355e-01  -1.2748903e-01  -1.1966150e+00
  -1.2825477e-01  -1.5250600e-01  -1.1934717e+00
  -2.2091452e-01  -1.4474195e-01  -1.1668179e+00
  -2.1491643e-01  -1.0383979e-01  -1.1683267e+00
  -2.1000786e-01  -6.2130744e-02  -1.1671895e+00
  -2.2880839e-01   5.4982859e-02  -1.1296536e+00
  -1.0704340e-01  -3.7954607e-02  -1.1943494e+00
  -2.1743174e-01   2.0321678e-02  -1.1726302e+00
  -8.2585108e-02  -1.3841970e-01  -1.1993838e+00
  -2.2526307e-01  -6.6190268e-02  -1.1678414e+00
  -2.3522094e-01  -3.0346435e-02  -1.1850686e+00
  -2.2427679e-01  -6.2083656e-02  -1.1688225e+00
  -9.5780167e-02  -1.0762505e-01  -1.2061899e+00
  -2.0272124e-01   3.3044218e-02  -1.1502078e+00
  -7.5849740e-02  -1.0912304e-01  -1.2024186e+00
  -2.2128299e-01   1.4548784e-02  -1.1630880e+00
  -2.1950580e-01   5.8386196e-02  -1.1443280e+00
  -2.6674438e-01   1.1645097e-01  -1.1507185e+00
  -2.2611080e-01   7.8316023e-02  -1.1547497e+00
  -7.8397362e-02   1.6137321e-01  -1.1825755e+00
  -1.7629951e-01   2.3580578e-02  -1.1304165e+00
  -1.8964381e-01   1.1529152e-02  -1.1799377e+00
  -5.8389619e-02  -4.8760985e-02  -1.1906649e+00
  -1.9250643e-01  -4.8388676e-02  -1.1596252e+00
  -2.2674187e-01  -6.3974744e-02  -1.1491948e+00
  -2.4333317e-01  -6.4444487e-02  -1.1746470e+00
  -2.5308229e-01  -2.4754727e-02  -1.1796362e+00
  -2.1297296e-01  -4.8093873e-02  -1.1750233e+00
  -2.0859191e-01  -9.9260402e-03  -1.1852160e+00
  -2.4690496e-01  -2.3374175e-02  -1.1362297e+00
  -1.8806192e-01  -2.1857620e-02  -1.1456940e+00
  -1.1506770e-01  -6.4121339e-02  -1.1665019e+00
  -1.9387745e-01  -3.5494172e-02  -1.1206488e+00
  -6.7045349e-02   7.8835630e-01  -1.0878705e+00
  -1.2784543e-01   4.0413985e-01  -1.1065332e+00
  -2.0318111e-01   8.3801707e-02  -1.1393180e+00
  -1.7661263e-01   9.1149962e-02  -1.1345559e+00
  -7.6505925e-02  -7.5597571e-02  -1.1517799e+00
  -1.6592859e-01  -5.1683192e-03  -1.1174546e+00
  -1.6555072e-01  -1.0015877e-02  -1.1119388e+00
  -1.6415784e-01   4.7692917e-02  -1.1151085e+00
  -4.0441923e-02  -1.3823415e-01  -1.1484688e+00
   3.2722304e-01   1.8192445e+00  -9.2486912e-01
  -1.4841555e-01   2.0579483e-01  -1.0534506e+00
  -1.5305280e-01   1.7943035e-01  -1.1038581e+00
  -1.6637813e-01   1.8758773e-01  -1.1094182e+00
  -4.1183768e-02   3.0344687e-02  -1.1596284e+00
  -1.6399077e-01   7.1304120e-02  -1.1078503e+00
  -1.6184173e-01   4.5288647e-02  -1.1251309e+00
   1.1912101e-01   4.1834249e-01  -1.0944628e+00
  -9.5217190e-02   2.6749091e-01  -1.1134063e+00
  -2.3527376e-02   2.0746546e-01  -1.1110175e+00
  -1.6817197e-01   1.4216365e-01  -1.1008887e+00
  -2.9802615e-01   1.8212130e-01  -1.1131905e+00
   9.4618716e-02   1.4247841e+00  -1.0222272e+00
  -1.7559192e-01  -1.7812259e-02  -1.1455864e+00
