  -3.6451440e-01   7.0565879e-01  -1.0353410e+00
  -1.8424333e-01   4.9549330e-01  -1.1043315e+00
  -3.9064467e-01   6.4209181e-01  -1.0681519e+00
  -4.2592667e-01   5.8646720e-01  -1.0747395e+00
   2.5140520e-02   8.5983597e-01  -1.1344435e+00
  -4.0124359e-01   6.9210176e-01  -1.1205018e+00
  -5.2709263e-01   7.5873265e-01  -1.1332054e+00
  -4.3324515e-01   6.4542150e-01  -1.1244033e+00
  -4.1868375e-01   6.3118513e-01  -1.1249933e+00
   1.7302331e-01   9.1477230e-01  -1.1743102e+00
   7.5353942e-01   4.1740172e+00  -5.3883950e-01
  -2.2044176e-01   9.0693972e-01  -1.0091043e+00
  -3.9428986e-01   6.5530137e-01  -1.1176570e+00
  -3.7990960e-01   6.9486102e-01  -1.1157355e+00
  -4.1895357e-01   6.0887928e-01  -1.1167288e+00
  -4.1706693e-01   5.9171777e-01  -1.1018630e+00
  -5.3110128e-01   5.3842685e-01  -1.0570279e+00
   5.3926017e-01   2.0449876e+00  -8.4383929e-01
  -2.5609551e-01   1.2023734e+00  -8.9121771e-01
  -2.2951795e-01   1.3978899e+00  -9.9933066e-01
  -1.0564323e-01   2.8261021e+00  -7.7135277e-01
   5.6317886e-02   3.7587688e+00  -6.0171209e-01
  -5.7058937e-02   2.3165069e+00  -9.3212405e-01
  -2.6834614e-01   1.3551249e+00  -1.0691651e+00
  -1.4853223e-01   1.6549165e+00  -1.0009785e+00
  -3.7622978e-01   9.5487800e-01  -1.0012147e+00
  -2.9279024e-01   1.5304381e+00  -9.1283171e-01
  -2.3808943e-01   9.8239684e-01  -1.0861230e+00
  -1.6379419e-01   9.8927499e-01  -1.0804282e+00
  -3.4649431e-01   7.4692289e-01  -1.0599379e+00
  -3.7783647e-01   6.4688599e-01  -1.0638815e+00
  -9.6347996e-02   1.8922218e+00  -8.9652672e-01
  -1.7202831e-01   2.0925376e+00  -9.1529977e-01
  -3.2722891e-01   6.0022113e-01  -9.7989256e-01
  -1.5404025e-01   1.2449701e+00  -9.5069268e-01
  -2.3561122e-01   7.4371751e-01  -1.0920462e+00
  -5.7425848e-02   9.9063754e-01  -1.0844730e+00
   4.4252812e-01   1.1636694e+00  -9.1258570e-01
  -4.8206034e-01   2.2505452e+00  -7.0629520e-01
  -2.8088896e-01   3.8900487e-01  -1.0624343e+00
  -4.1264664e-01   5.1569269e-01  -1.0987959e+00
  -4.5339909e-01   4.9172962e-01  -1.1161147e+00
  -4.9499303e-01   7.0351874e-01  -1.1575537e+00
  -1.1107792e-01   3.5792177e+00  -7.1992102e-01
  -2.6025033e-01   2.2820265e+00  -8.2884495e-01
  -4.8455277e-01   1.0865009e+00  -1.0226299e+00
  -4.4884768e-01   5.8790233e-01  -9.5899225e-01
  -2.9200043e-01   6.9300824e-01  -1.0546660e+00
  -3.8233253e-01   6.1766270e-01  -1.0600898e+00
  -3.7357085e-01   6.8141660e-01  -1.0553524e+00
  -5.0737421e-01   8.6833833e-01  -1.0287566e+00
  -3.7246689e-01   6.9254734e-01  -1.0517061e+00
  -3.5245978e-01   6.9437740e-01  -1.0659435e+00
  -3.4881027e-01   6.5691629e-01  -1.0608867e+00
  -3.7528828e-01   6.9168710e-01  -1.0591230e+00
  -3.6555769e-01   6.9799571e-01  -1.0654178e+00
   1.0272064e-02   1.8024665e+00  -9.2665541e-01
  -8.8353769e-02   2.7645583e+00  -7.9228959e-01
  -6.7624126e-01   1.0047938e+00  -1.0187207e+00
  -6.5355031e-01   7.8554365e-01  -1.0316777e+00
  -6.5370990e-01   9.0753798e-01  -9.7127669e-01
   1.5748171e-02   3.5512090e+00  -5.6926211e-01
  -4.3545018e-01   2.5734193e+00  -5.9163646e-01
  -7.7865335e-02   5.5101182e-01  -8.6674231e-01
  -1.0517622e-01   6.6997472e-01  -1.0129774e+00
  -1.5286085e-01   6.6185710e-01  -1.0566516e+00
  -1.5944929e-01   6.8963538e-01  -1.0722228e+00
  -1.7504450e-01   6.7557158e-01  -1.0661219e+00
  -2.4066187e-01   6.8276022e-01  -1.0568858e+00
  -2.1392811e-01   6.5676735e-01  -1.0617128e+00
  -2.3473223e-01   7.3416352e-01  -1.0632958e+00
  -2.6132206e-01   7.1975927e-01  -1.0559420e+00
  -2.1512611e-01   6.7827124e-01  -1.0769723e+00
  -2.5208561e-01   6.6663954e-01  -1.0672956e+00
  -2.5448670e-02   4.6787741e-01  -1.1217453e+00
  -2.3056553e-01   6.6488908e-01  -1.0930195e+00
  -1.8690999e-01   6.8980054e-01  -1.0860324e+00
  -1.4144300e-01   6.4351851e-01  -1.0796225e+00
  -9.6703904e-02   6.0872998e-01  -1.0730157e+00
   1.0989928e-01   3.8233091e-01  -1.1379937e+00
   6.9740191e-02   4.7970574e-01  -1.1037730e+00
   4.7144852e-02   5.1222616e-01  -1.0982754e+00
   2.3909809e-02   5.2187082e-01  -1.0942858e+00
  -2.6260505e-02   5.0234923e-01  -1.0891443e+00
  -1.4993474e-01   6.7460901e-01  -1.0408442e+00
  -2.4816493e-01   8.6384205e-01  -1.0640059e+00
  -2.3407502e-01   8.0625922e-01  -1.0454361e+00
  -2.4659918e-01   8.2189231e-01  -1.0698862e+00
  -2.4936862e-01   8.2720047e-01  -1.0817742e+00
  -5.1796611e-02   6.4590710e-01  -1.1338553e+00
  -2.1625334e-01   7.6826946e-01  -1.0953168e+00
  -2.3863828e-01   7.9068013e-01  -1.0866532e+00
  -2.3437339e-01   7.5665804e-01  -1.0856430e+00
  -3.6618941e-01   7.6143158e-01  -1.0988815e+00
  -2.6643810e-01   7.6735896e-01  -1.0822116e+00
  -2.3998262e-01   7.6457745e-01  -1.0840354e+00
  -2.0371334e-01   7.7644963e-01  -1.0824191e+00
  -2.8042678e-01   8.1108068e-01  -1.0856558e+00
  -3.9655126e-02   5.8091327e-01  -1.2117705e+00
  -2.1190212e-01   7.6071941e-01  -1.1450621e+00
  -2.4038135e-01   8.0589787e-01  -1.1353333e+00
  -2.4775542e-01   8.0382371e-01  -1.1300305e+00
  -2.5922820e-01   8.3015261e-01  -1.1000170e+00
  -2.6592351e-01   7.9375247e-01  -1.1144557e+00
  -2.6828416e-01   7.8981729e-01  -1.0952848e+00
  -7.2788595e-02   6.3148106e-01  -1.1564937e+00
  -2.0396362e-01   7.8131097e-01  -1.1080955e+00
  -2.4816442e-01   7.8259055e-01  -1.0971687e+00
  -1.6470419e-01   1.0135209e+00  -1.1082004e+00
  -8.0040115e-02   6.6100106e-01  -1.1638402e+00
  -2.5708887e-01   7.9376440e-01  -1.0955185e+00
  -2.1244420e-01   8.1019313e-01  -1.1001526e+00
  -2.6852555e-01   7.9302640e-01  -1.0876184e+00
  -2.1008828e-01   8.1359292e-01  -1.0929081e+00
  -2.2824537e-01   8.2916501e-01  -1.1008766e+00
  -2.0110465e-01   8.3525198e-01  -1.1229913e+00
  -2.3928419e-01   6.9832651e-01  -1.1270110e+00
  -1.5737008e-01   6.1523964e-01  -1.1839384e+00
  -2.3868564e-01   7.6502060e-01  -1.1016463e+00
  -2.3690536e-01   7.3887795e-01  -1.1263843e+00
  -1.9591899e-01   6.4893164e-01  -1.1438487e+00
  -2.4865622e-01   8.0232788e-01  -1.1222776e+00
  -5.6966100e-02   4.1068471e-01  -1.1982787e+00
  -2.2752658e-01   7.3792101e-01  -1.1277044e+00
  -2.6403857e-01   7.3153790e-01  -1.1483792e+00
  -1.3414775e-01   5.9462354e-01  -1.1590876e+00
  -2.5722647e-01   6.9331271e-01  -1.1291426e+00
  -2.5427577e-01   7.5064826e-01  -1.1089001e+00
  -2.3654848e-01   8.0614291e-01  -1.1070919e+00
  -2.5547175e-01   7.9213326e-01  -1.1324049e+00
  -2.4301428e-01   8.4388404e-01  -1.1104622e+00
  -2.3914817e-01   7.4958063e-01  -1.1077375e+00
  -9.1582542e-02   5.7802922e-01  -1.1546716e+00
  -2.2124752e-01   7.2891579e-01  -1.0971014e+00
  -1.0891151e-01   5.6050003e-01  -1.1388276e+00
  -2.5887234e-01   7.2174132e-01  -1.1163321e+00
  -2.5070930e-01   7.8585706e-01  -1.1016039e+00
  -7.2029832e-02   5.9362380e-01  -1.1394467e+00
  -2.5043724e-01   7.7940794e-01  -1.1009503e+00
  -2.2310089e-01   7.9575443e-01  -1.1078224e+00
  -2.3840872e-01   7.2700702e-01  -1.1467667e+00
  -1.7806904e-01   6.8314542e-01  -1.1680432e+00
  -2.1105462e-01   6.8932767e-01  -1.1476036e+00
  -2.3528887e-01   7.2145306e-01  -1.1121151e+00
  -3.9926281e-02   5.4457329e-01  -1.1916630e+00
  -1.9411808e-01   7.7237663e-01  -1.1645785e+00
  -1.5238842e-01   7.0638225e-01  -1.1605432e+00
  -3.8234694e-01   8.1907341e-01  -1.1743270e+00
  -2.5609015e-01   7.6948491e-01  -1.1433181e+00
  -2.9985194e-01   7.0008996e-01  -1.1507457e+00
  -3.4573792e-01   7.6286789e-01  -1.1431066e+00
  -2.5290934e-01   7.3394511e-01  -1.1118772e+00
  -3.8998977e-01   8.0781883e-01  -1.1171206e+00
  -2.2411705e-01   9.2793093e-01  -1.0596804e+00
