  -3.7813164e-01   4.9318439e-01  -1.0433586e+00
  -3.8027177e-01   4.7332480e-01  -1.0268491e+00
  -4.3396838e-01   4.2812767e-01  -1.0358995e+00
  -3.9558282e-01   4.0961326e-01  -1.0367842e+00
  -4.1883327e-01   4.4542747e-01  -1.1354833e+00
  -4.0734679e-01   4.2658945e-01  -1.1140869e+00
  -1.6566441e-02   4.9005537e-01  -1.1519847e+00
  -4.0681696e-01   4.6861589e-01  -1.1204128e+00
  -5.5406513e-01   4.8862169e-01  -1.1108611e+00
  -3.9754504e-01   4.4106825e-01  -1.1046275e+00
  -1.2465887e-01   1.3769449e+00  -1.0841878e+00
  -3.7927216e-01   6.7004694e-01  -1.0992002e+00
  -3.9463490e-01   5.7546091e-01  -1.0962279e+00
  -3.7047980e-01   5.4480800e-01  -1.1005232e+00
  -3.9056341e-01   5.9601081e-01  -1.0704959e+00
  -3.8234613e-01   5.8103345e-01  -1.1028858e+00
  -1.5566489e-01   5.1039793e-01  -1.1802425e+00
  -3.7796620e-01   5.8077108e-01  -1.1292176e+00
  -4.0988358e-01   5.7291795e-01  -1.1481872e+00
  -4.2049738e-01   5.9972660e-01  -1.1586397e+00
  -4.1546915e-01   5.9852393e-01  -1.1618216e+00
  -3.8828524e-01   6.1398511e-01  -1.1547598e+00
  -2.3192692e-01   3.7648504e-01  -1.2217558e+00
  -4.5258019e-01   6.0723571e-01  -1.1762590e+00
  -4.7142917e-01   7.1854978e-01  -1.1544242e+00
  -4.7512085e-01   6.9241908e-01  -1.1281820e+00
  -4.1683961e-01   6.0989613e-01  -1.1305937e+00
  -4.2055135e-01   6.4681610e-01  -1.1343002e+00
  -4.1183578e-01   6.6423798e-01  -1.1346072e+00
  -4.4446373e-01   6.7375773e-01  -1.1463064e+00
  -1.8293884e-01   4.3844230e-01  -1.1746564e+00
  -4.5348992e-01   6.3239145e-01  -1.1463275e+00
  -3.6950318e-01   6.5500551e-01  -1.1163534e+00
  -7.2738090e-01   5.2376076e-01  -1.1645627e+00
  -4.1880658e-01   5.8498945e-01  -1.1661183e+00
  -4.0939739e-01   5.7837938e-01  -1.1705457e+00
  -3.9978154e-01   5.8018556e-01  -1.1648910e+00
  -4.0048435e-01   5.9671857e-01  -1.1643380e+00
  -4.3989244e-01   5.9628648e-01  -1.1589609e+00
  -1.2576921e-01   4.9001569e-01  -1.2206878e+00
   2.4360539e-01   5.7965962e-01  -1.2087510e+00
  -2.7192140e-01   7.6663370e-01  -1.1196359e+00
  -3.6750341e-01   6.3798701e-01  -1.1375987e+00
  -3.9134225e-01   6.5070365e-01  -1.1227575e+00
  -3.7998558e-01   6.9141276e-01  -1.1246624e+00
  -7.4755831e-02   1.7551469e+00  -1.0425324e+00
   7.5219113e-01   4.2839387e+00  -2.0151649e-01
  -3.6761313e-01   1.2352839e+00  -9.1611537e-01
  -3.8767523e-01   7.7229026e-01  -1.0799910e+00
  -3.8707603e-01   6.5001956e-01  -1.0939869e+00
  -3.7944447e-01   6.5730585e-01  -1.0916202e+00
  -1.9392279e-01   4.4641447e-01  -1.1725517e+00
  -3.9456044e-01   6.4554447e-01  -1.1180007e+00
  -3.9357817e-01   6.2455069e-01  -1.1319034e+00
  -4.4466324e-01   6.2188585e-01  -1.1387569e+00
  -4.0735105e-01   8.6164497e-01  -1.1561061e+00
  -3.7794624e-01   6.4851622e-01  -1.1670456e+00
  -4.1362076e-01   6.6228658e-01  -1.1592129e+00
  -4.0304979e-01   6.7023436e-01  -1.1813587e+00
  -3.5428803e-01   5.3744275e-01  -1.2167777e+00
  -2.7010800e-01   4.7016526e-01  -1.2061028e+00
  -5.5224164e-01   9.0401087e-01  -1.1602888e+00
  -4.6018905e-01   1.1601772e+00  -1.2214133e+00
  -4.6549861e-01   9.3365745e-01  -1.1978546e+00
  -4.0747144e-01   7.3612661e-01  -1.1818711e+00
  -4.2250965e-01   6.7607049e-01  -1.1749600e+00
  -4.0833419e-01   6.4823947e-01  -1.1775950e+00
  -2.8784723e-01   5.1115530e-01  -1.2013887e+00
  -4.0525628e-01   6.4099600e-01  -1.1633843e+00
  -4.0753618e-01   6.2682367e-01  -1.1672680e+00
  -4.2911066e-01   6.8010826e-01  -1.2122516e+00
  -4.2417407e-01   6.7232236e-01  -1.1603778e+00
  -6.9333609e-01   6.9898022e-01  -1.1752255e+00
  -4.3119988e-01   6.9780431e-01  -1.1464960e+00
  -1.4946841e-01   5.1956036e-01  -1.2043161e+00
  -5.9268409e-01   6.9272028e-01  -1.2123275e+00
  -2.4729335e-01   4.5989702e-01  -1.2318881e+00
  -4.0671322e-01   6.4905172e-01  -1.1695157e+00
  -5.7039036e-01   5.9692041e-01  -1.1822058e+00
  -6.2268002e-02   7.9561874e-01  -1.1850492e+00
  -4.3273782e-01   7.5673458e-01  -1.1847707e+00
  -5.4705966e-01   7.7078293e-01  -1.2199955e+00
  -3.2289446e-01   6.1277928e-01  -1.1882669e+00
  -5.2683381e-01   5.3368732e-01  -1.1762822e+00
  -4.8685689e-01   7.6803354e-01  -1.1892182e+00
  -4.6014983e-01   7.4432964e-01  -1.1950727e+00
  -4.7882944e-01   7.5793903e-01  -1.1826499e+00
  -2.9090226e-01   5.8572615e-01  -1.2245975e+00
  -4.3199490e-01   7.3552149e-01  -1.1586681e+00
  -4.3677166e-01   7.5855545e-01  -1.1449772e+00
  -4.4454261e-01   7.4070366e-01  -1.1926706e+00
  -4.6186924e-01   7.4526512e-01  -1.1515995e+00
  -4.1971633e-01   7.1986278e-01  -1.1147354e+00
  -4.5491455e-01   7.0972152e-01  -1.1760708e+00
   2.6017479e-01   9.7392816e-01  -1.2123350e+00
  -1.8473380e-01   1.2254492e+00  -1.1472782e+00
  -4.4984799e-01   6.7566055e-01  -1.1924816e+00
  -4.2692717e-01   8.0039626e-01  -1.1805761e+00
  -4.2589850e-01   6.7647855e-01  -1.1649778e+00
  -4.3057203e-01   7.1394328e-01  -1.1776651e+00
  -4.7657215e-01   7.0191253e-01  -1.2089676e+00
  -1.8950188e-01   4.9236911e-01  -1.2013055e+00
  -1.0548268e-01   4.0500213e-01  -1.2347554e+00
  -4.0676629e-01   6.6530331e-01  -1.1512776e+00
  -4.5167157e-01   7.1686931e-01  -1.1575957e+00
  -4.2397361e-01   7.0583881e-01  -1.1719222e+00
  -3.3597507e-01   8.0861575e-01  -1.1468759e+00
  -4.2485552e-01   6.9161898e-01  -1.1437759e+00
  -4.3164959e-01   7.4839255e-01  -1.1539872e+00
  -4.0914241e-01   8.1354008e-01  -1.1754560e+00
  -2.2592388e-01   6.6680193e-01  -1.1905277e+00
  -4.0702606e-01   7.9096864e-01  -1.1688208e+00
  -4.3768121e-01   7.7911294e-01  -1.1582653e+00
  -4.3589301e-01   7.8295524e-01  -1.1677283e+00
  -4.0031311e-01   8.0976765e-01  -1.1477725e+00
  -2.7022232e-01   5.3824497e-01  -1.2250766e+00
  -4.2449187e-01   7.2248265e-01  -1.1683321e+00
  -3.4819123e-01   6.6544595e-01  -1.1896988e+00
  -3.7130532e-01   6.3553371e-01  -1.1957263e+00
  -4.5781898e-01   7.3357501e-01  -1.1863909e+00
  -4.4827992e-01   7.2512836e-01  -1.2086576e+00
  -4.9959170e-01   7.3479644e-01  -1.1892821e+00
  -4.7972275e-01   7.0215408e-01  -1.1856477e+00
  -2.6088999e-01   5.1260572e-01  -1.2276658e+00
  -4.6970818e-01   7.1991565e-01  -1.1917980e+00
  -4.5946641e-01   7.0791024e-01  -1.1872153e+00
  -3.8981468e-01   7.2044320e-01  -1.2113042e+00
  -3.5141992e-01   7.4434879e-01  -1.1846738e+00
  -4.5947121e-01   7.3936327e-01  -1.1981183e+00
  -3.1375355e-01   5.4540203e-01  -1.2779068e+00
  -2.6405872e-01   5.0559164e-01  -1.2314173e+00
  -3.9208299e-01   8.3861714e-01  -1.1987473e+00
  -2.2425111e-01   5.9607796e-01  -1.2241799e+00
  -4.4940556e-01   7.4064400e-01  -1.1992101e+00
  -4.5157437e-01   7.1905103e-01  -1.1658342e+00
  -4.0186553e-01   7.7199945e-01  -1.1776270e+00
  -4.3888337e-01   7.3132744e-01  -1.1938521e+00
  -4.5869860e-01   7.6749917e-01  -1.1681388e+00
  -4.6511180e-01   7.5345768e-01  -1.1839223e+00
  -5.0020085e-01   7.8082467e-01  -1.2095043e+00
  -4.4148436e-01   8.5137755e-01  -1.1867575e+00
  -2.7688286e-01   6.3267872e-01  -1.2376620e+00
  -4.5474577e-01   8.0081179e-01  -1.2248073e+00
  -3.7721136e-01   7.7078263e-01  -1.2073631e+00
  -4.1944170e-01   7.3688197e-01  -1.2426250e+00
  -4.2907725e-01   7.3714974e-01  -1.2031085e+00
  -4.0184937e-01   6.6556650e-01  -1.1965092e+00
  -6.3061826e-02   8.1348122e-01  -1.1993971e+00
  -2.1944684e-01   5.7479777e-01  -1.2529564e+00
  -4.0345623e-01   7.0272485e-01  -1.1954225e+00
  -7.2249764e-01   6.5758051e-01  -1.2347242e+00
  -1.6178716e-01   4.8089773e-01  -1.2501114e+00
   6.6107907e-02   8.7929978e-01  -1.1716021e+00
  -3.6935030e-01   7.0236062e-01  -1.1600664e+00
