  -1.5235043e-01   6.5065286e-02  -9.9181797e-01
  -1.8318480e-01   8.2103046e-02  -1.0286510e+00
  -6.8863428e-02  -4.7263716e-02  -1.1193952e+00
  -2.4259357e-01   8.7464182e-02  -1.0719962e+00
  -1.9782549e-01   4.8518918e-02  -1.1432333e+00
  -1.8745161e-01   5.5200713e-02  -1.1348445e+00
  -3.2809914e-01   2.2071349e-01  -1.1334349e+00
  -4.2964712e-02  -2.0794769e-02  -1.1571107e+00
  -1.6230360e-01   1.0391444e-01  -1.1142438e+00
  -3.9667620e-01   3.1748656e-01  -1.1066965e+00
  -2.1314920e-01   4.4780710e-01  -1.1011661e+00
  -1.5250133e-01   1.0231009e-01  -1.1130300e+00
  -4.4638312e-02   2.4683735e-01  -1.1206219e+00
  -1.6533745e-01   5.4138469e-02  -1.1285009e+00
  -1.4676129e-01   1.6362808e-01  -1.0973971e+00
  -2.1554374e-01   2.3189652e-01  -1.1054524e+00
  -1.6290323e-01   2.0478260e-01  -1.0966771e+00
   1.6366416e-01  -1.7770430e-01  -1.1388582e+00
   3.4184253e-01   1.7077371e-01  -1.0671271e+00
  -1.8231306e-01   2.8584773e-01  -1.0770586e+00
  -1.1290034e-01   2.1412920e-01  -1.0878280e+00
  -1.4934483e-01   2.0481350e-01  -1.1015725e+00
  -5.8627945e-02  -4.8315411e-03  -1.1401791e+00
  -1.6477144e-01   1.0373743e-01  -1.1182120e+00
  -1.6733455e-01   1.0333542e-01  -1.0965457e+00
  -2.1299229e-01   2.7409162e-01  -1.1273820e+00
  -1.4941511e-01   2.8492458e-01  -1.0991814e+00
  -1.4488798e-01   2.4735421e-01  -1.1049165e+00
  -4.7941681e-02   1.7967159e-01  -1.1281615e+00
  -1.7445474e-01   3.1522019e-01  -1.0955698e+00
  -1.7542565e-01   1.7685150e-01  -1.1103680e+00
  -4.4121567e-02   1.1342811e-02  -1.1553032e+00
  -1.6912436e-01   1.8578097e-01  -1.1089911e+00
  -1.6609197e-01   2.3335620e-01  -1.1060083e+00
  -6.8316316e-02   3.6859514e-02  -1.1595155e+00
  -1.5310780e-01   1.8890088e-01  -1.1252443e+00
  -1.3299422e-01   2.8241382e-01  -1.1152145e+00
   3.8412783e-01   2.0739498e+00  -9.0796465e-01
   6.4041244e-02   6.6676741e-01  -1.0251790e+00
  -9.7850512e-02   6.6216110e-02  -1.1108657e+00
  -1.6745577e-01  -8.2422380e-03  -1.1354081e+00
  -1.6988406e-01   1.7417659e-03  -1.1191095e+00
  -1.5427674e-01   1.6375033e-02  -1.1000108e+00
  -1.9370749e-01   1.0740081e-01  -1.1446129e+00
  -1.9197017e-01   1.0965828e-01  -1.1397886e+00
  -1.7590256e-01   1.0388733e-01  -1.1030433e+00
  -1.7992330e-01   8.5499463e-02  -1.1205595e+00
  -4.3911014e-03  -1.0957905e-02  -1.1388643e+00
  -2.1690440e-01   4.0731455e-02  -1.1099123e+00
  -1.7695189e-01   4.7261466e-02  -1.1209145e+00
  -1.7695182e-01   6.9865108e-02  -1.1366184e+00
  -2.7099935e-01   4.2467595e-01  -1.0810877e+00
   7.2643231e-02   1.6782505e+00  -9.9062736e-01
  -1.7452338e-01   1.3620513e+00  -1.0153750e+00
  -1.8084382e-01   1.3112425e-01  -1.1268295e+00
  -2.2819533e-01   1.0043187e-01  -1.1072194e+00
  -2.5960989e-01   9.7462698e-02  -1.1041407e+00
  -2.5977026e-01   7.7700479e-02  -1.1034252e+00
  -2.6462283e-01   8.4869243e-02  -1.0411730e+00
  -6.5229371e-02  -4.2688630e-02  -1.1007225e+00
  -2.0959681e-01   8.4221667e-02  -1.0695648e+00
  -1.8006302e-01   1.1006373e-01  -1.0699361e+00
  -1.6813410e-01   1.1659032e-01  -1.0810491e+00
  -1.6068928e-01   1.6872843e-01  -1.0817547e+00
  -1.7928158e-01   1.2935024e-01  -1.0729708e+00
  -1.0492518e-01   9.2105894e-02  -1.0943609e+00
  -1.7598808e-01   1.5685464e-01  -1.0728494e+00
  -2.0095920e-01   5.7270126e-02  -1.0869524e+00
  -2.2231324e-01   5.8090422e-02  -1.0870192e+00
   3.7610846e-01   1.6832349e+00  -9.5835254e-01
  -2.0661738e-01   2.4699300e-01  -1.0506293e+00
  -1.9647259e-01   1.6815006e-01  -1.0757417e+00
  -8.0791639e-02   3.1587268e-02  -1.1164998e+00
  -2.6547712e-01   1.2682640e-01  -9.9851482e-01
  -2.3444454e-01   1.9611845e-01  -1.0494928e+00
  -1.6550355e-01   1.4728187e-01  -1.0756929e+00
  -2.2419696e-01   9.5277807e-02  -1.0791222e+00
  -2.2986726e-01   1.4469345e-01  -1.0718046e+00
  -1.8744807e-01   4.8379057e-01  -1.0513070e+00
  -2.6141385e-01   1.3941186e-01  -1.0761648e+00
  -9.2550258e-02   3.5898830e-01  -1.1036388e+00
  -1.2345083e-01   1.0080155e+00  -9.6310815e-01
  -2.2355548e-01   1.2152224e-01  -1.0742738e+00
  -3.2378186e-01   2.6206478e+00  -7.8890760e-01
  -2.7821315e-01   2.2177887e-01  -1.0378204e+00
  -2.4636369e-01   7.7671307e-02  -1.0867428e+00
  -2.6415883e-01   1.1649089e-01  -1.0680676e+00
  -2.6847982e-01   1.6435521e-01  -1.0672319e+00
  -4.8143973e-02   7.0487802e-01  -9.9357445e-01
  -1.8603253e-01   2.4054524e-01  -1.0322605e+00
  -2.1611284e-01   1.3908984e-01  -1.0594443e+00
  -2.2889063e-01   1.5355101e-01  -1.0702139e+00
  -1.8402602e-01   1.1997542e-01  -1.0615114e+00
  -2.2977942e-01   1.5014766e-01  -1.0590524e+00
  -5.8554008e-02  -4.0481430e-02  -1.1408319e+00
  -1.9506561e-01   9.0904761e-02  -1.0835264e+00
  -2.0090965e-01   1.3873495e-01  -1.1021603e+00
   4.7879353e-01   9.3647637e-01  -1.0717506e+00
  -3.5330331e-01   2.0811451e+00  -8.1307849e-01
  -9.3102536e-02   2.8373562e-01  -1.0477632e+00
  -8.4580127e-02   2.1394251e-01  -1.0994586e+00
  -1.0238287e-01   1.9758810e-01  -1.0754166e+00
  -1.0757470e-01   2.9267684e-01  -1.0671936e+00
  -9.8612460e-02   1.7875605e-01  -1.0671595e+00
   9.3717844e-01   3.1951688e+00  -7.3662549e-01
  -2.0694387e+00   2.5356750e+00  -6.8231988e-01
  -1.7972239e-01   2.5977469e+00  -4.9670531e-01
  -1.1162040e-01   3.3927294e-01  -9.3538257e-01
  -1.0534626e-01   4.0786248e-01  -9.7834035e-01
   5.5531104e-01   1.5773383e+00  -8.6337452e-01
   7.8126876e-02   1.2188686e+00  -7.7781603e-01
  -2.1679432e-01   1.2427580e+00  -8.4238773e-01
  -9.7575019e-02   1.0357083e-01  -9.9020419e-01
  -1.0153632e-01   2.5238590e-01  -1.0315368e+00
  -1.1808637e-01   2.9666600e-01  -1.0611577e+00
  -1.1747239e-01   3.2741226e-01  -1.0566911e+00
   1.2354687e-01   1.0531805e+00  -9.4374351e-01
   4.0109220e-01   1.3704143e+00  -8.8794100e-01
  -5.5488630e-02   3.7265997e-01  -1.0531658e+00
  -8.5145493e-02   4.5370770e-01  -1.1140826e+00
  -9.8320649e-02   4.8979854e-01  -1.1009262e+00
  -1.1992113e-01   4.2528770e-01  -1.0888958e+00
  -1.1919435e-01   4.2579358e-01  -1.1097460e+00
  -1.2596738e-01   3.8180363e-01  -1.1098248e+00
  -1.3200440e-01   7.9118057e-01  -9.8212776e-01
   2.4894153e-01   2.1066053e+00  -9.8663510e-01
  -1.2838977e-01   7.4273513e-01  -9.0592891e-01
  -4.9988368e-02   4.0818217e-01  -1.0634653e+00
  -8.7513291e-02   5.7342461e-01  -1.0282390e+00
   8.1373699e-02   4.6207809e-01  -9.5612032e-01
  -1.5252186e-01   1.0893861e+00  -9.9747275e-01
  -1.1769985e-01   8.5615686e-01  -9.2827514e-01
  -3.0337353e-02   1.0122107e+00  -1.0100063e+00
  -7.8772372e-02   6.1438293e-01  -1.0758080e+00
  -9.6503389e-02   5.3458974e-01  -1.0982426e+00
  -9.6338066e-02   4.9627589e-01  -1.0871812e+00
  -1.8529193e-01   5.8172465e-01  -1.0968445e+00
  -9.6260638e-02   5.1962896e-01  -1.1087443e+00
  -9.5552777e-02   4.5004857e-01  -1.0795180e+00
  -6.3130001e-02   3.6090886e-01  -1.1222612e+00
  -9.8887231e-02   4.0495751e-01  -1.0858208e+00
  -1.0576128e-01   5.5072250e-01  -1.0590410e+00
   4.1641739e-01   2.2571603e+00  -8.9471793e-01
   7.7550676e-02   1.1961300e+00  -9.8981986e-01
   4.9412905e-01   1.2693013e+00  -1.0549803e+00
  -1.0008857e-01   2.7719229e-01  -1.0495552e+00
  -1.7024576e-01   5.0262957e-01  -1.0483201e+00
   2.1853578e-01   1.1985285e+00  -1.0368035e+00
   5.0278532e-02   9.7191251e-01  -9.6645834e-01
   3.1212719e-02   9.6941614e-01  -1.0676018e+00
  -3.6430897e-01   1.7939211e+00  -8.4286053e-01
  -9.2185729e-02   5.4011566e-01  -1.0730802e+00
  -1.2790207e-01   4.7852241e-01  -1.0861161e+00
  -1.1506852e-01   4.6437835e-01  -1.0529924e+00
