  -2.0468047e-01   1.9652034e-01  -9.6107274e-01
  -5.1983585e-01   3.6101161e-01  -8.9685799e-01
  -4.9259757e-01   4.3028437e-01  -9.1470039e-01
  -4.7451443e-01   4.6774065e-01  -9.3026008e-01
  -5.5527497e-01   2.5540235e-01  -1.0583623e+00
  -4.3477257e-01   4.2901973e-01  -1.0226250e+00
  -4.4406840e-01   3.6747526e-01  -1.0177134e+00
  -4.3881916e-01   4.0219288e-01  -1.0040890e+00
  -4.6532758e-01   4.2950436e-01  -1.0112610e+00
  -2.2321262e-01   1.8666579e+00  -9.0980332e-01
  -4.3535331e-01   2.2202527e+00  -7.0156701e-01
  -4.2425967e-01   4.6117079e-01  -1.0102908e+00
  -4.3686994e-01   3.7452558e-01  -1.0027826e+00
  -2.4604457e-01   2.4871285e-01  -1.0225371e+00
  -4.5908192e-01   5.1505397e-01  -9.6469494e-01
  -4.3561788e-01   5.1384989e-01  -1.0200494e+00
  -4.4277335e-01   5.5134913e-01  -1.0300540e+00
  -4.1493902e-01   5.6001524e-01  -1.0166824e+00
  -3.7999255e-01   5.9126035e-01  -1.0010383e+00
  -4.1163522e-01   5.6023388e-01  -9.9105564e-01
  -3.9011134e-01   5.6590458e-01  -9.8582200e-01
  -3.8575870e-01   4.9589907e-01  -1.0236692e+00
  -2.4367842e-01   7.4165685e-01  -1.0250718e+00
  -3.4964485e-01   6.1252370e-01  -9.8625266e-01
  -1.5617104e-01   2.6119066e-01  -1.1163499e+00
  -2.9620336e-01   5.0439331e-01  -1.0219802e+00
  -5.2131630e-01   4.7832231e-01  -1.0120941e+00
   1.7809857e-01   2.3663559e+00  -7.7615800e-01
   5.7866229e-01   4.1534813e+00  -9.4882500e-02
  -2.9127079e-01   1.5598769e+00  -5.6066752e-01
  -3.7490008e-01   5.9906055e-01  -9.6034028e-01
  -3.6807747e-01   5.7565767e-01  -9.7276737e-01
  -3.9179319e-01   5.4424411e-01  -9.8381755e-01
  -3.8058059e-01   5.2409586e-01  -9.7152900e-01
  -4.0149092e-01   5.9688909e-01  -9.2572504e-01
  -2.1873718e-01   4.7566258e-01  -1.0053454e+00
  -1.0767636e+00   1.1033963e-01  -9.7824599e-01
  -3.6320541e-01   6.9173790e-01  -9.6020186e-01
   1.0366718e-01   1.8055535e+00  -8.7812487e-01
  -1.7873002e-01   1.8955235e+00  -7.6066813e-01
  -3.7348909e-01   7.0002290e-01  -9.9822906e-01
  -1.6793558e-01   9.3861673e-01  -9.9500094e-01
  -1.8222601e-01   2.0139963e+00  -7.9188644e-01
   8.4659313e-02   1.9476976e+00  -6.9709081e-01
  -2.2082160e-01   1.1353378e+00  -7.6458410e-01
  -2.8394172e-01   1.1018464e+00  -8.0393408e-01
  -2.4584689e-01   2.1074699e+00  -7.2786619e-01
  -2.6591689e-01   8.7888520e-01  -9.5850919e-01
  -2.7206045e-01   1.0866565e+00  -7.9488276e-01
  -5.5290433e-02   5.7992090e-01  -8.4330795e-01
  -7.5480240e-02   6.5307031e-01  -9.5411723e-01
  -2.5402566e-01   8.0549152e-01  -9.8243429e-01
  -2.0481905e-01   7.7702027e-01  -9.9425021e-01
  -1.0675889e-01   6.9678345e-01  -9.9312550e-01
  -2.3492336e-01   6.9261943e-01  -1.0068717e+00
  -2.5690365e-01   6.9529212e-01  -1.0207595e+00
  -1.2655904e-01   7.1577176e-01  -9.7577728e-01
  -1.3380086e-01   6.9861408e-01  -1.0024235e+00
  -2.0793624e-02   5.5796018e-01  -1.0410384e+00
  -1.7190957e-01   6.2019459e-01  -1.0221804e+00
  -2.9581823e-01   8.1140613e-01  -1.0188759e+00
  -1.8883642e-01   7.0187581e-01  -9.9864013e-01
  -1.6948775e-01   7.1978446e-01  -9.6218472e-01
  -1.6284495e-01   7.4557334e-01  -1.0146896e+00
  -5.2485459e-02   6.2880772e-01  -1.0668953e+00
  -1.8380639e-01   7.1542558e-01  -9.9497329e-01
  -1.8958564e-01   7.0553778e-01  -1.0100798e+00
  -1.5388636e-01   7.1355090e-01  -1.0119646e+00
  -2.1305051e-01   7.0624966e-01  -1.0328371e+00
  -2.2254748e-01   7.1758984e-01  -1.0487723e+00
  -3.0184879e-02   6.0430559e-01  -1.0929374e+00
  -1.7489847e-01   7.9676646e-01  -1.0390402e+00
  -1.8323897e-01   7.3736177e-01  -1.0646623e+00
  -1.9999845e-01   8.1555450e-01  -1.0475782e+00
  -1.5106814e-02   7.7884705e-01  -1.0953533e+00
  -8.0527042e-02   8.6078070e-01  -1.0838364e+00
   2.6632017e-01   7.7530278e-01  -1.1067414e+00
  -1.4074741e-01   7.6220048e-01  -1.0675184e+00
  -1.8286570e-01   7.6610268e-01  -1.0676901e+00
  -1.7905636e-01   8.3735174e-01  -1.0705031e+00
  -2.0391471e-01   8.7297147e-01  -1.0684118e+00
  -1.4130216e-01   7.5965151e-01  -1.0732699e+00
  -2.4154240e-01   8.5748103e-01  -1.0862307e+00
  -1.9049721e-01   8.4742862e-01  -1.0645832e+00
  -2.9047837e-01   8.6620344e-01  -1.0402797e+00
  -7.2222358e-02   6.2289192e-01  -1.1016116e+00
  -2.1692215e-01   8.6667114e-01  -1.0293718e+00
  -2.5492128e-01   7.9901627e-01  -1.0497319e+00
  -2.5942208e-01   8.1713881e-01  -1.0636040e+00
  -1.3040419e-01   6.6027305e-01  -1.1036607e+00
  -2.5926974e-01   7.7056009e-01  -1.0615488e+00
  -2.7049355e-01   7.9357983e-01  -1.0660558e+00
  -2.4310139e-01   7.8822462e-01  -1.0679577e+00
  -2.3650902e-01   7.9938620e-01  -1.0763557e+00
  -2.7707220e-01   7.9413140e-01  -1.0966221e+00
  -3.6175819e-01   8.5518642e-01  -1.0685780e+00
  -7.0084242e-02   7.1209830e-01  -1.0950411e+00
  -2.2068232e-01   8.5595847e-01  -1.0721760e+00
  -2.7845541e-01   8.9422534e-01  -1.0727693e+00
  -3.1505116e-01   1.0413371e+00  -1.0974365e+00
  -1.4588018e-01   7.3532167e-01  -1.1212313e+00
  -1.2053334e-01   7.1738439e-01  -1.0819842e+00
  -2.5561352e-01   7.7056755e-01  -1.0502144e+00
  -2.5704945e-01   8.4436662e-01  -1.0234105e+00
  -2.6934516e-01   8.5394376e-01  -1.0131919e+00
  -9.4325090e-02   6.4764152e-01  -1.1094016e+00
  -3.5928539e-01   8.9381704e-01  -1.0755559e+00
  -2.4250664e-01   8.1607226e-01  -1.0935708e+00
  -2.5120266e-01   8.4302053e-01  -1.0739621e+00
  -2.3281698e-01   8.4682259e-01  -1.0877258e+00
  -2.8771139e-01   7.9213990e-01  -1.0742861e+00
  -2.4051395e-01   7.2729571e-01  -1.1460430e+00
  -2.3178997e-01   7.3206043e-01  -1.1558908e+00
  -2.7798113e-01   7.7510390e-01  -1.1411794e+00
  -8.9337265e-02   5.3355956e-01  -1.1586855e+00
  -2.6805150e-01   7.3630383e-01  -1.1438171e+00
  -2.6404486e-01   7.6339619e-01  -1.1330127e+00
  -2.5117219e-01   7.5985975e-01  -1.1324164e+00
  -1.2121881e-01   6.2021135e-01  -1.1512007e+00
  -2.5569237e-01   7.1721178e-01  -1.1012693e+00
  -3.3618054e-01   8.1399859e-01  -1.1150720e+00
  -3.3242072e-01   7.7228461e-01  -1.1443643e+00
  -2.4962411e-01   7.6214039e-01  -1.1333950e+00
  -3.1532126e-01   7.2413281e-01  -1.1168261e+00
  -2.9872381e-01   7.5356657e-01  -1.1561550e+00
  -3.5620170e-01   8.2207349e-01  -1.1410208e+00
  -1.9967255e-01   6.6782468e-01  -1.1994315e+00
  -3.0344199e-01   8.3669186e-01  -1.1256068e+00
  -1.4814176e-01   6.3484332e-01  -1.1607819e+00
  -2.6866093e-01   7.7481329e-01  -1.0922135e+00
  -2.8582078e-01   7.9685193e-01  -1.0873953e+00
  -3.0124124e-01   8.3206678e-01  -1.0872476e+00
  -6.6848660e-02   1.0330179e+00  -1.1246901e+00
  -1.5247348e-01   9.3349989e-01  -1.1132488e+00
  -1.2672359e-01   7.8361424e-01  -1.1476049e+00
  -2.8169007e-01   8.0147269e-01  -1.1421824e+00
  -2.5589667e-01   8.4797916e-01  -1.1242887e+00
  -2.7725524e-01   8.8734575e-01  -1.1127978e+00
  -2.6965751e-01   8.9709829e-01  -1.1399459e+00
  -2.6319970e-01   8.7817805e-01  -1.1279731e+00
  -1.0546081e-01   9.0027393e-01  -1.1556653e+00
  -2.1807506e-01   9.9821403e-01  -1.1126013e+00
   2.9061806e-01   1.9953414e+00  -9.7302336e-01
  -2.4506392e-01   1.2061225e+00  -8.2869291e-01
  -2.0729943e-01   1.5485068e+00  -1.0380002e+00
  -1.7446245e-01   1.1760628e+00  -1.1016805e+00
   5.8032050e-02   1.9873811e+00  -9.9103900e-01
  -3.5609095e-01   1.1965709e+00  -1.0704740e+00
  -2.3548607e-01   1.6756214e+00  -9.4796608e-01
  -2.2566608e-01   3.9198803e-01  -9.6296482e-01
  -1.8834968e-01   8.0039437e-01  -1.0746601e+00
  -2.9695377e-01   7.6045650e-01  -1.1040399e+00
  -4.7012419e-01   6.6826458e-01  -1.0819059e+00
  -2.3988841e-01   8.4067617e-01  -1.0216311e+00
