  -3.6444714e-01  -1.6974883e-01  -1.0609464e+00
  -3.2734338e-01  -1.8255726e-01  -1.0456492e+00
  -1.8991100e-01  -3.4904839e-01  -1.1078304e+00
  -3.4808744e-01  -2.0720572e-01  -1.0710916e+00
  -3.2807275e-01  -1.8886592e-01  -1.1653027e+00
  -3.1500699e-01  -1.8494149e-01  -1.1380431e+00
  -3.2106657e-01  -4.6874368e-02  -1.1296529e+00
  -2.7593496e-01  -9.7169253e-02  -1.1362004e+00
  -2.8401514e-01  -2.1080014e-01  -1.1182133e+00
  -3.3619348e-01  -2.5400621e-01  -1.1290776e+00
  -3.2160827e-01  -1.4228598e-01  -1.1252031e+00
  -3.3489616e-01  -2.4431920e-01  -1.1125799e+00
  -1.6029988e-01  -4.0189131e-01  -1.1513475e+00
  -1.9179114e-01  -2.8387908e-02  -1.1277600e+00
  -3.9480606e-01  -5.8566917e-02  -1.1051735e+00
  -3.3629622e-01  -1.6940546e-01  -1.1491552e+00
  -3.5209863e-01  -1.5055174e-01  -1.1259644e+00
  -3.3574799e-01  -1.3142486e-01  -1.1444653e+00
  -3.5627287e-01  -1.6149353e-01  -1.1310233e+00
  -2.0561671e-01  -2.4242011e-01  -1.1859088e+00
  -3.4232922e-01  -1.9496359e-01  -1.1411727e+00
  -3.4901728e-01  -2.0328782e-01  -1.1425724e+00
  -3.3772749e-01  -1.4838638e-01  -1.1483443e+00
  -3.4511244e-01  -1.7076056e-01  -1.1405177e+00
  -2.3720176e-01  -3.5598020e-01  -1.1846017e+00
  -3.5563057e-01  -2.1882600e-01  -1.1231846e+00
  -2.4397572e-01  -3.1193491e-01  -1.1621711e+00
  -3.5620857e-01  -2.0261306e-01  -1.1092572e+00
  -3.4081157e-01  -1.2575324e-01  -1.1254611e+00
  -3.4255059e-01  -1.7978648e-01  -1.1210262e+00
  -2.5296272e-01  -3.5211840e-01  -1.1527186e+00
  -3.6154272e-01  -2.0340284e-01  -1.1190449e+00
  -3.5463737e-01  -2.4139595e-01  -1.1283783e+00
  -1.8857325e-01  -4.0537563e-01  -1.1773868e+00
  -3.6689357e-01  -2.4711437e-01  -1.1611794e+00
  -3.9510981e-01  -2.0486580e-01  -1.1560672e+00
  -3.6570603e-01  -2.3827285e-01  -1.1644381e+00
  -3.7128315e-01  -2.2573807e-01  -1.1437997e+00
  -3.7164181e-01  -2.0373824e-01  -1.1433716e+00
  -2.9068247e-01  -3.1405637e-01  -1.1626709e+00
  -3.7232007e-01  -2.0741263e-01  -1.1279572e+00
  -3.5423278e-01  -1.7828366e-01  -1.1400154e+00
  -2.7537404e-01  -3.0383287e-01  -1.1970462e+00
  -3.6492709e-01  -2.3200678e-01  -1.1247242e+00
  -3.6712224e-01  -2.1064558e-01  -1.1263061e+00
  -3.5772321e-01  -1.7179148e-01  -1.1470226e+00
  -3.4814398e-01  -1.5250489e-01  -1.1450621e+00
  -2.9541431e-01  -1.8759740e-01  -1.1315163e+00
  -3.7031574e-01  -2.1168845e-01  -1.1022594e+00
  -4.9017878e-01  -2.3652932e-01  -1.1196982e+00
  -2.6438869e-01  -2.6726758e-01  -1.1438883e+00
  -3.4559460e-01  -2.3076123e-01  -1.1276733e+00
  -2.5631283e-01  -3.6201513e-01  -1.1900579e+00
  -2.2609745e-01  -3.8404837e-01  -1.1407094e+00
  -3.7213344e-01  -2.3875944e-01  -1.1030691e+00
  -3.4178885e-01  -2.4665520e-01  -1.1301364e+00
  -3.9073415e-01  -2.0685111e-01  -1.1236630e+00
  -2.1637730e-01  -3.8212901e-01  -1.1600733e+00
  -3.7533992e-01  -2.2326739e-01  -1.1208882e+00
  -3.6896311e-01  -1.8908870e-01  -1.1277274e+00
  -3.7697882e-01  -2.3314020e-01  -1.1181261e+00
  -3.6277386e-01  -1.6544563e-01  -1.1317214e+00
  -2.3739566e-01  -3.2654148e-01  -1.1549632e+00
  -3.8212396e-01  -2.2200667e-01  -1.1205329e+00
  -3.8092375e-01  -2.0623729e-01  -1.1170485e+00
  -2.3869811e-01  -3.4000711e-01  -1.1401349e+00
  -3.9359177e-01  -2.4575567e-01  -1.1070070e+00
  -3.9257458e-01  -2.2831608e-01  -1.0978565e+00
  -3.8176044e-01  -2.3369098e-01  -1.1138184e+00
  -3.8425025e-01  -2.6984288e-01  -1.1219863e+00
  -3.7234587e-01  -2.3112710e-01  -1.1296921e+00
  -3.7502715e-01  -1.9103431e-01  -1.1209606e+00
  -3.4449431e-01  -2.8821002e-01  -1.1134370e+00
  -2.7867055e-01  -3.4323585e-01  -1.1314742e+00
  -5.4183680e-01  -2.9114984e-01  -1.1528779e+00
  -3.5701286e-01  -2.0000549e-01  -1.1372354e+00
  -5.7246578e-01  -1.7339521e-01  -1.1431685e+00
  -3.5861543e-01  -1.4059077e-01  -1.1652036e+00
  -3.7594265e-01  -1.5824094e-01  -1.1310009e+00
  -2.3297200e-01  -3.9791229e-01  -1.1712635e+00
  -3.8036698e-01  -2.0755827e-01  -1.1344249e+00
  -4.7882702e-01  -2.0135503e-01  -1.1260072e+00
  -3.8452684e-01  -2.4299172e-01  -1.1205944e+00
  -3.6158858e-01  -1.9762797e-01  -1.1017004e+00
  -4.1038418e-01  -2.1720352e-01  -1.0981785e+00
  -2.7698889e-01  -2.4679520e-01  -1.1402542e+00
  -3.9435078e-01  -1.6831080e-01  -1.1335675e+00
  -3.8155734e-01  -1.4460905e-01  -1.1095918e+00
  -3.9160291e-01  -1.6145420e-01  -1.1005233e+00
  -4.0000347e-01  -2.0438232e-01  -1.1300120e+00
  -3.7074499e-01  -2.2586913e-01  -1.1143651e+00
  -2.7087388e-01  -3.3307237e-01  -1.1374730e+00
  -3.8769491e-01  -2.0624484e-01  -1.0886978e+00
  -3.8099360e-01  -2.8991573e-01  -1.1113482e+00
  -3.8940384e-01  -2.4148260e-01  -1.1245268e+00
  -2.6324500e-01  -3.6354610e-01  -1.1584159e+00
  -3.9100852e-01  -2.8573281e-01  -1.1055383e+00
  -3.8967136e-01  -2.2951093e-01  -1.1276656e+00
  -2.9020975e-01  -3.2548592e-01  -1.1559763e+00
  -3.9006519e-01  -2.5326977e-01  -1.1216838e+00
  -3.9439813e-01  -2.4726326e-01  -1.1174044e+00
  -4.0378195e-01  -2.5049496e-01  -1.1325706e+00
  -2.7536486e-01  -3.6183463e-01  -1.1438033e+00
  -4.0192843e-01  -2.2226847e-01  -1.1025672e+00
  -3.8168561e-01  -1.9146898e-01  -1.1216445e+00
  -3.8518150e-01  -1.9396385e-01  -1.1242952e+00
  -2.6397175e-01  -3.5806870e-01  -1.1528225e+00
  -4.2454119e-01  -1.9177851e-01  -1.1143658e+00
  -3.9202481e-01  -1.9664470e-01  -1.1122886e+00
  -4.0918545e-01  -1.8647465e-01  -1.1108593e+00
  -3.9881727e-01  -1.4649138e-01  -1.1227055e+00
  -2.8376942e-01  -2.9167982e-01  -1.1502842e+00
  -2.6364419e-01  -3.7088737e-01  -1.1942404e+00
  -2.7843466e-01  -2.5407607e-01  -1.1493466e+00
  -3.9357895e-01  -2.6189024e-01  -1.1375357e+00
  -2.7121287e-01  -3.2101869e-01  -1.1639775e+00
  -2.8334674e-01  -3.0730094e-01  -1.1787668e+00
  -2.7804171e-01  -3.9001995e-01  -1.1598117e+00
  -2.3060804e-01  -4.2495696e-01  -1.1768336e+00
  -4.0459233e-01  -2.2820159e-01  -1.1381365e+00
  -3.9028396e-01  -2.4796069e-01  -1.1375845e+00
  -3.9253226e-01  -2.1430337e-01  -1.1285893e+00
  -2.5258609e-01  -3.8381959e-01  -1.1836015e+00
  -4.0113709e-01  -2.5037733e-01  -1.1188614e+00
  -3.9553884e-01  -1.9541860e-01  -1.1472767e+00
  -3.9662273e-01  -1.7833703e-01  -1.1342057e+00
  -4.0267105e-01  -1.8400482e-01  -1.1218773e+00
  -2.8814429e-01  -3.0385072e-01  -1.1413541e+00
  -3.9266527e-01  -2.2362082e-01  -1.1327642e+00
  -3.8999005e-01  -2.5391332e-01  -1.1335028e+00
  -4.0031262e-01  -2.4831422e-01  -1.1449232e+00
  -4.0009676e-01  -2.5325081e-01  -1.1402185e+00
  -2.7186115e-01  -3.2318662e-01  -1.1605797e+00
  -3.3835462e-01  -2.9057017e-01  -1.1366889e+00
  -4.4300099e-01  -2.0187764e-01  -1.1487555e+00
  -3.5483961e-01  -2.2009387e-01  -1.1807818e+00
  -3.6970332e-01  -1.9945679e-01  -1.1416730e+00
  -3.6543010e-01  -2.0997208e-01  -1.1689522e+00
  -2.8603803e-01  -3.2495554e-01  -1.1972088e+00
  -3.9514463e-01  -2.2936368e-01  -1.1727589e+00
  -2.8123719e-01  -3.3812128e-01  -1.1821869e+00
  -3.7521734e-01  -2.7288392e-01  -1.1529988e+00
  -2.9445499e-01  -3.7909415e-01  -1.1904064e+00
  -4.0473295e-01  -2.4410911e-01  -1.1482346e+00
  -4.6785820e-01  -2.1115590e-01  -1.1822283e+00
  -2.5386998e-01  -3.3860072e-01  -1.1935768e+00
  -3.7368999e-01  -1.7360356e-01  -1.1530372e+00
  -5.0627828e-01  -1.1292445e-01  -1.1538259e+00
  -4.7387993e-01  -1.6230351e-01  -1.1397997e+00
  -2.9457582e-01  -2.5126495e-01  -1.1232636e+00
  -3.2391772e-01   6.8085222e-01  -1.0851675e+00
  -2.5407510e-01   2.4215703e-02  -1.1227103e+00
  -4.0320078e-01  -2.0818367e-01  -1.1183634e+00
  -3.4626933e-01  -2.2971493e-01  -1.1364687e+00
