  -1.6228537e-01  -3.6248780e-01  -1.0866664e+00
  -1.4923953e-01  -2.9412065e-01  -1.1069242e+00
  -1.8261337e-01  -2.7959113e-01  -1.1094858e+00
  -1.5712245e-01  -2.6137171e-01  -1.0976949e+00
  -2.4247614e-01  -6.8615012e-02  -1.2090879e+00
  -6.6046754e-02   1.6158541e+00  -1.1090536e+00
  -1.5659524e-02   3.1414678e-01  -1.2207531e+00
   7.1801983e-03  -3.2066235e-01  -1.2516165e+00
  -1.4299574e-01  -1.9973346e-01  -1.2178649e+00
  -1.3199126e-01  -2.9298297e-01  -1.2069928e+00
  -1.7847728e-02  -3.6497186e-01  -1.2286928e+00
  -1.5960157e-01  -8.4278705e-02  -1.1279224e+00
  -1.4493085e-01   5.7903574e-02  -1.1224806e+00
  -1.4368835e-01  -1.4717628e-01  -1.1451718e+00
  -1.6349308e-01  -1.6936673e-01  -1.1221476e+00
  -1.4940956e-01  -1.6253552e-01  -1.1514298e+00
  -1.5251722e-01  -1.0427326e-01  -1.1997176e+00
  -1.6644305e-01  -1.1737306e-01  -1.1810899e+00
  -1.7821553e-01  -1.0283049e-01  -1.1871232e+00
   1.2347118e-01  -3.7593422e-01  -1.2131051e+00
   6.4007046e-01   9.3782771e-02  -1.1562288e+00
  -1.4089328e-01  -2.0177042e-01  -1.1827284e+00
  -1.4878649e-01  -1.6980333e-01  -1.1925156e+00
  -4.1788902e-03  -2.8935089e-01  -1.1912270e+00
  -1.5237081e-01  -2.2583192e-01  -1.1921947e+00
  -1.4055754e-01  -1.6718089e-01  -1.1881474e+00
  -2.4370730e-02  -3.1260894e-01  -1.2171056e+00
  -1.9865864e-01  -1.9751805e-01  -1.1837396e+00
  -1.7362075e-01  -2.0957091e-01  -1.2007197e+00
  -1.6924401e-01  -2.2531578e-01  -1.2185147e+00
  -3.8594703e-02  -3.1971899e-01  -1.2246658e+00
  -1.5874926e-01  -2.6231651e-01  -1.2391188e+00
  -1.6478395e-01  -2.1026107e-01  -1.2082654e+00
  -1.8479224e-01  -1.4842916e-01  -1.1879385e+00
  -1.8637120e-01  -1.9656277e-01  -1.1794723e+00
  -1.8217444e-01  -1.3910210e-01  -1.1982738e+00
  -1.7793868e-01  -1.9212025e-01  -1.1618797e+00
  -5.5973927e-02  -3.3142580e-01  -1.2282792e+00
  -2.0942634e-01  -1.8927819e-01  -1.1728584e+00
  -1.9242777e-01  -2.3169317e-01  -1.1684352e+00
  -1.1345592e-01  -3.5322350e-01  -1.2165824e+00
  -2.1410256e-01  -2.4905929e-01  -1.1871305e+00
  -8.7229273e-02  -3.4355719e-01  -1.2339894e+00
  -1.8018959e-01  -2.3753480e-01  -1.2128208e+00
  -1.9913725e-01  -1.7093585e-01  -1.2428922e+00
  -1.7696302e-01  -2.2784039e-01  -1.2674860e+00
  -2.7577818e-01   3.6816999e-02  -1.2549875e+00
  -7.2946994e-02  -2.7992828e-01  -1.2503684e+00
  -7.2086144e-02  -3.8700344e-01  -1.2617631e+00
  -5.9548033e-02  -3.0823379e-01  -1.2520343e+00
  -1.9693789e-01  -1.8727600e-01  -1.1991500e+00
  -6.3332865e-02  -3.8035402e-01  -1.3134291e+00
  -1.9007426e-01  -2.2432031e-01  -1.2250058e+00
  -1.1269505e-01  -3.2502594e-01  -1.2529402e+00
  -2.4644409e-01  -2.6170649e-01  -1.2372449e+00
  -2.1664926e-01  -2.0440669e-01  -1.2239316e+00
  -2.2283018e-01  -1.9546677e-01  -1.2042942e+00
  -1.0852313e-01  -3.3202574e-01  -1.2641608e+00
  -2.0786332e-01  -2.5592200e-01  -1.2472014e+00
  -2.1613189e-01  -2.1177383e-01  -1.2495907e+00
  -1.0931952e-01  -3.6222336e-01  -1.2963564e+00
  -6.2488809e-02  -3.8021064e-01  -1.2849597e+00
  -1.7775927e-01  -2.3391057e-01  -1.2276240e+00
  -6.1113753e-02  -3.5880522e-01  -1.2465041e+00
  -2.1683273e-01  -2.2657712e-01  -1.2134526e+00
  -2.1306023e-01  -1.6256698e-01  -1.1865002e+00
  -7.9400930e-02  -3.6282399e-01  -1.2094845e+00
  -2.1975312e-01  -2.1464842e-01  -1.1902151e+00
  -2.2629019e-01  -2.3446717e-01  -1.1821841e+00
  -1.0599902e-01  -3.2836171e-01  -1.2086064e+00
  -2.3818574e-01  -1.8606200e-01  -1.2077306e+00
  -2.4282488e-01  -1.9753666e-01  -1.2022552e+00
  -6.3449394e-02  -3.8371247e-01  -1.2072368e+00
  -2.2240642e-01  -1.8227534e-01  -1.1425778e+00
  -9.5098815e-02  -2.9547730e-01  -1.1933836e+00
  -2.3195916e-01  -2.3367267e-01  -1.1553579e+00
  -9.4828137e-02  -2.7247336e-01  -1.2113900e+00
  -3.3232943e-01  -1.7036936e-01  -1.1795297e+00
   2.0000616e-01   3.4295530e-01  -1.2231668e+00
   6.9122946e-02   1.1609541e+00  -1.0847963e+00
  -2.2166063e-01  -1.6648725e-01  -1.2292905e+00
  -2.3018064e-01  -2.2921820e-01  -1.2181063e+00
  -2.7126625e-01  -1.7951335e-01  -1.2171038e+00
  -2.5986490e-01  -2.2054183e-01  -1.2072525e+00
  -3.5285311e-01  -1.6556374e-01  -1.1544315e+00
  -2.2812530e-01  -2.0025922e-01  -1.1813864e+00
  -3.5374511e-01  -1.4116770e-01  -1.1843936e+00
  -3.5694323e-01  -1.5757765e-01  -1.1906078e+00
  -2.1620116e-01  -2.0014415e-01  -1.1663295e+00
  -9.8066872e-02  -2.9959958e-01  -1.1797776e+00
  -2.5387755e-01  -2.9708382e-01  -1.1854945e+00
  -2.5565029e-01  -2.9086738e-01  -1.1886173e+00
  -1.3953922e-01  -3.4389190e-01  -1.2098522e+00
  -2.3402741e-01  -2.3486349e-01  -1.1948123e+00
  -2.5838164e-01  -2.0176609e-01  -1.1812383e+00
  -2.7166661e-01  -2.4062394e-01  -1.1732216e+00
  -2.9349426e-01  -2.6715422e-01  -1.1776699e+00
  -1.8528908e-01  -3.5207481e-01  -1.2138842e+00
  -2.6282186e-01  -2.4471993e-01  -1.1792569e+00
  -2.5500252e-01  -2.2040701e-01  -1.1730370e+00
  -1.2959772e-01  -3.3767117e-01  -1.2174074e+00
  -2.5840408e-01  -2.1727337e-01  -1.1734411e+00
  -9.8355526e-02  -4.0416402e-01  -1.2039387e+00
  -2.4752426e-01  -2.9215842e-01  -1.1856392e+00
  -3.2153215e-01  -5.6724164e-01  -1.2382932e+00
  -4.4985712e-01  -2.3621988e-01  -1.2357575e+00
  -4.0128566e-01   1.7420138e-01  -1.1953013e+00
  -2.4625085e-01  -1.3360874e-01  -1.1813933e+00
  -2.1548183e-01  -2.1793089e-01  -1.2152951e+00
  -2.6683821e-01  -1.8953581e-01  -1.2002783e+00
  -2.5126789e-01  -2.0105134e-01  -1.1843093e+00
  -1.6875734e-01  -3.1282328e-01  -1.2358518e+00
  -3.1226068e-01  -2.2769272e-01  -1.1704793e+00
  -1.5776690e-01  -3.1935132e-01  -1.1975689e+00
  -3.0185851e-01  -2.6638871e-01  -1.1956827e+00
  -4.8214999e-02  -4.6436375e-01  -1.2451818e+00
  -3.1736717e-01  -2.5882851e-01  -1.1678743e+00
  -1.6685507e-01  -4.3756562e-01  -1.1867171e+00
  -2.2441560e-01  -3.5616747e-01  -1.1904327e+00
  -3.5191465e-01  -2.7825770e-01  -1.1170251e+00
  -3.4855388e-01  -2.3886731e-01  -1.1358846e+00
  -3.3925737e-01  -2.5910282e-01  -1.1612094e+00
  -2.0782797e-01  -2.9914062e-01  -1.1594102e+00
  -3.2279817e-01  -1.9106236e-01  -1.1720117e+00
  -3.1109180e-01  -1.6146097e-01  -1.1828137e+00
  -3.1842846e-01  -1.6033466e-01  -1.1718395e+00
  -1.7838564e-01  -2.6631348e-01  -1.2078024e+00
  -2.1354076e-01  -2.7319778e-01  -1.1656846e+00
  -3.2303810e-01  -1.9218810e-01  -1.1322033e+00
  -2.1519412e-01  -3.5706813e-01  -1.1966598e+00
  -1.7781755e-01  -3.4988449e-01  -1.1952782e+00
  -3.2052144e-01  -1.5919426e-01  -1.2011125e+00
  -3.6440010e-01  -5.8026021e-03  -1.1628836e+00
  -1.9127031e-01  -3.6426248e-01  -1.1991410e+00
  -3.2709764e-01  -3.0281074e-01  -1.1552989e+00
  -3.3267046e-01  -2.8573064e-01  -1.1672171e+00
  -3.2977357e-01  -2.7910804e-01  -1.1751731e+00
  -3.6372888e-01  -2.6399684e-01  -1.1494895e+00
  -3.2646234e-01  -2.6099064e-01  -1.1634729e+00
  -3.5556060e-01  -2.8372057e-01  -1.1385597e+00
  -3.4863643e-01  -2.9243721e-01  -1.1431099e+00
  -2.1791331e-01  -4.2689219e-01  -1.1526905e+00
  -2.6478614e-01  -2.8367255e-01  -1.1530236e+00
  -3.7157621e-01  -2.7561502e-01  -1.1122831e+00
  -2.1351084e-01  -4.3023256e-01  -1.1850082e+00
  -3.4103292e-01  -2.7880561e-01  -1.1157773e+00
  -2.5536827e-01  -3.8969060e-01  -1.1469033e+00
  -3.7464351e-01  -3.0836787e-01  -1.0918877e+00
  -3.7572530e-01  -2.3206841e-01  -1.1171211e+00
  -1.9424296e-01  -4.2747163e-01  -1.1608361e+00
  -3.7656111e-01  -3.3797966e-01  -1.1108117e+00
  -2.1948711e-01  -4.5592882e-01  -1.1715435e+00
  -3.8946309e-01  -3.4647687e-01  -1.1139874e+00
  -1.9713391e-01  -2.2133996e-01  -1.1892118e+00
