  -9.1080161e-02   7.1258459e-01  -1.2024844e+00
  -9.6613623e-02   9.3832689e-01  -1.2135594e+00
  -8.5312180e-02   8.8636361e-01  -1.2223581e+00
  -7.8803765e-02   8.5762597e-01  -1.2131185e+00
   6.6864326e-01   1.0700777e+00  -1.3513548e+00
   3.7360178e-01   1.8503704e+00  -1.2163114e+00
  -1.6270279e-01   9.1347676e-01  -1.3217928e+00
  -3.5447258e-03   9.2606906e-01  -1.3178631e+00
   4.8352029e-02   1.3554727e+00  -1.2603272e+00
   3.5111594e-01   2.7889331e+00  -6.6920118e-01
  -1.2589894e-01   1.0051812e+00  -1.2215625e+00
   4.7627303e-01   1.9198489e+00  -1.2500869e+00
   1.2205610e-01   8.2663952e-01  -1.2736094e+00
  -2.8472102e-02   9.1449994e-01  -1.2939356e+00
  -7.2173806e-02   9.7509038e-01  -1.2681687e+00
   3.1228272e-02   1.1202801e+00  -1.2457003e+00
  -9.3403108e-02   1.0479901e+00  -1.2410449e+00
   1.6621689e-01   1.0011030e+00  -1.2592274e+00
   1.3201018e-01   1.0810116e+00  -1.2821430e+00
  -7.1592169e-02   1.0105227e+00  -1.3112064e+00
  -2.6145736e-02   1.0090029e+00  -1.3299505e+00
  -5.3157740e-02   9.7558953e-01  -1.2870598e+00
  -4.6696761e-02   1.0457332e+00  -1.2886990e+00
   1.4126055e-01   7.4376099e-01  -1.3400984e+00
  -6.2618178e-02   9.9640368e-01  -1.3157119e+00
  -6.1678575e-02   1.0272729e+00  -1.3268082e+00
  -7.8737610e-02   1.0340928e+00  -1.2991979e+00
  -5.7588284e-02   1.0332684e+00  -1.2866269e+00
  -1.0406660e-01   9.5906399e-01  -1.3040231e+00
  -8.2527444e-02   9.5572198e-01  -1.2813812e+00
  -9.5374943e-02   9.0752368e-01  -1.2563948e+00
  -7.0612875e-02   9.4712217e-01  -1.2934118e+00
  -9.5164486e-02   9.4546942e-01  -1.2713182e+00
   8.9631507e-02   7.1746172e-01  -1.3015016e+00
  -6.4101467e-02   9.3858767e-01  -1.3136942e+00
  -1.0868793e-01   9.8412431e-01  -1.2785905e+00
  -6.6030471e-02   1.0036537e+00  -1.2903363e+00
  -1.2821240e-01   9.9392240e-01  -1.2771558e+00
  -1.3674804e-01   1.0257958e+00  -1.2792268e+00
  -9.5044687e-02   1.0414258e+00  -1.3043591e+00
  -5.1998531e-02   9.5512579e-01  -1.3274682e+00
   6.0223862e-02   7.6947945e-01  -1.3481659e+00
  -4.9712859e-02   9.5610353e-01  -1.3277643e+00
  -7.9212744e-02   9.6978988e-01  -1.3244682e+00
  -7.1602309e-02   9.7265470e-01  -1.3236702e+00
   1.2147805e-01   7.2679223e-01  -1.3692766e+00
  -3.1017553e-02   9.0931031e-01  -1.3536710e+00
  -9.3469588e-02   9.4483263e-01  -1.3218996e+00
  -5.8399574e-02   8.9602334e-01  -1.3304782e+00
  -5.3536205e-02   8.9526689e-01  -1.3248773e+00
   1.1550930e-01   6.5698169e-01  -1.3570486e+00
  -8.2532193e-02   9.0040742e-01  -1.3113257e+00
  -8.4971389e-02   8.9887819e-01  -1.3167485e+00
  -6.0736902e-02   8.8200445e-01  -1.3224747e+00
   2.0321592e-02   8.5526192e-01  -1.3257811e+00
  -7.3021106e-02   9.2827165e-01  -1.3266643e+00
  -4.8842516e-02   9.1875457e-01  -1.3303219e+00
  -4.4134298e-02   8.9023636e-01  -1.3331680e+00
  -4.9410856e-02   8.6425171e-01  -1.3283338e+00
   1.1206856e-01   7.3417706e-01  -1.3781542e+00
  -9.9255385e-02   9.1174731e-01  -1.3180343e+00
  -5.3017013e-02   9.2822375e-01  -1.3307790e+00
  -9.2965938e-02   1.0102526e+00  -1.3334729e+00
  -7.3398893e-02   8.8966292e-01  -1.3281947e+00
  -3.3953542e-04   9.3521393e-01  -1.3600717e+00
   3.9298486e-02   9.9723795e-01  -1.3638789e+00
   1.0904024e-01   6.8117447e-01  -1.3797460e+00
  -2.4882436e-02   8.6188039e-01  -1.3495629e+00
  -9.9416814e-02   8.9777869e-01  -1.3192367e+00
  -1.5706908e-01   1.0609807e+00  -1.3463564e+00
  -7.4582036e-02   9.8558977e-01  -1.3332307e+00
  -5.0451258e-02   9.3633816e-01  -1.3292706e+00
   1.3842604e-01   6.6983786e-01  -1.3895477e+00
  -3.1279124e-02   9.0520601e-01  -1.3574390e+00
  -4.9192757e-02   9.1317178e-01  -1.3530410e+00
  -3.0267617e-02   8.8845861e-01  -1.3511060e+00
   1.0541452e-01   7.3350874e-01  -1.3616357e+00
  -6.6652338e-02   7.9723676e-01  -1.3093688e+00
   1.8812074e-01   5.7519161e-01  -1.3742227e+00
  -1.1241585e-01   9.2673997e-01  -1.3030263e+00
  -1.6656213e-01   9.2722494e-01  -1.2899682e+00
  -8.0362852e-02   9.3152607e-01  -1.3195944e+00
  -2.1107150e-01   8.4922356e-01  -1.3216092e+00
  -1.4111582e-01   9.3214342e-01  -1.3080101e+00
   6.9326436e-02   6.3112537e-01  -1.3498972e+00
  -1.8663102e-01   9.4499173e-01  -1.3074039e+00
  -1.2931809e-01   9.3717034e-01  -1.3219018e+00
  -1.1032987e-01   9.0198633e-01  -1.3271076e+00
  -1.3209921e-01   9.1678748e-01  -1.3160802e+00
  -1.4711947e-01   9.6575727e-01  -1.3335235e+00
  -1.0699134e-01   9.0770569e-01  -1.3276538e+00
   2.3238205e-02   7.4477741e-01  -1.3677133e+00
  -8.2523582e-02   8.6596554e-01  -1.3410639e+00
   1.0750739e-01   6.2519066e-01  -1.3841871e+00
  -9.2199402e-02   9.8123353e-01  -1.3356455e+00
  -1.4635490e-01   9.4850825e-01  -1.3242860e+00
   1.1809938e-02   9.3938861e-01  -1.3333546e+00
  -1.5484505e-01   9.8437964e-01  -1.3216396e+00
  -1.3819799e-01   9.5614134e-01  -1.3191112e+00
  -9.1393603e-02   9.4926379e-01  -1.3452051e+00
  -1.7027591e-01   1.2226334e+00  -1.3489031e+00
   6.6996536e-02   7.1756764e-01  -1.3510915e+00
  -8.3678058e-02   9.2114997e-01  -1.3470919e+00
  -1.2892945e-01   8.8377043e-01  -1.3334285e+00
  -1.6044378e-01   9.3401412e-01  -1.3353022e+00
  -1.5880229e-01   8.9759101e-01  -1.3448636e+00
  -5.8709467e-02   9.2378301e-01  -1.3863206e+00
  -7.9251385e-02   9.9100246e-01  -1.3357575e+00
  -1.1041497e-01   9.7483203e-01  -1.3284959e+00
  -8.0850677e-02   9.0953754e-01  -1.3515826e+00
   8.1814554e-02   6.7754826e-01  -1.3788502e+00
  -1.3764112e-01   9.3779309e-01  -1.3400690e+00
  -1.5339141e-01   9.5695727e-01  -1.3319789e+00
  -1.4605872e-01   9.0068199e-01  -1.3236988e+00
  -2.8371612e-03   6.5520282e-01  -1.3691266e+00
  -1.7192971e-01   9.9087869e-01  -1.3217621e+00
  -1.6345815e-01   9.6418676e-01  -1.3170904e+00
   5.4858689e-03   7.9495230e-01  -1.3619445e+00
  -1.5019122e-01   9.6179234e-01  -1.3276718e+00
  -1.3011692e-01   9.3216252e-01  -1.3329712e+00
  -1.3598606e-01   8.7443795e-01  -1.3297688e+00
  -9.9487883e-02   9.2066692e-01  -1.3525822e+00
   8.8404833e-02   6.0891973e-01  -1.3820541e+00
   1.0424249e-01   5.3687176e-01  -1.3783159e+00
  -1.0178314e-01   8.5475170e-01  -1.3320958e+00
  -2.5884072e-01   8.6985211e-01  -1.3436684e+00
  -1.0211020e-01   8.4163676e-01  -1.3467583e+00
  -1.0005974e-01   8.7505058e-01  -1.3539734e+00
  -1.0307421e-01   9.0576017e-01  -1.3469904e+00
  -7.2698675e-02   8.7862005e-01  -1.3672345e+00
  -1.1836508e-01   9.4008815e-01  -1.3525487e+00
  -1.0063027e-01   9.5912525e-01  -1.3431739e+00
  -1.1586335e-01   9.2563465e-01  -1.3412276e+00
  -1.1941265e-01   9.4102739e-01  -1.3407405e+00
   8.9411956e-02   7.0686424e-01  -1.3726722e+00
  -1.5067437e-01   9.1792747e-01  -1.3233379e+00
  -1.5445148e-01   9.7758326e-01  -1.3282940e+00
  -1.5253666e-01   9.4229659e-01  -1.3080309e+00
  -7.2614278e-02   9.6774166e-01  -1.3612701e+00
  -1.1640753e-01   9.6584691e-01  -1.3601474e+00
   6.3891756e-02   7.0804619e-01  -1.3805334e+00
  -2.2892666e-01   9.6722282e-01  -1.3395437e+00
   2.0127643e-01   2.3421465e+00  -1.3165438e+00
  -1.4875840e-01   1.3259176e+00  -1.2457928e+00
  -6.2166411e-02   9.9655666e-01  -1.3488307e+00
  -3.8276873e-02   6.7195193e-01  -1.4089692e+00
  -2.6140183e-01   1.0911708e+00  -1.3185256e+00
  -1.7994113e-01   8.4324202e-01  -1.3129811e+00
  -1.8180098e-01   9.6367366e-01  -1.3256547e+00
  -1.4419664e-01   8.9656082e-01  -1.3195474e+00
   1.5424931e-01   5.3773418e-01  -1.3784025e+00
  -1.4559249e-01   8.8925705e-01  -1.3264898e+00
  -7.6820880e-02   8.1840664e-01  -1.3289505e+00
  -4.8101990e-02   9.4096484e-01  -1.3196875e+00
