  -1.1223211e+00  -7.8511041e-02  -1.6575729e+00
  -1.1137659e+00  -5.1625461e-02  -1.6762084e+00
  -1.1012038e+00   9.3609455e-02  -1.6622391e+00
  -1.0881138e+00   8.5439021e-03  -1.7041692e+00
  -7.2007845e-01  -2.8788363e-01  -1.8904457e+00
  -1.0173298e+00  -2.3503384e-01  -1.8116622e+00
  -1.0073601e+00  -1.6480538e-01  -1.8115311e+00
  -9.5154154e-01  -7.6237564e-02  -1.8517162e+00
  -1.0388525e+00  -5.1071447e-02  -1.7544526e+00
  -1.0388647e+00   9.7481691e-02  -1.8140804e+00
  -1.0235909e+00  -4.8431096e-02  -1.8599558e+00
  -1.0522037e+00  -1.2979054e-02  -1.8511923e+00
  -1.0388900e+00   1.8690584e-02  -1.8288326e+00
  -1.0516108e+00   2.7380374e-03  -1.8155628e+00
  -1.0597031e+00  -1.0818900e-03  -1.8058039e+00
  -9.5821439e-01   2.8174488e-02  -1.8004789e+00
  -7.5008145e-01  -2.6336080e-01  -1.8273961e+00
  -1.0267441e+00  -4.6730398e-02  -1.8277076e+00
  -1.0101342e+00   2.0998937e-02  -1.8134153e+00
  -1.0307679e+00  -2.4649374e-02  -1.8299761e+00
  -9.8575025e-01  -3.3160541e-02  -1.8143047e+00
  -1.0109493e+00  -8.3990185e-02  -1.7655018e+00
  -1.0411063e+00  -2.4887247e-02  -1.7777651e+00
  -9.6328961e-01  -4.5726487e-02  -1.7836534e+00
  -4.8277425e-01  -2.5926244e-01  -1.8314424e+00
  -1.0180822e+00   1.1390854e+00  -1.6230462e+00
  -1.0501392e+00   3.3842456e-01  -1.6632544e+00
  -1.0632300e+00   2.8522188e-01  -1.7286096e+00
  -1.0339680e+00   3.2607362e-03  -1.7103202e+00
  -9.8972784e-01  -1.1604203e-01  -1.7245895e+00
  -9.5364843e-01  -9.1108736e-02  -1.7546865e+00
  -7.4811933e-01  -3.6088594e-01  -1.7927615e+00
  -9.7274789e-01  -1.6657015e-01  -1.7543355e+00
  -9.7910293e-01  -1.6476964e-01  -1.7271785e+00
  -7.4738761e-01   4.6690431e-01  -1.6292157e+00
  -1.0738348e+00   2.6661178e-01  -1.6429846e+00
  -1.0263864e+00   1.5850780e-01  -1.7449546e+00
  -1.0130459e+00   7.2609166e-02  -1.7962085e+00
  -1.0502442e+00   2.6459901e-02  -1.7708053e+00
  -8.1836928e-01  -2.3504989e-01  -1.8239947e+00
  -1.0452468e+00   2.4185521e-02  -1.8106539e+00
  -1.0222835e+00   1.1568864e-01  -1.7593752e+00
  -1.0653748e+00  -2.1593209e-02  -1.8084755e+00
  -1.0378347e+00  -4.2602231e-03  -1.8211134e+00
  -1.0357885e+00  -3.5387439e-02  -1.8205738e+00
  -1.0885483e+00  -2.5759643e-02  -1.7760269e+00
  -1.0972328e+00  -4.3919595e-02  -1.7869638e+00
  -1.1202936e+00  -9.9766906e-02  -1.7765364e+00
  -8.3729902e-01  -1.9171455e-01  -1.8286058e+00
  -1.0675725e+00  -3.7889550e-02  -1.8064795e+00
  -1.0605875e+00  -9.4610538e-02  -1.7969132e+00
  -1.0586895e+00  -6.0563683e-02  -1.7863605e+00
  -1.0794612e+00   1.1881824e-02  -1.7875170e+00
  -1.0486070e+00   1.2952945e-01  -1.7690926e+00
  -1.0363758e+00   7.1682479e-03  -1.7809767e+00
  -1.0228037e+00  -6.7170252e-02  -1.8706052e+00
  -1.0342242e+00  -3.8629740e-02  -1.8298267e+00
  -1.0377549e+00  -7.1342639e-02  -1.7916787e+00
  -1.0735593e+00  -4.7106882e-03  -1.7648858e+00
  -9.5854718e-01  -5.2565615e-02  -1.8456801e+00
  -1.0309255e+00  -2.4485282e-02  -1.8533243e+00
  -1.0095453e+00   2.8103437e-02  -1.8177535e+00
  -7.9378247e-01  -2.0980483e-01  -1.8440218e+00
  -1.0859465e+00  -3.7301915e-02  -1.8152207e+00
  -1.0684702e+00  -3.1538405e-02  -1.8156034e+00
  -1.0780605e+00  -2.7820920e-02  -1.7863790e+00
  -1.0435107e+00  -3.3378016e-02  -1.8061180e+00
  -1.0368728e+00   4.3955305e-01  -1.7425909e+00
  -6.5445857e-01   6.7009456e-01  -1.6957312e+00
  -1.0041561e+00  -1.0701703e-01  -1.6883900e+00
  -1.2303253e+00   1.0565515e+00  -1.5992000e+00
  -1.0307144e+00  -6.7062880e-02  -1.7480501e+00
  -1.0097567e+00  -1.1405890e-01  -1.7810272e+00
  -1.0495267e+00  -1.4044488e-01  -1.7638699e+00
  -1.0085154e+00  -1.7391840e-01  -1.7693222e+00
  -5.5535928e-01   5.5267719e-01  -1.7242978e+00
   3.1524165e-01   1.2925310e+00  -1.7274612e+00
   3.0094454e+00   4.3414226e+00  -1.3398174e+00
   4.4274897e+00   4.3496348e+00  -1.1792745e+00
  -4.7185214e-01   9.0588889e-01  -1.7418898e+00
  -8.8603836e-01   3.0126389e-01  -1.8189627e+00
  -5.1048817e-01   5.6589302e-01  -1.7891248e+00
  -1.0057941e+00   1.6334122e-01  -1.7975803e+00
  -1.0038621e+00   2.0430737e-01  -1.7906281e+00
  -1.0063906e+00   1.8091683e-01  -1.7627384e+00
  -1.0119589e+00   1.2440326e-01  -1.7406918e+00
  -9.9847234e-01   1.3006936e-01  -1.7625377e+00
  -1.0144491e+00   1.1156638e-01  -1.7519113e+00
  -1.0423853e+00   6.9909023e-02  -1.7873924e+00
  -4.5454718e-01  -4.0824539e-01  -1.8976041e+00
  -1.0808525e+00   1.1340307e-02  -1.7853253e+00
  -1.0464382e+00   5.2378602e-02  -1.7706309e+00
  -1.0300298e+00   3.5139976e-02  -1.8212469e+00
  -1.0606440e+00   5.2046556e-02  -1.7619129e+00
  -1.0444752e+00   1.5280330e-01  -1.7512542e+00
  -1.0545953e+00   7.1460817e-02  -1.8000009e+00
  -1.0649991e+00   1.3253394e-01  -1.7118181e+00
  -1.0595624e+00   8.3293585e-02  -1.7565138e+00
  -1.0292859e+00   9.6860320e-02  -1.8029935e+00
  -7.5476964e-01  -1.6089754e-01  -1.8307965e+00
  -1.0235289e+00   4.8167986e-02  -1.8364390e+00
  -1.0442744e+00   6.2374900e-02  -1.8229856e+00
  -1.0116063e+00   8.4291173e-02  -1.7782276e+00
  -1.0346335e+00   1.0235618e-01  -1.7685088e+00
  -4.9782422e-01   6.5008261e-01  -1.7542785e+00
   5.2002815e-01   1.7466963e+00  -1.7303589e+00
  -9.4778767e-01  -1.0170409e+00  -1.8138248e+00
  -8.4202648e-01  -8.9383565e-01  -1.7606021e+00
  -9.8418622e-01  -1.0457641e+00  -1.8089348e+00
  -7.5448525e-01  -8.3665648e-01  -1.8095007e+00
  -8.2884989e-01  -8.3341531e-01  -1.7994585e+00
  -8.7880135e-01  -9.6004226e-01  -1.7564783e+00
  -6.2653194e-01  -1.1268213e+00  -1.8398085e+00
  -7.4355592e-01  -9.4601441e-01  -1.8256071e+00
  -8.4389498e-01  -9.5205302e-01  -1.7903792e+00
  -8.1454138e-01  -9.0445846e-01  -1.8122564e+00
  -8.9045653e-01  -9.4532197e-01  -1.8409587e+00
  -8.6539468e-01  -9.7429527e-01  -1.8177189e+00
  -8.5883405e-01  -7.7960891e-01  -1.8161750e+00
  -8.4431674e-01  -6.6517145e-01  -1.8727927e+00
  -8.4702726e-01  -9.5583145e-01  -1.8110524e+00
  -5.8870656e-01  -1.1587913e+00  -1.8398370e+00
  -8.6567528e-01  -9.9969442e-01  -1.8331178e+00
  -8.4108236e-01  -9.7297642e-01  -1.8270741e+00
  -8.3701386e-01  -9.6577113e-01  -1.8229069e+00
  -8.3965939e-01  -9.8785579e-01  -1.8159048e+00
  -8.5937818e-01  -9.3164369e-01  -1.7927729e+00
  -8.5949261e-01  -1.0010565e+00  -1.8509246e+00
  -8.9853125e-01  -9.7779200e-01  -1.7856566e+00
  -8.9077825e-01  -9.4613563e-01  -1.7585138e+00
  -8.8656218e-01  -9.1706562e-01  -1.7826018e+00
  -8.7948447e-01  -9.9800180e-01  -1.8004084e+00
  -3.3166450e-01  -1.2848706e+00  -1.8580746e+00
  -8.7232843e-01  -8.8833032e-01  -1.7646269e+00
  -9.0717891e-01  -9.9468083e-01  -1.7841509e+00
  -9.6852408e-01  -8.1947699e-01  -1.7726693e+00
  -7.5163077e-01  -1.0033710e+00  -1.7986832e+00
  -8.8692234e-01  -9.3630340e-01  -1.8025499e+00
  -8.4792700e-01  -9.2625327e-01  -1.8060302e+00
  -9.0647168e-01  -8.9805553e-01  -1.8136256e+00
  -8.8922635e-01  -9.3597566e-01  -1.8084014e+00
  -8.2419313e-01  -8.5839492e-01  -1.8317403e+00
  -7.0376862e-01  -8.9928184e-01  -1.8375815e+00
  -5.5906446e-01  -9.7679232e-01  -1.8724525e+00
  -3.8644617e-01  -8.8624902e-01  -1.8902595e+00
  -2.7514397e-01  -9.0588866e-01  -1.8749863e+00
  -6.7148410e-02  -1.2772363e+00  -1.9517485e+00
  -8.4724055e-01  -8.7551465e-01  -1.7469773e+00
  -8.2940627e-01  -7.8432336e-01  -1.7523265e+00
  -8.6879128e-01  -8.5289217e-01  -1.7228792e+00
  -8.4646910e-01  -8.4055675e-01  -1.7579092e+00
  -3.5697045e-01  -5.6087587e-01  -1.8181184e+00
  -1.0560081e+00  -7.9506197e-01  -1.7849645e+00
  -8.3995045e-01  -1.7658486e-01  -1.7812430e+00
