   4.4293829e+00  -3.5026291e+00  -2.5341808e+00
   5.3339645e-01   3.9449995e+00  -1.7427825e+00
  -1.0185929e-01   1.8401386e+00  -1.5913189e+00
   2.1723985e-01   2.9823907e+00  -1.5202543e+00
  -3.3131276e-01   1.2469122e+00  -1.7225045e+00
  -2.9423950e-01   7.4686420e-01  -1.7773738e+00
  -3.1753195e-01   5.9447902e-01  -1.7621860e+00
  -4.0125927e-01   4.5216917e-01  -1.7764681e+00
  -3.8487860e-01   4.7740081e-01  -1.7781660e+00
  -4.1176083e-01   6.4017865e-01  -1.6692073e+00
  -4.7318865e-01   5.1285374e-01  -1.7083540e+00
   6.7839461e-02   7.0282723e-01  -1.7706057e+00
  -1.5024053e-01   1.0352456e+00  -1.7387456e+00
  -4.8350051e-01   9.3425373e-01  -1.6566780e+00
  -4.9247368e-01   5.7552984e-01  -1.6764339e+00
  -4.0275990e-01   6.8732070e-01  -1.6701689e+00
   4.6127020e-01   2.7186536e+00  -1.4693831e+00
  -7.2790494e-01   5.6652285e-01  -1.6002802e+00
  -1.1849363e+00   7.5172981e-01  -1.6276605e+00
  -7.2872182e-01   6.9361862e-01  -1.6330145e+00
  -6.8645739e-01   5.4533454e-01  -1.7174226e+00
  -7.3704266e-01   6.2085081e-01  -1.6707995e+00
  -6.8197312e-01   4.7176860e-01  -1.7340655e+00
  -6.7017457e-01   3.0961963e-01  -1.6547976e+00
  -1.3679421e+00   1.5653048e+00  -1.6228403e+00
  -6.3493044e-01   1.2050062e+00  -1.6369394e+00
  -8.4611911e-01   7.7165871e-01  -1.6485080e+00
  -7.8220375e-01   6.4938096e-01  -1.7082444e+00
  -7.6835440e-01   5.7082343e-01  -1.7191113e+00
  -7.9321438e-01   5.7763747e-01  -1.7354472e+00
  -8.1616420e-01   5.0904364e-01  -1.7238710e+00
  -8.3911715e-01   5.1659282e-01  -1.7096557e+00
  -7.8696447e-01   5.1204018e-01  -1.7572201e+00
  -7.3019907e-01   5.5260404e-01  -1.7450273e+00
  -7.9176145e-01   4.5745417e-01  -1.7272527e+00
  -8.1346168e-01   4.8259601e-01  -1.7672577e+00
  -9.1688218e-01   5.1922891e-01  -1.7091117e+00
  -3.4129473e-01   1.0130769e-01  -1.8446068e+00
  -8.2785765e-01   5.3811505e-01  -1.7423134e+00
  -8.3359429e-01   4.3288574e-01  -1.7473965e+00
  -8.3878224e-01   4.2442655e-01  -1.7450206e+00
  -8.8103959e-01   4.1968025e-01  -1.7348432e+00
  -8.5495623e-01   4.2082734e-01  -1.7473504e+00
  -8.9009531e-01   4.2603768e-01  -1.7748861e+00
  -8.9961471e-01   4.7489651e-01  -1.8209173e+00
  -9.2879154e-01   5.3411724e-01  -1.7968390e+00
  -9.1178206e-01   5.5797393e-01  -1.8050462e+00
  -9.1468761e-01   5.7170630e-01  -1.7743554e+00
  -4.3625707e-01   6.0037963e-02  -1.8780946e+00
  -8.8033905e-01   4.6299907e-01  -1.7186408e+00
  -8.7606710e-01   4.8484506e-01  -1.7827418e+00
  -8.3617166e-01   5.1960803e-01  -1.7946756e+00
  -8.3434501e-01   5.7193462e-01  -1.7734694e+00
  -8.6537335e-01   5.5108081e-01  -1.7444815e+00
  -8.5828006e-01   5.2843682e-01  -1.7797011e+00
  -8.2707216e-01   5.2789354e-01  -1.7992765e+00
  -8.1699725e-01   5.1701093e-01  -1.7597162e+00
  -8.6467315e-01   4.3870367e-01  -1.6751267e+00
  -6.1455942e-01  -1.4311405e-02  -1.6964746e+00
  -4.8138595e-01   1.1816610e+00  -1.5752853e+00
  -9.0051735e-01   1.1597741e+00  -1.6074211e+00
  -7.8747609e-01   5.3702075e-01  -1.6811036e+00
  -8.1064420e-01   3.7507175e-01  -1.6925776e+00
  -7.8342342e-01   3.9452500e-01  -1.7336866e+00
  -7.7738841e-01   3.2959406e-01  -1.7214350e+00
  -1.7836912e-01   9.1038064e-01  -1.6974370e+00
  -1.2825626e-01   1.1554753e+00  -1.6280053e+00
  -7.4413993e-01   5.2589150e-01  -1.7067884e+00
  -7.5591138e-01   4.4010979e-01  -1.7390081e+00
  -7.4461150e-01   4.4228326e-01  -1.7692442e+00
  -7.9021923e-01   4.9910401e-01  -1.7336673e+00
  -7.5727894e-01   4.3867574e-01  -1.7665701e+00
  -8.3012463e-01   3.4835593e-01  -1.7146141e+00
  -8.7431950e-01   4.5409122e-01  -1.6709273e+00
  -8.1098205e-01   4.9862499e-01  -1.7826703e+00
  -8.1523068e-01   5.1440586e-01  -1.7917063e+00
  -6.4520406e-01   3.3253347e-01  -1.8445683e+00
  -7.8840332e-01   3.3775280e-01  -1.8028099e+00
  -8.8811517e-01   4.1727898e-01  -1.7856302e+00
  -8.9294046e-01   4.4938033e-01  -1.7700526e+00
  -5.1450925e-01   1.6878319e+00  -1.8558869e+00
  -7.9731163e-01   3.8029394e-01  -1.8328328e+00
  -8.5975048e-01   4.6857186e-01  -1.7586090e+00
  -8.5908341e-01   4.6039778e-01  -1.7438300e+00
  -8.5188301e-01   5.1091990e-01  -1.7369664e+00
  -7.2227814e-01   5.3013637e-01  -1.7382911e+00
  -5.1594530e-01   8.5527362e-01  -1.7438004e+00
  -7.4165929e-01   4.9331552e-01  -1.6404993e+00
  -9.8842304e-01   7.8289300e-01  -1.6162859e+00
  -8.5471682e-01   3.9254094e-01  -1.6861617e+00
  -8.9589287e-01   3.0918666e-01  -1.7147549e+00
  -9.1425320e-01   3.1567789e-01  -1.7192743e+00
  -8.6537172e-01   3.8917871e-01  -1.7050151e+00
  -9.2373473e-01   2.1852763e-01  -1.7340583e+00
  -9.3258251e-01   2.5909848e-01  -1.7263881e+00
  -8.3661020e-01   1.5446072e+00  -1.6476087e+00
  -6.9510604e-01   1.1358627e+00  -1.7062219e+00
  -7.8885530e-01   1.5714656e+00  -1.7037747e+00
  -8.4170786e-01   1.2148895e+00  -1.6120900e+00
  -8.7154985e-01   6.1504549e-01  -1.7042550e+00
  -8.6578511e-01   5.4720135e-01  -1.7186807e+00
  -8.3556730e-01   5.6421824e-01  -1.7493878e+00
  -8.7945952e-01   5.3505106e-01  -1.7266200e+00
  -8.5974223e-01   5.4264826e-01  -1.7360036e+00
  -8.5752435e-01   6.1680563e-01  -1.7592393e+00
  -9.0348413e-01   6.7668974e-01  -1.7258167e+00
  -9.0880796e-01   5.9024396e-01  -1.7590049e+00
  -8.1952772e-01   6.6244477e-01  -1.7801506e+00
  -8.8793784e-01   5.1413740e-01  -1.7642896e+00
  -6.5219265e-01   2.3069727e-01  -1.8017482e+00
  -9.0913323e-01   5.1456354e-01  -1.7968504e+00
  -6.3298770e-01   3.2692733e-01  -1.8155090e+00
  -8.6627603e-01   4.9268091e-01  -1.7830327e+00
  -9.0772998e-01   4.6947044e-01  -1.7683766e+00
  -8.9415362e-01   5.1351268e-01  -1.7650533e+00
  -8.9458670e-01   4.7355570e-01  -1.7759546e+00
  -9.4264706e-01   4.9307017e-01  -1.7450352e+00
  -9.6450749e-01   5.6213697e-01  -1.7354237e+00
  -9.5507876e-01   5.4310687e-01  -1.7932059e+00
  -8.9668732e-01   5.1071566e-01  -1.7863909e+00
  -9.3122475e-01   4.8277010e-01  -1.7739900e+00
  -9.1943475e-01   5.5433253e-01  -1.7868641e+00
  -9.5836316e-01   4.3865079e-01  -1.8082035e+00
  -6.4586356e-01   2.1037438e-01  -1.8225176e+00
  -7.3345907e-01   2.7085410e-01  -1.7874525e+00
  -9.2545091e-01   4.9501137e-01  -1.8225921e+00
  -9.7509789e-01   5.5851026e-01  -1.7618764e+00
  -9.0110183e-01   6.2270495e-01  -1.7568608e+00
  -9.0576968e-01   6.0149751e-01  -1.7710527e+00
  -8.5745042e-01   6.0864813e-01  -1.7541997e+00
  -8.6234374e-01   5.5094008e-01  -1.7503415e+00
  -8.1388297e-01   6.4173596e-01  -1.7576248e+00
   4.1947541e-01   2.9036064e-01  -1.8969359e+00
   1.7960191e+00   8.9234706e-01  -1.8194372e+00
  -5.1668754e-01  -2.8023995e-01  -1.7101847e+00
  -7.3362340e-01  -3.2437663e-01  -1.6970187e+00
  -7.2885762e-01  -4.1293288e-01  -1.6897196e+00
  -7.4690639e-01  -4.1670891e-01  -1.7102253e+00
  -7.2214746e-01  -4.4586036e-01  -1.7184322e+00
  -7.2322488e-01  -4.4513748e-01  -1.7089396e+00
  -7.1891431e-01  -4.6578456e-01  -1.7084641e+00
  -7.1788125e-01  -3.7233186e-01  -1.7559094e+00
  -7.5800572e-01  -3.9695014e-01  -1.7738035e+00
  -7.4608154e-01  -4.2660375e-01  -1.7815395e+00
  -7.3088655e-01  -5.1817188e-01  -1.8164321e+00
  -8.6907268e-01  -2.1205717e-01  -1.8338632e+00
  -7.2357863e-01  -4.7869963e-01  -1.8187344e+00
  -6.9121795e-01  -4.7180972e-01  -1.8087834e+00
  -7.3198626e-01  -4.8705161e-01  -1.8041366e+00
  -6.9620814e-01  -4.9400682e-01  -1.7954310e+00
  -8.7374465e-01  -5.2152688e-01  -1.8224862e+00
  -7.9156559e-01  -5.4328626e-01  -1.8076972e+00
  -7.5989623e-01  -4.8851527e-01  -1.8071677e+00
  -6.7749968e-01   4.8537835e-01  -1.7438942e+00
