   1.8250547e-01  -3.1385193e-02  -1.7270752e+00
   1.0090007e-01  -1.1234290e-01  -1.7433610e+00
   6.9100341e-02  -9.5982130e-02  -1.7297881e+00
   7.6121825e-02  -6.9772964e-02  -1.7337743e+00
   6.5451694e-01  -3.8823323e-01  -1.9466115e+00
   1.8104702e-01  -1.5844895e-01  -1.8431559e+00
   1.6271225e-01  -5.9836690e-02  -1.8655895e+00
   1.2060744e-01  -1.2257418e-01  -1.8570342e+00
   1.8987942e-01  -1.3937446e-01  -1.8531940e+00
   2.2026935e-01  -1.1258743e-01  -1.8592259e+00
   3.1485980e-01  -1.0124208e-01  -1.8843016e+00
   1.3796616e-01  -2.7294885e-02  -1.8931375e+00
   1.7862855e-01  -6.5584043e-02  -1.8717735e+00
   1.8771841e-01  -4.1883809e-02  -1.8945562e+00
   2.0879990e-02  -3.9554617e-02  -1.8721876e+00
   6.8866513e-02  -4.0082739e-02  -1.8833488e+00
   3.6138234e-01  -3.3425721e-01  -1.8980441e+00
   1.4564027e-01  -1.2648952e-01  -1.8228757e+00
   2.4849963e-01  -3.0662928e-02  -1.8352539e+00
   1.3834584e-01  -1.2015676e-01  -1.8074376e+00
   1.5126562e-01  -7.0206927e-02  -1.8301331e+00
   1.2421630e-01  -2.6687428e-02  -1.7977658e+00
   1.0733542e-01  -1.3690015e-01  -1.8610037e+00
   1.1726369e-01  -3.4285046e-02  -1.9105127e+00
   1.9035572e-01   2.2917961e-02  -1.8442417e+00
   1.6615538e-01  -2.3772177e-02  -1.8619032e+00
   1.4932773e-01  -4.6755067e-02  -1.8599681e+00
   1.5771620e-01  -9.2695355e-02  -1.8569917e+00
   1.3679603e-01  -5.7060237e-03  -1.8444370e+00
   4.6344416e-01   1.1226542e+00  -1.8103358e+00
   1.7159548e-01  -2.3824431e-01  -1.7302361e+00
   3.1452404e-01  -7.6430207e-01  -1.8058088e+00
   3.4988900e-01  -8.6987439e-01  -1.8119477e+00
   1.1001326e+00   1.5606890e+00  -1.7518446e+00
  -5.5488300e-01   1.3577231e+00  -1.6022171e+00
  -4.9056684e-02  -6.6055283e-02  -1.7224140e+00
   1.0375311e-01   1.2743458e-01  -1.7200960e+00
   3.3790808e-01  -1.0152494e-01  -1.8008561e+00
   8.2195294e-02   1.0668899e-02  -1.7541686e+00
   9.2200121e-02  -2.2539227e-03  -1.7552662e+00
   8.7414573e-02  -2.4075709e-02  -1.7683399e+00
  -4.4770538e-03   1.4367037e-01  -1.7520947e+00
   1.4050021e-01  -6.9368306e-02  -1.8178909e+00
   1.0396099e-01  -1.1114793e-01  -1.7588940e+00
   9.7600027e-02  -6.3459670e-02  -1.7993158e+00
   1.1543502e-01  -1.2078389e-01  -1.7608259e+00
   1.3820406e-01  -1.0874662e-01  -1.7656629e+00
   1.2595830e-01  -4.9921453e-02  -1.8387559e+00
   9.8246059e-02  -7.2602948e-02  -1.8015724e+00
   2.7248981e-01  -2.7341187e-01  -1.8258896e+00
   1.2784824e-01  -8.5190716e-02  -1.8214337e+00
   1.5113603e-01  -3.6292593e-02  -1.8474454e+00
   1.6975869e-01  -4.3585329e-02  -1.8871243e+00
   1.3545823e-01  -4.5892662e-02  -1.8106832e+00
   6.3343472e-02  -8.7314071e-02  -1.7744916e+00
  -7.9695293e-02   8.1698347e-02  -1.8386221e+00
   2.8866354e-01  -4.4892359e-01  -1.8336265e+00
   5.6683106e-02  -8.9102064e-01  -1.8316131e+00
   3.7561733e-01  -3.9388965e-01  -1.8335715e+00
   4.3119327e-01  -2.2567944e-01  -1.8906995e+00
   1.0979403e-01  -4.1716694e-02  -1.8155565e+00
   1.4602668e-01   1.7453844e-01  -1.8143663e+00
   2.4240200e-01   4.9593907e-02  -1.8082687e+00
   3.3531289e-01   1.7285368e-01  -1.7923447e+00
   2.3548838e-01   2.2491410e+00  -1.7794174e+00
   1.4801939e-01   6.9358730e-02  -1.8564840e+00
   1.0947513e-01   7.9248377e-02  -1.7914118e+00
   9.0288817e-02   2.2448772e-01  -1.8140302e+00
   4.1013203e-02   5.6866780e-02  -1.7718617e+00
   1.0115391e-01   1.9768902e-02  -1.8118687e+00
   3.8843687e-01  -2.6993024e-01  -1.8852616e+00
   1.2096682e-01  -7.5819214e-02  -1.7728697e+00
   1.0738710e-01  -7.6629947e-02  -1.7925153e+00
   8.8445918e-02  -1.0103323e-01  -1.8423120e+00
   1.1509329e-01  -2.8581423e-02  -1.8445850e+00
   1.7022728e-01  -8.0773735e-02  -1.8499956e+00
   1.2540438e-01   8.9489716e-03  -1.8377737e+00
   1.3464900e-01   1.0405168e-01  -1.8624030e+00
   2.2750591e-01   2.3247644e-01  -1.8580836e+00
   3.2593539e-01   2.8799421e-01  -1.8560682e+00
   5.8645920e-01   3.4212641e-01  -1.9272362e+00
  -1.7414445e-02   1.5075594e-01  -1.8785053e+00
  -4.0929197e-03  -2.1614875e-01  -1.8497110e+00
   1.1041868e-01   8.0239292e-02  -1.8390820e+00
   1.8310247e-01  -1.6635278e-01  -1.8658065e+00
   1.7674216e-01   1.0482057e-01  -1.8190932e+00
   3.0617228e-01   1.5396623e-01  -1.8069875e+00
   1.0548334e-01   7.4805560e-02  -1.7753634e+00
   4.6644575e-02   2.9460617e-01  -1.8023188e+00
   3.1147552e-01   8.0414652e-02  -1.8243239e+00
   9.7233376e-02  -3.1223041e-02  -1.8427637e+00
   7.8331581e-02   1.2994920e-02  -1.7624573e+00
   1.4269653e-01   7.9135663e-02  -1.7487527e+00
   1.6250942e-01   7.9852268e-02  -1.8179306e+00
  -3.0712355e-02   1.2994627e-01  -1.8245944e+00
   1.5270934e-01  -2.7495032e-01  -1.8429199e+00
   2.8676024e-01  -5.8965930e-01  -1.8185951e+00
   3.0774431e-02  -6.7514752e-01  -1.8253100e+00
   5.1461213e-01  -3.0842501e-04  -1.8319119e+00
   6.6506885e-01  -7.7707750e-01  -1.7234058e+00
   3.5283514e-01  -1.3853016e+00  -1.8259969e+00
   8.5394261e-01   6.2685169e-01  -1.7924529e+00
   3.7630259e-01  -9.0506436e-01  -1.7981045e+00
   3.9931439e-01  -7.7275671e-01  -1.7834166e+00
   3.2766255e-01  -8.7288562e-01  -1.8007992e+00
   2.9569513e-01  -8.6313031e-01  -1.7791793e+00
   2.9280567e-01  -8.9957278e-01  -1.7294151e+00
   2.5455945e-01  -9.9295187e-01  -1.7424698e+00
   2.6515398e-01  -1.0346707e+00  -1.7738503e+00
   2.7871426e-01  -1.0092436e+00  -1.7732142e+00
   2.7874409e-01  -1.0155321e+00  -1.7653138e+00
   4.0906111e-01  -9.2734665e-01  -1.7917005e+00
   3.8151676e-01  -1.0283576e+00  -1.8686792e+00
   2.9401698e-01  -1.0247733e+00  -1.7733331e+00
   1.1024395e+00  -5.3719962e-01  -1.8310030e+00
  -6.9727727e-03   6.7437823e-01  -1.8086795e+00
   3.4435360e-01   7.0588734e-01  -1.6849967e+00
   3.8066050e-01   1.3656435e-01  -1.7839100e+00
   3.2057045e-01   1.7931421e-01  -1.8028104e+00
   1.2235031e-01  -8.7441620e-03  -1.7874480e+00
   9.1214761e-02   1.2618136e-02  -1.7802000e+00
   2.0666520e-01   7.0896369e-01  -1.8157771e+00
   1.1513284e+00   7.8069017e-01  -1.8925839e+00
  -3.2837419e-02  -2.0569932e-01  -1.8230128e+00
   8.0955052e-02  -4.4322872e-03  -1.8070188e+00
   1.8774752e-02   2.0138748e-02  -1.7668478e+00
   3.2751744e-03   2.3211699e-02  -1.8172009e+00
   1.4488387e-01   1.1897370e-01  -1.7774078e+00
   1.1254978e-01   7.5146844e-02  -1.7607608e+00
   1.8809673e-01   2.3703189e-01  -1.7872589e+00
   2.9840682e-01  -2.0550386e-01  -1.8485194e+00
   7.6858629e-02  -4.3416684e-02  -1.8321842e+00
   1.4959791e-01   2.3093448e-01  -1.8068701e+00
   1.3311014e-01   2.4526377e-02  -1.7938668e+00
   4.5601493e-03   1.4285236e-02  -1.7977749e+00
   8.5530455e-02  -5.4411486e-03  -1.8284966e+00
   3.4566553e-02  -8.2984213e-03  -1.7773416e+00
  -5.2371398e-02  -1.3595591e-01  -1.8071892e+00
   1.1605340e-01   3.4010102e-01  -1.8052239e+00
   3.2896377e-02   4.5767677e-02  -1.8206316e+00
   8.2498643e-02  -1.8354258e-02  -1.7961822e+00
   4.8928747e-02   4.0287203e-02  -1.7792077e+00
   3.2530992e-01  -2.1995536e-01  -1.8261555e+00
   6.1836728e-02   1.0143829e-02  -1.8324352e+00
   1.8692659e-01   1.3465601e-02  -1.8283946e+00
   2.1263257e-01   3.1548207e-02  -1.7877891e+00
   1.1217904e-01   2.2879571e-02  -1.8186647e+00
  -2.7315045e-01   1.8018983e-01  -1.8494661e+00
   1.5817770e-01   2.9389665e-02  -1.8493718e+00
  -4.0909626e-02   5.4216599e-01  -1.8510981e+00
   3.2772697e-01  -4.3687241e-01  -1.8452615e+00
   1.7537314e-01  -1.3954452e-02  -1.8226161e+00
   7.8561125e-02   1.2398431e-01  -1.8316020e+00
   1.9124088e-01  -6.6269249e-02  -1.8134520e+00
