  -2.9096722e-01   2.8701848e-01  -1.6994351e+00
  -2.8761416e-01   3.1601921e-01  -1.6932791e+00
   1.7540922e-02  -1.5761905e-02  -1.7447565e+00
  -2.0267581e-01   2.8169466e-01  -1.7024584e+00
  -2.1712364e-01   3.7900118e-01  -1.8335132e+00
  -3.4301221e-01   4.9848246e-01  -1.8406632e+00
  -3.0725710e-01   3.8521834e-01  -1.8374404e+00
  -1.9774065e-01   2.6647944e-01  -1.8319667e+00
  -2.0316196e-01   3.5256780e-01  -1.8359492e+00
  -2.2610102e-01   2.8674664e-01  -1.8389416e+00
  -2.1297288e-01   3.1757371e-01  -1.8436479e+00
   8.1089500e-02   9.5737346e-03  -1.9073662e+00
  -2.4250337e-01   2.1280422e-01  -1.8197122e+00
   2.4168782e-02   2.1690151e-02  -1.8812454e+00
  -1.9247056e-01   3.5569521e-01  -1.8221383e+00
  -2.7207656e-01   3.2004542e-01  -1.7298288e+00
  -2.4228183e-01   2.5727285e-01  -1.7892323e+00
  -2.1271295e-01   2.3080087e-01  -1.8259011e+00
  -2.1518656e-01   2.4518054e-01  -1.8455426e+00
  -2.5874145e-01   2.0492759e-01  -1.7701267e+00
  -2.5832920e-01   1.7326226e-01  -1.7767199e+00
  -2.3482086e-01   1.5379707e-01  -1.8072382e+00
  -2.2775466e-01   1.8377107e-01  -1.8213284e+00
  -2.3710162e-01   1.9758123e-01  -1.7956493e+00
  -9.3698113e-03  -2.3925366e-02  -1.8752275e+00
  -2.3134782e-01   1.4830350e-01  -1.7943091e+00
  -2.0695478e-01   1.8282889e-01  -1.8011828e+00
  -2.2751131e-01   2.0057167e-01  -1.8005194e+00
   9.3277507e-02   2.8317518e-01  -1.7844726e+00
  -1.4867027e-01  -1.9648192e-01  -1.6977536e+00
   8.4276703e-02   9.7315420e-02  -1.7697507e+00
   1.4733177e-01   2.6649294e+00  -1.5371928e+00
   1.2547621e-01   1.0362998e+00  -1.6211093e+00
   9.9470093e-01   1.8661464e+00  -1.5286313e+00
  -2.9878385e-01   8.0522518e-01  -1.6730718e+00
   2.5161434e-01   1.4704372e+00  -1.7214247e+00
  -2.9997584e-01   6.3856271e-01  -1.6863404e+00
  -3.5262767e-01   5.3218648e-01  -1.6597277e+00
  -2.7869460e-01   5.5177611e-01  -1.7081120e+00
  -3.0838979e-01   4.7505654e-01  -1.7081400e+00
  -2.6392873e-01   4.9649797e-01  -1.7604035e+00
  -3.3986655e-01   4.3768169e-01  -1.6782468e+00
  -3.8388008e-01   3.9449677e-01  -1.6549561e+00
  -3.5411314e-01   4.4939074e-01  -1.6252079e+00
  -2.7741740e-01   7.1369631e-01  -1.6659490e+00
  -3.2051948e-01   6.2315224e-01  -1.6532709e+00
  -2.8268444e-01   2.9153845e-01  -1.7504775e+00
  -2.6734285e-01   2.3546676e-01  -1.7382811e+00
  -2.6162603e-01   2.5473626e-01  -1.7266649e+00
  -5.6145312e-02   2.4048150e-01  -1.7239068e+00
  -1.7816095e-01   1.4539463e+00  -1.6618347e+00
  -2.0981257e-01   1.3124689e+00  -1.6916158e+00
  -2.7372200e-01   6.0525738e-01  -1.6978522e+00
  -2.5553565e-01   6.1056544e-01  -1.7335620e+00
  -2.6537882e-01   6.0130436e-01  -1.7332325e+00
  -2.5821377e-01   5.3295007e-01  -1.7242217e+00
  -2.8498566e-01   4.8357512e-01  -1.7199881e+00
  -2.7927364e-01   4.5076346e-01  -1.7277401e+00
   7.7207876e-02   8.2885009e-01  -1.6304480e+00
  -1.5569197e-01   6.1892747e-02  -1.7043709e+00
  -2.5056795e-02   3.6628685e-01  -1.7132555e+00
  -3.4890092e-01   1.2703370e+00  -1.6514344e+00
  -2.9013270e-01   9.2663256e-01  -1.6698247e+00
  -1.0544630e-01   3.4527631e-01  -1.6888648e+00
  -1.9737031e-01   2.7299404e-01  -1.7661534e+00
  -2.0602485e-01   3.0541862e-01  -1.7722902e+00
  -1.8324888e-01   2.0598742e-01  -1.7619944e+00
  -2.2457575e-01   1.5600155e-01  -1.7237567e+00
  -8.8344981e-02   6.2588144e-02  -1.7426874e+00
  -2.3696218e-01   1.6346416e-01  -1.7575328e+00
  -1.9587685e-01   1.0070349e-01  -1.7506320e+00
  -1.8890653e-01   5.3970581e-01  -1.6159315e+00
   6.0679356e-01   4.1158447e-01  -1.7715015e+00
   3.1972116e-01   1.4542572e+00  -1.6006068e+00
   1.4079011e-01   1.7296202e+00  -1.6877102e+00
  -2.1967759e-01   5.2191373e-01  -1.6753602e+00
  -1.2692892e-01   4.7148070e-01  -1.7135879e+00
   2.1104720e-01   8.0912038e-01  -1.6929314e+00
  -5.0914351e-01   1.3096608e+00  -1.6579467e+00
  -2.3309842e-01   9.5944068e-01  -1.6885467e+00
  -2.1402650e-01   4.6104158e-01  -1.7413204e+00
  -2.1935036e-01   4.4624555e-01  -1.7188033e+00
   3.5226608e-01   6.6775337e-01  -1.7347632e+00
   2.0322458e-01   3.1166833e+00  -1.3210629e+00
   2.4471941e-01   1.1512112e+00  -1.6119286e+00
   2.7830541e-02   2.1655774e+00  -1.6020761e+00
  -3.8212708e-01   8.0366445e-01  -1.7050921e+00
  -4.8190563e-01   7.1586224e-01  -1.6624022e+00
  -4.4988879e-01   6.8869577e-01  -1.6778640e+00
  -4.4433655e-01   6.9665600e-01  -1.7082508e+00
  -4.1430111e-01   7.5879995e-01  -1.7599026e+00
  -4.6013219e-01   6.6374245e-01  -1.7089108e+00
  -4.3248308e-01   6.1722965e-01  -1.7182945e+00
  -2.2800854e-01   4.5191333e-01  -1.7869395e+00
  -4.0378928e-01   5.6958062e-01  -1.7710866e+00
  -4.4978747e-01   5.4542917e-01  -1.7250519e+00
  -4.0274260e-01   6.1822551e-01  -1.7144901e+00
  -4.2431499e-01   6.0793390e-01  -1.7472624e+00
  -4.4144804e-01   6.0035773e-01  -1.7246533e+00
  -3.9559226e-01   6.3386297e-01  -1.7450556e+00
  -4.0002145e-01   5.6038411e-01  -1.7337055e+00
  -4.1180062e-01   5.3024594e-01  -1.7466743e+00
  -3.4162293e-01   5.4790550e-01  -1.7506213e+00
  -3.0844192e-01   3.5833635e-01  -1.7763883e+00
  -4.1109429e-01   5.3818140e-01  -1.7510474e+00
  -4.5081321e-01   5.2450023e-01  -1.7299959e+00
  -4.6320403e-01   5.5438670e-01  -1.7620103e+00
  -4.4845210e-01   5.9168028e-01  -1.7385349e+00
  -4.4591184e-01   5.8527429e-01  -1.7146505e+00
  -4.3226515e-01   5.7332820e-01  -1.7388503e+00
  -4.3110187e-01   5.3816413e-01  -1.7365744e+00
  -4.4178095e-01   5.5004952e-01  -1.7749146e+00
  -4.2105532e-01   5.7543068e-01  -1.7414240e+00
  -2.0576093e-01   3.1617142e-01  -1.8053033e+00
  -4.7705857e-01   4.9493690e-01  -1.7265405e+00
  -4.2255450e-01   5.1044487e-01  -1.8052562e+00
  -4.5348559e-01   5.7169640e-01  -1.7501805e+00
  -4.7988395e-01   5.3998907e-01  -1.7312251e+00
  -4.2086588e-01   5.2249237e-01  -1.7268313e+00
  -4.6581435e-01   5.0473574e-01  -1.7388863e+00
  -4.3527326e-01   5.8570676e-01  -1.7470559e+00
  -4.0513970e-01   6.0906708e-01  -1.7421252e+00
  -2.3459178e-01   4.5198063e-01  -1.7838263e+00
   4.7063377e-02   9.6389631e-02  -1.8250329e+00
  -4.3034768e-01   6.3503578e-01  -1.7327330e+00
  -4.5306231e-01   6.6142044e-01  -1.7203092e+00
  -4.4426577e-01   6.5712953e-01  -1.7217472e+00
  -4.6839483e-01   6.7171085e-01  -1.6991700e+00
  -4.4602097e-01   5.9670639e-01  -1.7319929e+00
  -4.5208261e-01   5.5108372e-01  -1.7386614e+00
  -4.4687232e-01   5.4177115e-01  -1.7317678e+00
  -5.4824228e-01   4.0805592e-01  -1.6494873e+00
  -2.5613481e-02   7.6923172e-01  -1.6898138e+00
  -5.4808471e-01   8.0556774e-01  -1.6282307e+00
   7.2991003e-01   2.5558601e+00  -1.6388485e+00
   2.1159233e+00   2.7974830e+00  -1.4227974e+00
  -1.9881039e-01   9.1734739e-01  -1.7006471e+00
   3.8778665e-01   1.3759560e+00  -1.6376240e+00
   1.5189468e+00   2.9845163e+00  -1.5136727e+00
  -5.4818689e-01   8.1551896e-01  -1.6935752e+00
  -5.2580591e-01   7.0911329e-01  -1.7459013e+00
  -5.4090469e-01   7.0842180e-01  -1.6898319e+00
  -5.5583122e-01   6.6854908e-01  -1.6973004e+00
  -6.2735387e-01   5.8637937e-01  -1.7155854e+00
  -5.5629029e-01   6.7429946e-01  -1.7669904e+00
  -6.8604232e-01   8.3847122e-01  -1.8042371e+00
  -7.1161567e-01   1.1398875e+00  -1.8196851e+00
  -8.2849729e-01   8.0501795e-01  -1.8300487e+00
  -2.4365731e-01   3.4909622e-01  -1.8482785e+00
  -4.8264322e-01   4.8906919e-01  -1.7865638e+00
  -5.7670529e-01   5.7306326e-01  -1.7648572e+00
  -5.5136788e-01   6.6101396e-01  -1.7749997e+00
  -5.6892596e-01   6.0828883e-01  -1.7649656e+00
  -2.2946453e-01   6.2668004e-01  -1.7280328e+00
