  -5.3505972e-01   1.0945215e+00  -1.6115468e+00
  -5.5635459e-01   4.7646914e-01  -1.6161797e+00
  -3.2611452e-01   9.4965636e-01  -1.6672610e+00
   6.8696460e-01   1.1498759e+00  -1.6559801e+00
  -2.4006411e-01   1.9665617e+00  -1.7017316e+00
  -8.1473867e-01   3.1131879e+00  -1.6036040e+00
  -7.8973578e-01   1.1208541e+00  -1.7337667e+00
  -4.9164011e-01   6.7228990e-01  -1.8228132e+00
  -5.2668494e-01   6.8102601e-01  -1.7816510e+00
  -5.2175356e-01   7.1301960e-01  -1.8169185e+00
  -5.0341428e-01   6.9329359e-01  -1.7933296e+00
  -5.2743742e-01   6.2817993e-01  -1.7835973e+00
  -5.5755578e-01   5.9311695e-01  -1.7812888e+00
  -5.4142573e-01   5.4904550e-01  -1.7961291e+00
  -5.5360841e-01   5.7647740e-01  -1.7494633e+00
  -5.3614178e-01   5.5308310e-01  -1.7521916e+00
  -5.4929683e-01   4.8986677e-01  -1.7305907e+00
  -3.0398877e-01   3.1824626e-01  -1.7859768e+00
  -5.5801987e-01   4.7834613e-01  -1.7475380e+00
  -5.6731050e-01   4.7570137e-01  -1.7715526e+00
  -5.3536963e-01   5.5291898e-01  -1.7758880e+00
  -5.4191163e-01   5.0925012e-01  -1.8026787e+00
  -5.5983966e-01   4.7470617e-01  -1.7842055e+00
  -5.7608606e-01   4.6635075e-01  -1.7671795e+00
  -5.5825582e-01   5.4306698e-01  -1.7842537e+00
  -5.2398055e-01   6.0109381e-01  -1.7950493e+00
  -5.3400417e-01   5.8244027e-01  -1.7795260e+00
  -8.3106159e-02   1.4040201e-01  -1.8521249e+00
  -5.3614325e-01   5.8344342e-01  -1.8211816e+00
  -5.4000860e-01   6.1467281e-01  -1.8006444e+00
  -5.3942358e-01   5.2726417e-01  -1.7881743e+00
  -5.6811117e-01   5.6328803e-01  -1.7310177e+00
  -5.8167910e-01   5.9241630e-01  -1.7422093e+00
  -5.6345563e-01   5.6746736e-01  -1.7605162e+00
  -5.5701751e-01   5.6956396e-01  -1.7715514e+00
  -5.1477346e-01   5.2453239e-01  -1.7806273e+00
  -5.4166150e-01   4.7754522e-01  -1.7487065e+00
  -2.9393859e-01   1.5325113e-01  -1.7729528e+00
  -2.3422052e-01   2.5035440e-01  -1.7370693e+00
  -4.9298410e-01  -2.0375528e-01  -1.7339771e+00
  -3.5344548e-01  -3.9389371e-01  -1.7727746e+00
  -4.0037026e-01  -3.7282676e-01  -1.7436162e+00
  -3.9752300e-01  -3.8170959e-01  -1.7654539e+00
  -3.9309787e-01  -4.2228739e-01  -1.7779493e+00
  -2.6583520e-01   3.4304151e-03  -1.7804733e+00
  -3.8341166e-01  -4.4617411e-01  -1.7854254e+00
  -3.5460659e-01  -4.3676266e-01  -1.7987408e+00
  -3.6286557e-01  -4.0646406e-01  -1.7994159e+00
  -1.5016504e-01  -6.0328074e-01  -1.8396131e+00
  -4.0154525e-01  -4.6921496e-01  -1.8022421e+00
  -3.6931450e-01  -4.5005139e-01  -1.8093524e+00
  -4.1975484e-01  -4.7470737e-01  -1.7879820e+00
  -7.6501618e-02   5.8722006e-01  -1.7240539e+00
   9.3066930e-02   1.1096416e+00  -1.7226530e+00
  -5.4412477e-01   5.1374808e-01  -1.7340099e+00
  -5.3758048e-01   5.4285071e-01  -1.7536929e+00
  -5.3520759e-01   5.5937218e-01  -1.7613824e+00
  -5.3184468e-01   6.1170650e-01  -1.7760046e+00
  -5.3879587e-01   5.4281720e-01  -1.7350478e+00
  -5.4699772e-01   5.2994058e-01  -1.7443011e+00
  -5.3360005e-01   5.1737100e-01  -1.8090342e+00
  -5.3034575e-01   5.4207090e-01  -1.7581787e+00
  -5.2441457e-01   5.7949608e-01  -1.7770461e+00
  -5.0993109e-01   5.6340092e-01  -1.8171119e+00
  -5.0199363e-01   5.1529456e-01  -1.7946053e+00
  -5.9041517e-01   5.8251511e-01  -1.8073864e+00
  -4.8594057e-01   5.3795554e-01  -1.8244171e+00
  -2.5698430e-01   2.9507383e-01  -1.8190270e+00
  -5.1644121e-01   5.3831540e-01  -1.8028583e+00
  -3.8088884e-01   4.8478729e-01  -1.8255240e+00
  -4.5549970e-01   9.0763906e-01  -1.8108565e+00
  -4.7344006e-01   5.6493904e-01  -1.7746334e+00
  -5.0931525e-01   5.1596331e-01  -1.8089022e+00
  -4.8976439e-01   5.2921939e-01  -1.7600980e+00
  -3.2907923e-01   3.3183105e-01  -1.8672186e+00
  -9.4754021e-02   1.6752284e+00  -1.7123069e+00
  -8.9161778e-02   6.7930095e-01  -1.7254734e+00
   1.2816558e+00   2.8971288e+00  -1.5264639e+00
   8.0522494e-02   3.1797239e+00  -1.4772914e+00
  -4.6990957e-01   9.1661269e-01  -1.7134206e+00
  -4.3510853e-01   4.5161403e-01  -1.8448696e+00
  -4.4962584e-01   4.1815392e-01  -1.8051586e+00
  -4.4803487e-01   4.5036993e-01  -1.8185303e+00
  -4.8773809e-01   4.4713011e-01  -1.8315325e+00
  -4.4247593e-01   4.3639043e-01  -1.7841742e+00
  -4.8150436e-01   5.0980578e-01  -1.7801154e+00
  -4.7380884e-01   3.8572823e-01  -1.7818187e+00
  -5.1088065e-01   3.8460039e-01  -1.7522811e+00
  -6.5635576e-02   7.6195442e-01  -1.7317363e+00
   1.0750119e+00   2.6439986e+00  -1.6945991e+00
  -5.4174120e-01   7.8157294e-01  -1.7687192e+00
  -5.0877063e-01   7.3592871e-01  -1.7598885e+00
  -5.1959986e-01   7.2876486e-01  -1.7589428e+00
  -5.4990657e-01   7.1925821e-01  -1.7711502e+00
  -5.2972927e-01   6.4420349e-01  -1.7756044e+00
  -2.7331678e-01   1.0297893e+00  -1.7537019e+00
  -5.2965570e-01   6.6680044e-01  -1.7462878e+00
  -5.5821943e-01   6.4589364e-01  -1.7546613e+00
  -5.6235298e-01   6.8444004e-01  -1.7434255e+00
  -5.5854631e-01   6.6237841e-01  -1.7556492e+00
  -5.3827176e-01   6.0864086e-01  -1.8065962e+00
   3.1438877e-02   7.9949538e-02  -1.8667622e+00
  -5.6210561e-01   5.9842195e-01  -1.7507364e+00
  -5.4149844e-01   6.0689489e-01  -1.7622520e+00
  -5.5187716e-01   5.8993923e-01  -1.7839007e+00
  -5.4809561e-01   5.5944256e-01  -1.7955897e+00
  -9.0566134e-02   7.8024486e-01  -1.7929179e+00
  -5.2841586e-01   5.8909572e-01  -1.7663506e+00
  -5.2686871e-01   4.8915518e-01  -1.7875159e+00
  -5.5331149e-01   4.9023885e-01  -1.7684471e+00
  -5.4481428e-01   5.1846431e-01  -1.7790006e+00
  -6.0539692e-01   5.5155852e-01  -1.6777810e+00
   3.8985448e-01   2.0404836e+00  -1.5892544e+00
  -4.0107704e-01   1.0778199e+00  -1.6646105e+00
  -3.9258263e-01   6.2300174e-01  -1.6923984e+00
  -3.7560540e-01   8.1012260e-01  -1.6858016e+00
  -3.2200026e-01   2.1893419e-01  -1.7820530e+00
  -3.5818848e-01   1.9833905e-01  -1.7891993e+00
  -3.4742660e-01   1.8977350e-01  -1.7914441e+00
  -3.9815561e-01   1.7150163e-01  -1.7426689e+00
   4.1102500e-01   5.1824477e-01  -1.8217157e+00
   8.6108754e-01   2.6564677e+00  -1.5184726e+00
  -4.6771383e-01   8.7371085e-01  -1.6601066e+00
  -4.4601524e-01   1.8189550e-01  -1.6817265e+00
  -3.9475410e-01   4.9073171e-02  -1.7296628e+00
  -3.4872790e-01   2.1132257e-01  -1.7238579e+00
  -4.1777860e-01   2.7357658e-02  -1.7033851e+00
  -5.7374195e-01   5.2227257e-01  -1.6397459e+00
  -5.2113048e-01   5.3686892e-01  -1.7760352e+00
  -4.8480552e-01   5.7879516e-01  -1.8145367e+00
  -5.1289897e-01   5.5799679e-01  -1.7634758e+00
  -5.1590383e-01   5.6637945e-01  -1.8135580e+00
  -3.0292480e-01   3.5895126e-01  -1.8394886e+00
  -5.5324765e-01   4.7051470e-01  -1.8202193e+00
  -5.6544528e-01   4.4049428e-01  -1.8113196e+00
  -5.3190844e-01   4.6413756e-01  -1.8101091e+00
  -3.4705336e-01   3.7603534e-01  -1.8291181e+00
  -5.7240648e-01   4.2836847e-01  -1.7508931e+00
  -5.3422517e-01   4.7998083e-01  -1.7689288e+00
  -6.1086658e-01   2.9691104e-01  -1.7172446e+00
  -6.2328448e-01   4.0225898e-01  -1.7156997e+00
  -5.8298575e-01   3.7915952e-01  -1.7525732e+00
   9.1866653e-01   1.8449547e+00  -1.7116303e+00
  -1.2492071e-01   7.6615568e-01  -1.5913216e+00
  -6.9007830e-01   1.0647932e+00  -1.7466519e+00
  -2.6340321e-01   9.9608611e-01  -1.7587100e+00
   7.5597793e-02   2.6623879e+00  -1.6312170e+00
  -4.6126928e-01   6.1574754e-01  -1.8414815e+00
  -1.1017166e-01   1.2768089e+00  -1.7582764e+00
  -4.0064557e-01   5.2487506e-01  -1.8134698e+00
  -4.1737968e-01   4.4898614e-01  -1.8248512e+00
  -4.0334770e-01   3.9718958e-01  -1.8179304e+00
  -4.4568623e-01   4.2635543e-01  -1.8470554e+00
  -3.8963347e-01   6.0302386e-01  -1.7591587e+00
