   1.1057388e-01   8.6959497e-02  -1.6573391e+00
   1.4518001e-01   9.9188608e-02  -1.6844555e+00
   5.7755230e-02   1.7186791e-01  -1.6143622e+00
   6.2864803e-02   2.0737330e-01  -1.6372336e+00
   1.9204690e-01   9.8015450e-02  -1.8459618e+00
   1.5977376e-01  -2.1969875e-02  -1.8169036e+00
   3.3389047e-01  -1.2811686e-01  -1.8584851e+00
   2.1059378e-01   4.3813961e-01  -1.8186480e+00
   7.6066655e-01   1.3679143e+00  -1.7813062e+00
  -5.4255748e-02   1.7752800e+00  -1.6550244e+00
  -1.5827599e-02   1.0536804e+00  -1.7633711e+00
  -4.5916682e-02   1.0710736e+00  -1.7195488e+00
  -6.9261844e-02   1.1212285e+00  -1.7051559e+00
  -4.1287552e-02   1.1224124e+00  -1.7354321e+00
  -3.0269146e-02   1.1004602e+00  -1.7380920e+00
  -2.6059137e-02   1.0326483e+00  -1.7575229e+00
  -5.9097049e-02   9.6439858e-01  -1.7054669e+00
  -6.4938924e-02   9.8334165e-01  -1.7129281e+00
  -5.9583212e-02   9.3051349e-01  -1.7129051e+00
   1.8512257e-01   7.6034535e-01  -1.8303284e+00
  -3.1679363e-02   8.5559752e-01  -1.7190846e+00
  -8.3707614e-02   7.8587653e-01  -1.6786023e+00
  -1.2208293e-01   8.7243653e-01  -1.6776421e+00
  -1.0484662e-01   8.4752058e-01  -1.6839855e+00
   2.7251465e-01   1.0016173e+00  -1.6107094e+00
   1.9083399e-01   9.8933179e-01  -1.6599388e+00
   4.6462841e-01   7.8376747e-01  -1.6675576e+00
   7.9398197e-02   3.6603476e-01  -1.6708058e+00
   9.0952401e-02   2.0165160e-01  -1.7223545e+00
   1.1254281e-01   1.2193399e-01  -1.7686739e+00
   8.9822985e-02   1.5290338e-02  -1.7602022e+00
   1.0581785e-01   3.2525463e-02  -1.7418442e+00
   1.0243853e-01   1.0588667e-01  -1.7210864e+00
   8.8696379e-02   1.7720319e-01  -1.7246874e+00
   1.5422101e-01   6.9849331e-02  -1.7803518e+00
   1.6046121e-01   3.6083149e-03  -1.7614115e+00
   2.9098032e-01  -1.5325535e-01  -1.7967641e+00
   1.3358715e-01  -2.0377947e-02  -1.7630094e+00
   1.0733896e-01   3.8118060e-02  -1.7288967e+00
   1.2174941e-01   3.1413798e-02  -1.7268563e+00
   1.1757675e-01  -8.2681570e-02  -1.7529053e+00
   9.2983404e-02  -1.2986587e-01  -1.7214408e+00
   5.2738369e-02  -3.4284369e-02  -1.6907333e+00
   1.1782132e-01  -5.8085502e-02  -1.7181944e+00
   1.4220198e+00   2.3617309e+00  -1.5541243e+00
   2.3174338e-02   2.0979595e+00  -1.4351964e+00
   2.5574184e-01   9.2030030e-01  -1.6109018e+00
   8.5097296e-02   3.5772852e-01  -1.6802761e+00
   1.5263264e-01   1.4387245e-01  -1.6863065e+00
   2.4489699e-01   1.0849992e-01  -1.7466398e+00
   2.1836812e-01   1.0731939e-01  -1.7379669e+00
   1.1770718e-01   1.3330878e-02  -1.7181284e+00
   2.1564023e-01  -1.5089354e-01  -1.7386990e+00
   3.6483379e-01  -1.4958320e-01  -1.7856354e+00
   1.6313886e-01   1.1206345e-03  -1.7574045e+00
   1.7623368e-01   1.1168835e-02  -1.7473672e+00
   1.1982631e-01  -8.0059281e-03  -1.7373718e+00
   6.6350427e-01   1.5187580e+00  -1.6342385e+00
  -9.0902224e-01   2.0716476e+00  -1.5110092e+00
   7.1386650e-01   3.0603763e+00  -1.1970412e+00
  -2.5342345e-01   1.7498568e+00  -1.5958382e+00
   5.6792451e-01   1.2631622e+00  -1.6033106e+00
   1.6626338e-01   1.0101449e+00  -1.6008916e+00
   2.5682680e-01   7.1928963e-01  -1.6706934e+00
   3.0902340e-01   5.6488234e-01  -1.6843415e+00
   3.3545955e-01   5.5996823e-01  -1.6756962e+00
   3.1320803e-01   4.9160208e-01  -1.6642074e+00
   2.8518535e-01   4.4915312e-01  -1.6740938e+00
   2.8379170e-01   4.1325568e-01  -1.6707687e+00
   3.1322889e-01   4.0449388e-01  -1.6980138e+00
   5.4233409e-01   1.0743182e-01  -1.7671069e+00
   3.0205280e-01   3.0736637e-01  -1.7753253e+00
   3.3334273e-01   2.9174036e-01  -1.6749492e+00
   3.6345049e-01   2.6965102e-01  -1.6942952e+00
   3.2485513e-01   3.4189644e-01  -1.7380673e+00
   3.3974346e-01   3.3541230e-01  -1.7534386e+00
   5.2397295e-01   2.4387919e-01  -1.7253673e+00
   3.1409185e-01   3.3041068e-01  -1.6677942e+00
   3.9459941e-01   2.3695561e-01  -1.7188600e+00
   3.5895633e-01   1.3649522e-01  -1.7301115e+00
   3.4172143e-01   8.4736626e-02  -1.7483292e+00
   3.3363980e-01   7.5308521e-02  -1.7054196e+00
   3.3005235e-01   9.7655882e-02  -1.7318158e+00
   4.0851433e-01   6.9190135e-02  -1.7635116e+00
   3.2581543e-01   5.9595621e-02  -1.7285098e+00
   3.0244824e-01   4.5445150e-02  -1.7050683e+00
   2.9520936e-01  -7.9171271e-03  -1.7399474e+00
   4.9674740e-01  -2.6406823e-01  -1.7893968e+00
   4.9133495e-01  -2.0379571e-01  -1.7880268e+00
   3.0609101e-01  -3.5137833e-02  -1.7525425e+00
   3.2113347e-01  -4.7951359e-02  -1.7605102e+00
   3.2520983e-01  -5.8754361e-02  -1.8060360e+00
   3.1465823e-01   6.2999766e-03  -1.7320051e+00
   3.4559540e-01   2.6079731e-02  -1.7843447e+00
   2.8226885e-01  -5.1442050e-02  -1.7681049e+00
   2.9046738e-01  -4.0184146e-02  -1.7835094e+00
   2.6394887e-01  -4.4479060e-02  -1.7489979e+00
   2.8496855e-01   1.4033267e-02  -1.7565365e+00
   4.7277284e-01  -1.3537411e-01  -1.7804950e+00
   2.8779355e-01  -3.5924980e-02  -1.7493254e+00
   3.0085070e-01  -3.7346915e-02  -1.7793362e+00
   3.0266315e-01  -3.5033517e-02  -1.7457069e+00
   2.7670766e-01   8.7942476e-03  -1.7252102e+00
   2.5770334e-01   1.5154400e-02  -1.7193914e+00
   2.8036003e-01  -1.6900273e-02  -1.7592332e+00
   3.4676058e-01  -2.2228060e-02  -1.7493937e+00
   4.7587691e-01  -1.7689157e-01  -1.8065121e+00
   3.1715777e-01  -9.7724165e-02  -1.7541008e+00
   3.1461652e-01  -8.5601209e-02  -1.7491845e+00
   3.6256247e-01  -7.5272191e-02  -1.7758241e+00
   4.9186047e-01  -1.9749047e-01  -1.8170133e+00
   2.6983204e-01  -9.0652898e-02  -1.7434584e+00
   3.4091325e-01  -1.1289486e-01  -1.7230339e+00
   3.5730420e-01  -8.7420293e-02  -1.7474919e+00
   3.1202851e-01  -8.2924438e-02  -1.7829916e+00
   3.2540440e-01  -4.7910040e-02  -1.7911672e+00
   2.8887651e-01  -7.0758520e-02  -1.7566485e+00
   3.0827496e-01  -2.4657033e-02  -1.7780414e+00
   3.0572076e-01  -5.1625849e-02  -1.7954462e+00
   4.7672774e-01  -2.1566507e-01  -1.8395361e+00
   2.9289747e-01  -6.2188104e-02  -1.7484915e+00
   2.9630954e-01  -1.2098060e-02  -1.7943124e+00
   2.9344903e-01  -5.0865755e-02  -1.7822147e+00
   2.9306346e-01  -2.5691066e-03  -1.7505595e+00
   4.3790415e-01  -2.4820867e-01  -1.7767855e+00
   2.4661834e-01  -7.0966585e-02  -1.7518391e+00
   2.6394214e-01  -4.7466544e-02  -1.7593180e+00
   5.2372867e-01  -2.4599528e-01  -1.8093134e+00
   2.6396098e-01  -9.2219860e-02  -1.7418738e+00
   2.7927211e-01  -2.7800113e-02  -1.7985658e+00
   2.7935071e-01  -7.7971232e-02  -1.7829460e+00
   2.4840989e-01  -8.1863937e-02  -1.7616430e+00
   2.7459003e-01  -8.1492772e-02  -1.7849366e+00
   3.0301143e-01  -8.6111351e-02  -1.7992476e+00
   3.0262992e-01  -6.5057384e-02  -1.8092922e+00
   2.8538956e-01  -6.7926484e-02  -1.7882666e+00
   2.7719798e-01  -1.0986630e-01  -1.7674193e+00
   2.6792899e-01  -5.0139108e-02  -1.7664526e+00
   6.7859539e-01  -3.8987693e-01  -1.8482847e+00
   3.2112358e-01  -1.0827196e-01  -1.7915519e+00
   2.8631248e-01  -1.2945065e-01  -1.7394534e+00
   2.9802611e-01  -1.5045060e-01  -1.7624221e+00
   2.9028510e-01  -1.3846273e-01  -1.7833752e+00
   3.0168293e-01  -1.0443117e-01  -1.7817393e+00
   3.0855461e-01  -4.2592985e-02  -1.8207390e+00
   3.2490230e-01  -2.6200838e-02  -1.8494696e+00
   6.3691009e-01  -2.7149197e-02  -1.8404858e+00
   5.4160113e-01  -2.4930159e-01  -1.8545377e+00
   3.2619130e-01   3.8804358e-02  -1.8077751e+00
   5.2072740e-01  -2.3826111e-01  -1.8273129e+00
   3.4166129e-01  -3.5338840e-02  -1.7848705e+00
   3.2092658e-01  -7.8102996e-02  -1.7770538e+00
   3.0182181e-01  -7.0020877e-02  -1.7858829e+00
   2.5830637e-01   2.5206927e-01  -1.7356162e+00
