  -1.9447834e-01   5.5540747e-01  -1.5798371e+00
  -2.2316195e-01   6.7070839e-01  -1.5658589e+00
   8.7419026e-02   1.9501144e-01  -1.7121871e+00
  -5.2117113e-02   2.8008633e-01  -1.6948358e+00
   2.6596195e-02   1.0206257e-01  -1.8815804e+00
   4.7981584e-02   1.0860527e-01  -1.8742879e+00
   4.0112471e-02   1.1255848e-01  -1.8519539e+00
   5.8982206e-03   1.3936274e-01  -1.8529551e+00
   2.5708332e-02   1.6854098e-01  -1.8706127e+00
   3.2703650e-02   1.4212803e-01  -1.8624787e+00
   1.8184101e-02   8.4720831e-02  -1.8632052e+00
   5.5811006e-02   6.4208776e-02  -1.8582044e+00
   9.8005984e-02   2.4697767e-02  -1.8546816e+00
   4.2803801e-01   7.7905868e-01  -1.7764793e+00
  -9.9799755e-02   1.5036739e+00  -1.7265179e+00
  -9.1670426e-02   5.2863361e-01  -1.8439832e+00
  -2.4323614e-01   9.1595911e-01  -1.7710082e+00
  -1.2285074e-01   4.8853827e-01  -1.7791670e+00
  -1.0587198e-01   5.3139495e-01  -1.7986115e+00
  -1.0980635e-01   5.4810505e-01  -1.7645841e+00
  -1.2513117e-01   4.6659864e-01  -1.7852241e+00
  -1.4735609e-01   3.8452553e-01  -1.7621700e+00
  -1.3559927e-01   4.2187194e-01  -1.7576360e+00
   4.1939185e-02   1.0366118e-01  -1.8266763e+00
  -8.1583403e-02   2.4002307e-01  -1.7192871e+00
   7.1408795e-02   9.1937147e-01  -1.6975940e+00
  -1.1841516e-01   8.5656526e-01  -1.7155940e+00
  -9.4284972e-02   3.6531341e-01  -1.7193943e+00
  -1.6236343e-01   2.4970234e-01  -1.7326138e+00
  -1.3914324e-01   2.5216374e-01  -1.7718518e+00
  -1.3304192e-01   2.3624244e-01  -1.7845485e+00
  -1.3025551e-01   2.3776894e-01  -1.7687708e+00
   1.0355794e-01  -6.5718697e-03  -1.8286424e+00
  -1.7014696e-01   1.9816545e-01  -1.7852520e+00
  -1.4643300e-01   1.7579084e-01  -1.7865772e+00
   5.1531198e-03   2.9718618e-01  -1.8204764e+00
  -1.2675789e-01   2.7752659e-01  -1.7738987e+00
  -3.7625339e-02   2.2605697e-01  -1.7059885e+00
  -2.9498080e-02   8.5596791e-01  -1.6957581e+00
  -1.7782257e-01   1.1634239e+00  -1.6575899e+00
  -1.3293870e-01   6.2322605e-01  -1.7653482e+00
  -1.3212657e-01   5.7152867e-01  -1.7864611e+00
  -1.0409295e-01   6.0427531e-01  -1.7894151e+00
  -1.2500505e-01   5.3884348e-01  -1.8060053e+00
  -1.2919436e-01   6.0231965e-01  -1.8182084e+00
  -1.6021448e-01   5.2791164e-01  -1.8200606e+00
  -1.4906096e-01   4.4538909e-01  -1.8151531e+00
   2.4976632e-01   3.8565453e-02  -1.8891595e+00
  -1.4092695e-01   4.6480371e-01  -1.8163759e+00
  -1.7061085e-01   5.1256318e-01  -1.8162120e+00
  -1.7745189e-01   5.3087623e-01  -1.7968966e+00
  -1.5581905e-01   5.5253274e-01  -1.7649232e+00
  -1.7379974e-01   4.5986257e-01  -1.7897096e+00
  -1.4251029e-01   5.2886057e-01  -1.8100057e+00
  -1.3361829e-01   5.1198025e-01  -1.7872331e+00
  -1.3736653e-01   4.7477465e-01  -1.8042534e+00
  -1.3992422e-01   4.5416968e-01  -1.8092514e+00
  -1.7107161e-01   3.7354910e-01  -1.7898099e+00
  -1.7171389e-01   4.0332721e-01  -1.7822243e+00
  -3.3314176e-02   2.4439104e-01  -1.8239867e+00
  -1.4777999e-01   4.8512005e-01  -1.8246210e+00
  -1.4064160e-01   5.6396745e-01  -1.8254974e+00
  -1.6283215e-01   4.7818905e-01  -1.7728500e+00
  -1.6205503e-01   4.9227574e-01  -1.8168787e+00
  -1.7602006e-01   4.7561578e-01  -1.8347013e+00
   3.5219150e-01  -1.6643946e-01  -1.8972266e+00
  -1.9772506e-01   3.8384620e-01  -1.8107547e+00
  -1.9913281e-01   4.3466018e-01  -1.8162237e+00
  -1.2456822e-01   4.2693647e-01  -1.8710301e+00
  -1.5463162e-01   4.3630651e-01  -1.8059833e+00
  -1.9284788e-01   4.0804437e-01  -1.8049434e+00
  -1.8742599e-01   3.7151213e-01  -1.7825618e+00
  -1.7694484e-01   4.0231488e-01  -1.7880297e+00
  -1.7059208e-01   4.1866494e-01  -1.8237908e+00
  -8.8106170e-02   5.0710440e-01  -1.8488565e+00
  -9.7785887e-02   5.4445360e-01  -1.8495091e+00
  -1.0809263e-01   5.2272246e-01  -1.8428483e+00
  -8.1955868e-02   5.6002811e-01  -1.8537388e+00
  -9.7071090e-02   6.0844787e-01  -1.8608738e+00
  -9.1561822e-02   6.1408011e-01  -1.8747654e+00
  -7.3199104e-02   6.6911346e-01  -1.8737655e+00
   2.1230860e-01   4.0980765e-01  -1.8927046e+00
   5.9630136e-03   3.1892798e-01  -1.8843715e+00
  -1.6815223e-01   4.8701892e-01  -1.8266184e+00
  -2.4915819e-01   6.1926612e-01  -1.8147558e+00
  -1.6506664e-01   4.5019190e-01  -1.7965575e+00
  -1.8508737e-01   4.1985996e-01  -1.7907606e+00
  -1.8771181e-01   4.5148738e-01  -1.8019077e+00
  -1.8249183e-01   4.0303186e-01  -1.8360914e+00
  -1.6778733e-01   4.6123358e-01  -1.8063316e+00
  -1.8216596e-01   4.1644509e-01  -1.8268723e+00
  -1.6745273e-01   4.5705664e-01  -1.8223749e+00
  -1.7392578e-01   3.9013611e-01  -1.8138556e+00
   2.6305852e-01   3.5058881e-02  -1.9104190e+00
  -1.5348149e-01   3.8495103e-01  -1.8170098e+00
  -1.3632766e-01   4.6071724e-01  -1.8262926e+00
  -1.7820674e-01   4.4429753e-01  -1.8347572e+00
  -3.4318872e-01   6.4601432e-01  -1.8531250e+00
  -1.6315277e-01   5.1228998e-01  -1.8229924e+00
  -1.7508564e-01   5.4083215e-01  -1.8048248e+00
  -1.6608965e-01   4.8439764e-01  -1.8500926e+00
  -1.7617528e-01   4.8457536e-01  -1.8355035e+00
  -1.9767378e-01   4.2878251e-01  -1.8024267e+00
   5.5130425e-02   1.7159455e-01  -1.8650648e+00
  -1.6975616e-01   3.8831186e-01  -1.8224438e+00
  -1.7071688e-01   4.5317777e-01  -1.8392673e+00
  -1.5523155e-01   4.4165539e-01  -1.8217963e+00
  -1.8214906e-01   4.4750571e-01  -1.8275763e+00
  -1.8542752e-01   4.1865470e-01  -1.7929909e+00
  -1.8614503e-01   3.9202718e-01  -1.8077619e+00
  -1.9447886e-01   4.1072908e-01  -1.8189477e+00
  -1.7391013e-01   3.7972999e-01  -1.8051889e+00
   3.0019159e-01  -1.3424185e-01  -1.8823160e+00
   3.1102357e-01   4.8264215e-01  -1.7610380e+00
  -7.2088571e-02  -4.4913485e-01  -1.7373173e+00
  -6.5766452e-02  -5.1990041e-01  -1.7708934e+00
  -7.6297331e-02  -4.8415681e-01  -1.7733047e+00
  -7.2026873e-02  -4.6923556e-01  -1.7772840e+00
  -6.0561718e-02  -5.2146964e-01  -1.8008281e+00
  -8.5951539e-02  -4.9455568e-01  -1.7687952e+00
  -8.4865364e-02  -5.1764423e-01  -1.7572075e+00
  -7.6486454e-02  -5.8852569e-01  -1.7513351e+00
  -6.6185525e-02  -5.2159340e-01  -1.7995777e+00
  -4.9147363e-02  -5.5909114e-01  -1.8125875e+00
  -7.2029404e-02  -5.6336971e-01  -1.8063374e+00
  -8.7071292e-02  -5.5471780e-01  -1.7883885e+00
  -6.8269763e-02  -5.6768458e-01  -1.8188878e+00
   1.6063544e-01  -6.8789788e-01  -1.8235187e+00
  -8.9151453e-02  -6.0496410e-01  -1.7905775e+00
  -1.0667103e-01  -6.0841001e-01  -1.7474404e+00
  -1.0764777e-01  -6.1848079e-01  -1.7495153e+00
  -1.0719780e-01  -6.2297336e-01  -1.7436843e+00
  -9.3533721e-02  -5.9196691e-01  -1.7714813e+00
  -1.1120386e-01  -5.8947703e-01  -1.7449353e+00
  -1.1050624e-01  -5.0885234e-01  -1.7730515e+00
  -8.8806421e-02  -4.9941983e-01  -1.8246742e+00
  -9.4916491e-02  -5.3137948e-01  -1.7889578e+00
   1.3245733e-01  -7.1162596e-01  -1.8456781e+00
  -7.5253938e-02  -5.4986903e-01  -1.7757668e+00
  -9.7922022e-02  -6.1503323e-01  -1.7469598e+00
  -9.4729652e-02  -6.4871959e-01  -1.7607398e+00
  -1.0783437e-01  -5.9478251e-01  -1.7561150e+00
  -9.8383301e-02  -5.8797439e-01  -1.7699936e+00
  -6.2541294e-02  -5.6391198e-01  -1.7822682e+00
  -6.7598634e-02  -6.1101696e-01  -1.8334664e+00
   3.8917407e-01  -9.9589213e-01  -1.9219806e+00
  -6.7941233e-02  -6.0573900e-01  -1.8127264e+00
  -1.0839003e-01  -5.8299893e-01  -1.7730126e+00
  -1.0451769e-01  -5.5371481e-01  -1.7911024e+00
   1.5010121e-01  -7.5426148e-01  -1.8547544e+00
  -1.1388048e-01  -5.6647818e-01  -1.7940342e+00
  -9.2366257e-02  -5.6944075e-01  -1.8015256e+00
  -8.0887558e-02  -5.6492287e-01  -1.8098361e+00
  -8.4931293e-02   1.6844715e-01  -1.8006817e+00
