  -1.4294734e-01   1.8488200e-01  -1.6778852e+00
  -1.0979613e-01   1.8963564e-01  -1.6994526e+00
  -1.0250416e-01   1.9617390e-01  -1.6978282e+00
  -1.0717604e-01   1.9420833e-01  -1.6921567e+00
  -2.3556887e-01   8.7919823e-02  -1.8671672e+00
  -7.9000350e-02   7.2672575e-02  -1.8551112e+00
   2.3776353e-01  -9.0543510e-02  -1.9240538e+00
  -9.9710864e-02  -4.7136958e-03  -1.8724424e+00
  -1.2463104e-01   1.6845434e-02  -1.8444137e+00
  -8.6272559e-02  -3.6575330e-03  -1.8754135e+00
  -1.4660407e-01   1.0805979e-01  -1.8794717e+00
  -2.5513767e-01   6.3041210e-01  -1.9271037e+00
  -2.9125194e-01   2.4918103e-01  -1.9083934e+00
   1.8840355e-01   4.2619035e-01  -1.9099712e+00
  -8.8137694e-02   1.0404154e-01  -1.8345537e+00
   1.2967696e-01  -6.2862443e-02  -1.9274949e+00
  -1.0126277e-01  -5.8404251e-02  -1.8624836e+00
  -1.1054881e-01  -3.9243245e-02  -1.8532181e+00
  -1.2083651e-01  -2.6280337e-02  -1.8722784e+00
  -1.2583772e-01  -3.3133209e-02  -1.8714318e+00
  -1.4080724e-01  -6.4755578e-02  -1.8247470e+00
  -1.3346313e-01  -4.8021851e-02  -1.8404101e+00
  -3.4390498e-01  -8.3933136e-03  -1.8627606e+00
   5.0734933e-02   1.0479399e-01  -1.8598791e+00
   1.6410989e-01  -1.4243716e-02  -1.8889800e+00
  -1.5483174e-01   2.1061018e+00  -1.6333802e+00
   6.9257991e-02  -4.0288309e-01  -1.7813626e+00
   8.0493315e-02  -7.3410820e-01  -1.7989844e+00
   5.6605220e-02  -7.2000158e-01  -1.8228701e+00
   4.4940898e-02  -8.0919364e-01  -1.8236255e+00
   7.3702845e-02  -8.5480503e-01  -1.8108868e+00
   2.8169403e-02  -8.4365368e-01  -1.7349250e+00
   5.9621264e-01  -1.0316997e+00  -1.7157725e+00
  -8.1695221e-01  -1.4355368e+00  -1.7787134e+00
  -4.4358823e-01   2.2070745e-01  -1.7664201e+00
  -8.1012107e-02  -2.1608505e-01  -1.8455676e+00
  -1.2608622e-01  -2.5649792e-01  -1.8216933e+00
  -1.1498845e-01  -2.8201517e-01  -1.8158228e+00
  -1.0469868e-01  -3.4126008e-01  -1.7861461e+00
  -1.3732472e-01  -4.2597021e-01  -1.8016790e+00
  -1.5706080e-01  -4.2938445e-01  -1.7748537e+00
  -1.9466890e-01  -3.9941326e-01  -1.7486040e+00
  -2.3035489e-01  -3.7847802e-01  -1.7182530e+00
   3.8573201e-02  -5.6751518e-01  -1.8350784e+00
  -1.2143351e-01  -5.0489083e-01  -1.7717764e+00
  -1.0788806e-01  -4.9120969e-01  -1.8187270e+00
  -1.3890874e-01  -5.3354940e-01  -1.8363044e+00
  -6.6716738e-02  -5.0162145e-01  -1.8514477e+00
   8.1978384e-02  -1.1788169e-01  -1.7441232e+00
   1.5340174e-01   1.0948637e+00  -1.6548448e+00
  -2.3274450e-01   1.4332671e-01  -1.7082482e+00
  -1.2540113e-01  -2.9175347e-01  -1.7413366e+00
  -9.8675803e-02  -4.0881517e-01  -1.7906489e+00
  -7.0612361e-02  -3.5660145e-01  -1.7973146e+00
  -9.7389396e-02  -4.7061413e-01  -1.8260063e+00
  -1.6136012e-01  -4.6285357e-01  -1.7345080e+00
  -1.9554408e-01  -4.1543829e-01  -1.7435363e+00
  -1.2122973e-02  -5.0077095e-01  -1.7764000e+00
   1.0828367e+00  -9.7822057e-01  -1.9382897e+00
   7.1038433e-02  -7.1654478e-01  -1.8655273e+00
  -1.2501427e-01  -5.3251677e-01  -1.8125244e+00
  -1.2351967e-01  -5.2944897e-01  -1.7787427e+00
  -1.2013851e-01  -5.1442952e-01  -1.8159247e+00
  -2.2006138e-01   3.3245764e-01  -1.7501249e+00
   2.3127653e-02   7.6908795e-01  -1.7258047e+00
   9.5505851e-01   2.7775763e+00  -1.6241111e+00
   1.8603491e-01   2.5256026e-01  -1.7787239e+00
  -1.2335698e-01  -1.8230047e-01  -1.8257516e+00
  -1.4748830e-01  -2.1929122e-01  -1.7896586e+00
  -2.2317633e-01  -3.3369370e-01  -1.8124122e+00
  -1.1938842e-01  -2.3921854e-01  -1.8186784e+00
  -1.5318774e-01  -3.3709216e-01  -1.7547246e+00
  -1.5607291e-01  -3.7055457e-01  -1.7671757e+00
  -1.6770924e-01  -3.1850730e-01  -1.7896683e+00
  -1.4119579e-01  -3.2065384e-01  -1.8391574e+00
  -1.5432909e-01  -3.3379778e-01  -1.8094991e+00
  -1.7306251e-01  -2.9076069e-01  -1.8247959e+00
  -1.7228054e-01   7.6131199e-01  -1.8201302e+00
   6.9281748e-02  -6.6767926e-03  -1.7555142e+00
  -1.1130438e+00   3.4316161e+00  -1.5155534e+00
  -8.0837330e-02   2.1448339e+00  -1.5550169e+00
  -1.3444914e-01  -3.1793377e-01  -1.8421324e+00
  -1.3983965e-01  -3.4587125e-01  -1.8174489e+00
  -1.5047657e-01  -3.5143824e-01  -1.8188092e+00
  -1.4007249e-01  -4.1685537e-01  -1.7951189e+00
  -1.9954236e-01  -3.3384836e-01  -1.7036362e+00
  -2.0364809e-01  -2.9687160e-01  -1.6799768e+00
   3.7827271e-01   2.4676540e-02  -1.7076263e+00
   1.2662822e+00   2.0133951e+00  -1.5819632e+00
  -8.1554276e-02   5.4163800e-01  -1.7919274e+00
  -1.2226769e-01  -3.6986735e-01  -1.8074065e+00
  -2.8468108e-02  -8.8492201e-02  -1.8160640e+00
  -4.9396098e-02  -2.0205148e-01  -1.8267584e+00
  -6.1729132e-02  -1.3743409e-01  -1.8284073e+00
  -9.7187403e-02  -2.1046443e-01  -1.7633711e+00
  -1.1905473e-01  -2.5798374e-01  -1.7151014e+00
  -4.8614589e-02  -2.2663381e-01  -1.8017492e+00
  -3.9327238e-02  -2.4912010e-01  -1.8202701e+00
  -3.8674484e-02  -3.2579079e-01  -1.8157134e+00
   1.3178647e-01  -4.9580507e-01  -1.8794965e+00
  -5.0052944e-02  -3.2450339e-01  -1.8240457e+00
   1.3668564e-01  -1.4762799e-01  -1.7998806e+00
   7.7285717e-02  -2.4520026e-01  -1.8603788e+00
  -1.5648714e-02  -2.6949130e-01  -1.8683507e+00
   1.1055966e-02  -3.3212609e-01  -1.7979582e+00
   1.4937247e-02  -3.0446578e-01  -1.7796024e+00
   3.5327746e-02  -2.1932679e-01  -1.8589469e+00
  -4.3402327e-02  -3.6252011e-01  -1.8223519e+00
  -3.0651304e-03  -3.9016751e-01  -1.8315816e+00
  -6.6660281e-02  -3.5546787e-01  -1.8605184e+00
   4.3428829e-01  -6.9743569e-01  -1.9433309e+00
  -4.9962499e-02  -3.4848057e-01  -1.8099207e+00
  -3.5065852e-02  -3.3839315e-01  -1.8210424e+00
  -7.5106330e-02  -3.0832903e-01  -1.7949621e+00
  -6.7984968e-02  -2.6448044e-01  -1.8383381e+00
  -8.0930521e-02  -3.6207641e-01  -1.8182955e+00
  -9.4766435e-02  -3.7321066e-01  -1.7770396e+00
   1.5990651e-01  -5.1757654e-01  -1.8653255e+00
  -4.3695125e-02  -3.1390694e-01  -1.8249003e+00
  -6.5002447e-02  -3.5013311e-01  -1.8204966e+00
  -6.2812184e-02  -3.3974509e-01  -1.8073033e+00
  -5.6165396e-02  -2.5000182e-01  -1.8202379e+00
  -7.4740460e-02  -2.6090432e-01  -1.8266365e+00
  -2.7507478e-01   5.4075900e-01  -1.7615567e+00
  -7.5829386e-01   2.2648402e+00  -1.5709526e+00
   1.4450007e+00   2.5306800e+00  -1.5159879e+00
   5.9376629e-01   4.8091406e-01  -1.6224410e+00
  -7.4509540e-02  -3.8698668e-01  -1.8120381e+00
  -1.0094016e-01  -4.2669872e-01  -1.8161857e+00
  -1.0968487e-01  -4.3650793e-01  -1.7728427e+00
   8.4960526e-02  -2.9531501e-01  -1.8051645e+00
  -1.0068758e+00   6.7957634e-01  -1.7691382e+00
  -9.7217708e-01   2.3948285e+00  -1.4789419e+00
   2.5858625e+00   3.1588517e+00  -1.4584228e+00
  -5.7350761e-01   4.0040861e+00  -1.2703429e+00
  -7.1742176e-01   1.6095261e+00  -1.5840905e+00
  -3.3645704e-03   2.0603985e+00  -1.6212230e+00
   3.2542675e-01  -9.4544658e-02  -1.8163249e+00
   1.1228032e-01  -2.7159278e-01  -1.8308877e+00
   9.9590105e-02  -3.2746792e-01  -1.8331465e+00
   1.2458346e-01  -3.4618294e-01  -1.7929742e+00
   1.0187777e-01  -3.0691490e-01  -1.7984742e+00
   6.3967001e-02  -3.4775716e-01  -1.7857010e+00
   6.7086759e-02  -3.6849837e-01  -1.7903345e+00
   7.4997044e-02  -3.9443159e-01  -1.8457713e+00
   8.3571570e-02  -3.5290763e-01  -1.8399397e+00
   7.4751152e-02  -3.2301426e-01  -1.8602500e+00
   2.8171060e-01  -4.5880692e-01  -1.8774553e+00
   6.4846346e-02  -2.2015189e-01  -1.8898938e+00
   3.2972421e-02  -3.6353216e-01  -1.8545548e+00
   3.4135047e-01  -5.8034116e-01  -1.8921492e+00
  -1.1763386e-01  -1.8884414e-01  -1.8749805e+00
   9.7088241e-02  -3.9444042e-01  -1.8432504e+00
  -2.6245449e-02  -1.4024842e-02  -1.7887341e+00
