   2.4062367e-01   5.5722656e-02  -1.7079001e+00
   2.4036107e-01   6.7219878e-02  -1.6995697e+00
   2.4566811e-01   1.3576747e-01  -1.6943910e+00
   1.1769763e+00   8.1750541e-01  -1.7854456e+00
   6.3788320e-02   4.2144629e-02  -1.8945166e+00
   3.2969192e-01   6.6108673e-02  -1.8579083e+00
   5.5110268e-01   2.9814511e-01  -1.8725347e+00
   2.7307227e-01   8.3521121e-02  -1.8572844e+00
   3.2132787e-01   5.4864754e-02  -1.8711554e+00
   3.1251960e-01   7.8317092e-02  -1.8572002e+00
   2.9772501e-01   2.5538806e-02  -1.8605576e+00
   3.0281582e-01   2.3570787e-03  -1.8788097e+00
   4.8126588e-01  -1.6188205e-01  -1.9073137e+00
   2.8448349e-01  -2.6811155e-02  -1.8769882e+00
   2.9934332e-01  -3.1627075e-02  -1.8539726e+00
   2.8790582e-01  -6.9647858e-02  -1.8357035e+00
   2.5544294e-01   2.5895226e-02  -1.8333987e+00
   3.1184928e-01   3.3991939e-01  -1.8706573e+00
   2.7032991e-01   4.8594026e-03  -1.8165767e+00
   2.7121287e-01   2.6342469e-02  -1.8502396e+00
   2.8466318e-01  -1.3540299e-02  -1.8552231e+00
   2.8906113e-01  -1.5989417e-02  -1.8476807e+00
   3.1462842e-01  -1.2481353e-02  -1.8543561e+00
   7.8965871e-01  -5.4312118e-01  -1.9330003e+00
   2.6530440e-01  -6.3483205e-02  -1.8313319e+00
   2.8841906e-01   4.6177758e-02  -1.8622028e+00
   2.7077746e-01   1.7157742e-02  -1.8320471e+00
   4.6816987e-01  -2.2301434e-01  -1.8552429e+00
   2.7517916e-01  -7.0771785e-02  -1.8367754e+00
   2.7394579e-01  -1.2820132e-01  -1.8231795e+00
   2.3935157e-01  -8.9810018e-02  -1.8176947e+00
   4.8640169e-02   4.8422427e-03  -1.7851988e+00
   1.2643835e-01   8.7722925e-02  -1.7075657e+00
   2.4049231e-01   1.7970084e-02  -1.8139581e+00
   2.5182928e-01   1.2812289e-02  -1.8245546e+00
   2.6936296e-01  -1.8030034e-02  -1.8546474e+00
   2.9467594e-01   4.6104708e-03  -1.8492270e+00
   3.2886754e-01   3.0845878e-02  -1.8733921e+00
   6.5441077e-01   1.3204359e-01  -1.8487999e+00
   5.5174110e-01  -7.0749641e-02  -1.7768462e+00
   4.6045044e-01  -1.0538902e+00  -1.8067181e+00
   3.8364738e-01   5.8963009e-01  -1.8121398e+00
   4.3712523e-01  -9.4492439e-01  -1.8564834e+00
   4.5385873e-01  -9.4385308e-01  -1.8318646e+00
   4.6686542e-01  -9.7282331e-01  -1.8591866e+00
   4.3911606e-01  -6.8466995e-01  -1.8006500e+00
   6.6991929e-01   1.0192744e+00  -1.7910852e+00
   5.9500930e-02   1.5497541e+00  -1.6129329e+00
   1.8525862e-02   2.3033869e+00  -1.6710705e+00
   2.0807518e-01   1.2225087e+00  -1.7285705e+00
   1.8700174e-01   1.1651081e+00  -1.7126288e+00
   2.3360050e-01   1.1764132e+00  -1.7445788e+00
   1.9132962e-01   1.1315459e+00  -1.6940935e+00
   2.3302456e-01   1.0901298e+00  -1.7597019e+00
   2.6725403e-01   1.5428928e-01  -1.8047962e+00
   4.6380328e-01  -3.5233116e-01  -1.8388115e+00
   1.8503799e-01  -1.6820114e-01  -1.7673272e+00
   1.7444204e-01  -1.2835013e-01  -1.7625855e+00
   2.4827429e-01  -9.5704503e-02  -1.8393348e+00
   2.2892298e-01  -1.2790223e-01  -1.8206358e+00
   2.5871593e-01  -1.1272375e-01  -1.8397102e+00
   1.9662671e-01  -1.8131035e-01  -1.7822497e+00
   2.2511747e-01  -2.0663648e-01  -1.7969800e+00
   2.4847340e-01  -1.6406636e-01  -1.8284650e+00
   2.7408817e-01  -1.1886158e-01  -1.8483649e+00
   2.5591366e-01  -1.2984425e-01  -1.8198487e+00
   4.7257232e-01  -3.4496127e-01  -1.8496313e+00
   2.5827194e-01  -1.3415089e-01  -1.8342535e+00
   2.2503404e-01  -9.2399122e-02  -1.8140542e+00
   1.8893524e-01  -1.4803180e-01  -1.7874132e+00
   2.1963883e-01  -8.6754145e-02  -1.7747989e+00
   2.4281229e-01  -5.8945687e-02  -1.7785665e+00
   2.1948109e-01  -7.1257782e-02  -1.7707539e+00
   1.8578871e-01  -1.2692686e-01  -1.7960722e+00
   2.0937937e-01  -1.5203046e-01  -1.8208784e+00
   7.2283947e-01  -6.1472736e-01  -1.9220347e+00
   1.6089084e-01  -1.6406588e-01  -1.7993857e+00
   1.8582620e-01  -1.3203757e-01  -1.8346363e+00
   2.3726798e-01  -1.3936635e-01  -1.8370161e+00
   1.7325784e-01  -4.1023262e-02  -1.8569021e+00
   1.8664788e-01  -1.5088866e-01  -1.8340390e+00
   1.9708506e-01  -1.4339090e-01  -1.7904829e+00
   2.3168269e-01  -1.3596385e-01  -1.8380888e+00
   2.2615496e-01  -3.4847352e-02  -1.8535289e+00
   2.2169474e-01  -1.3787526e-01  -1.7868847e+00
   2.0202415e-01  -2.1195891e-01  -1.7453309e+00
   6.8155770e-01  -6.0836550e-01  -1.8519068e+00
   2.3713157e-01  -8.7259506e-02  -1.8098497e+00
   1.7555749e-01  -1.2131989e-01  -1.7776421e+00
   2.0942725e-01  -1.4316422e-01  -1.7807731e+00
   2.1356234e-01  -1.2976002e-01  -1.7836264e+00
   1.6850108e-01  -1.8049950e-01  -1.7166751e+00
   1.7067898e-01  -1.4125105e-01  -1.7389402e+00
   2.1445759e-01  -1.4892770e-01  -1.7987529e+00
   2.5116437e-01  -1.4418566e-01  -1.7973530e+00
   4.1631115e-01  -3.2374730e-01  -1.8355652e+00
   2.1290770e-01  -2.3509527e-02  -1.7681015e+00
   3.9262389e-01  -1.2399082e-01  -1.8160384e+00
   2.4600530e-01  -1.0499125e-01  -1.8250057e+00
   2.2564794e-01  -8.5897624e-02  -1.8259572e+00
   2.0008324e-01  -6.6506485e-02  -1.8610517e+00
   1.7124025e-01  -1.2997730e-01  -1.7651440e+00
   1.7801938e-01  -8.5317187e-02  -1.7790944e+00
   4.2937449e-01  -2.1343078e-01  -1.7715613e+00
   6.4066027e-01   1.2866469e+00  -1.6856558e+00
   3.5350255e-01  -7.1120914e-01  -1.7206568e+00
   3.9136863e-01  -9.7875084e-01  -1.7583751e+00
   3.8918611e-01  -8.5300958e-01  -1.7626023e+00
   3.9952578e-01  -8.8302002e-01  -1.7397197e+00
   4.3566599e-01  -9.6934271e-01  -1.7553054e+00
  -8.0390047e-02   4.0714591e-01  -1.6540725e+00
   1.3249676e+00   8.4096693e-01  -1.8099664e+00
   2.2158297e-01   3.5923942e-01  -1.6335922e+00
   1.8592613e-01  -7.6397795e-03  -1.6937500e+00
   2.3768252e-01   3.6503747e-02  -1.7494980e+00
   2.6956295e-01   2.3129719e-02  -1.7593031e+00
   1.9382481e-01  -2.7327099e-02  -1.7833234e+00
   2.4329193e-01  -1.0343602e-02  -1.7875776e+00
   2.2391501e-01  -2.6311055e-02  -1.8013995e+00
   9.2958831e-02   2.7870594e-01  -1.8053173e+00
   2.2249500e-01  -1.7604321e-02  -1.8150834e+00
   2.5623400e-01   8.2408634e-03  -1.7927084e+00
   4.0139785e-01   1.2081924e-01  -1.8157554e+00
   3.2624225e-02   5.1886753e-02  -1.8171974e+00
   5.8178858e-01  -3.3166230e-01  -1.8830942e+00
   3.2185000e-01  -2.3967428e-01  -1.8094012e+00
   2.3106300e-01  -3.0793711e-02  -1.7787809e+00
   2.4487439e-01   1.0863020e-02  -1.7855116e+00
   2.4757802e-01  -4.1133905e-02  -1.7937712e+00
   2.0160445e-01  -4.0511311e-02  -1.7985485e+00
   2.2973526e-01   1.0086102e-03  -1.8074429e+00
  -2.9093131e-04  -2.7791963e-02  -1.8031305e+00
   1.9277624e-01  -2.6445974e-02  -1.7722937e+00
   1.9984210e-01  -6.5460432e-03  -1.7836070e+00
   2.0128701e-01  -1.6993199e-02  -1.7933735e+00
   2.0393622e-01  -3.4966098e-02  -1.7669025e+00
   4.2273999e-01  -2.5018117e-01  -1.8634737e+00
   2.2225389e-01  -6.9571745e-02  -1.8063653e+00
   1.8668295e-01  -8.2880769e-02  -1.7473292e+00
   1.8319565e-01  -7.9012406e-02  -1.7577205e+00
   1.8368450e-01  -6.2987146e-02  -1.7413947e+00
   2.2274889e-01  -1.3155061e-02  -1.7959146e+00
   2.6442022e-01   5.9507802e-02  -1.8042725e+00
   2.2713013e-01   2.3659699e-02  -1.8064524e+00
   3.8922514e-01  -2.8059601e-01  -1.8601158e+00
   5.7598611e-01  -3.7880214e-01  -1.8679375e+00
   2.3715912e-01   7.4212241e-03  -1.8473978e+00
   2.5523306e-01   4.2545559e-02  -1.8443072e+00
   1.5083689e-01   5.0281973e-01  -1.8217095e+00
   3.0453953e-01   1.2659317e+00  -1.7192810e+00
   6.2507961e-01   5.5501217e-01  -1.8045585e+00
   6.4512223e-01  -2.0649812e-03  -1.7206883e+00
  -2.8005035e-01   6.6282612e-02  -1.7599832e+00
   2.9203521e-01  -3.7940948e-03  -1.8020214e+00
