   4.4277839e+00   4.3494427e+00  -1.6063556e+00
   3.9073435e+00   2.9093036e+00  -1.7209111e+00
  -1.6399561e+00   4.3262566e+00  -1.3272153e+00
  -1.6266726e+00   4.3327453e+00  -1.2823367e+00
  -4.6645460e-01   2.0126133e+00  -1.7246533e+00
  -2.4629749e-01   1.5971044e-01  -1.8377695e+00
  -2.3191097e-01   1.2767473e-01  -1.8230338e+00
  -2.3051030e-01   5.2989445e-02  -1.8350129e+00
  -2.9702837e-01   1.4548498e-01  -1.8557318e+00
  -3.2503266e-01  -9.2495353e-02  -1.8656134e+00
  -3.8174884e-01  -1.0671042e-01  -1.8528679e+00
  -2.7391322e-01  -1.9784632e-02  -1.8474117e+00
  -1.9137562e-01  -2.9163613e-01  -1.8798501e+00
  -3.1824785e-01  -1.2120352e-01  -1.8312418e+00
  -4.5067417e-01   1.2554892e-01  -1.8237498e+00
  -2.9008732e-01  -6.3892730e-02  -1.8352048e+00
  -3.7213216e-01  -5.5616374e-03  -1.8506046e+00
  -3.9754019e-01   3.5802772e-02  -1.8500984e+00
  -3.3383105e-01  -2.6677712e-02  -1.8196926e+00
  -3.2226824e-01  -3.1483050e-02  -1.8346725e+00
  -6.9235734e-02  -2.9268290e-01  -1.8823703e+00
  -5.8047251e-02  -2.3579690e-01  -1.8824938e+00
  -2.8871253e-01  -3.3531789e-02  -1.8326301e+00
  -3.8865867e-01  -2.8040959e-02  -1.8481622e+00
  -2.6465426e-01   1.2047980e-01  -1.8666576e+00
  -2.8119231e-01   1.4244234e-02  -1.8725056e+00
  -2.0115436e-01   1.4704706e-01  -1.8007133e+00
  -2.7323547e-01  -6.5239193e-02  -1.8144663e+00
  -3.1061396e-01   3.3872847e-02  -1.8395994e+00
  -3.8440773e-01   4.4656553e-02  -1.8471579e+00
   2.3478833e-01  -3.3804689e-01  -1.9220897e+00
  -3.0827974e-01   9.3357121e-02  -1.7603714e+00
  -2.9127970e-01   1.9192276e-01  -1.8059551e+00
  -2.8241309e-01   1.6882653e-01  -1.8184987e+00
  -3.1285976e-01   9.3580266e-02  -1.9052693e+00
  -3.4583942e-01   5.5089642e-02  -1.8284685e+00
  -1.3999691e-01   1.0514178e-01  -1.8425969e+00
  -3.4627046e-01   6.6881043e-02  -1.8245453e+00
  -1.7256629e-01  -4.8498530e-02  -1.8468654e+00
  -3.2277167e-01   4.8539725e-02  -1.8104005e+00
  -4.1565188e-01   6.5687336e-01  -1.8037682e+00
  -4.9610712e-01   6.0826611e-01  -1.6836456e+00
  -8.9795002e-01   2.5787897e+00  -1.3619220e+00
  -2.6405836e-02  -5.7906104e-02  -1.7571963e+00
  -4.1314895e-01   1.5987328e+00  -1.6666844e+00
  -4.9965523e-01   2.9098871e-01  -1.7178272e+00
  -5.2363920e-01   2.8712469e-01  -1.7397046e+00
  -5.2173710e-01   2.5989241e-01  -1.7441173e+00
  -4.9167384e-01   2.4991255e-01  -1.7946490e+00
  -2.7604073e-01  -9.2393474e-02  -1.8209862e+00
  -5.5872461e-01   9.0207977e-02  -1.7624926e+00
  -7.5790341e-01   6.8399893e-02  -1.7907410e+00
  -5.4379202e-01   1.4941357e-01  -1.8150285e+00
  -5.5474347e-01   1.2177284e-01  -1.7744947e+00
  -5.2201395e-01   1.0434920e-01  -1.7782854e+00
  -5.3666844e-01   1.2050364e-01  -1.7872106e+00
  -5.5119630e-01   9.1873192e-02  -1.7834596e+00
  -5.6915118e-01   3.9943389e-02  -1.8090451e+00
  -3.5592962e-01  -1.1800282e-01  -1.8350596e+00
  -5.6007030e-01   9.5822236e-02  -1.8165633e+00
  -5.4321900e-01   1.4522302e-01  -1.7923837e+00
  -5.4294623e-01   1.2575998e-01  -1.7903960e+00
  -6.1560985e-01   7.2093848e-02  -1.7770491e+00
  -6.1217678e-01   1.1348220e-01  -1.7809053e+00
  -5.7615689e-01   1.0704462e-01  -1.7667209e+00
  -5.9591541e-01   6.4993177e-02  -1.7459104e+00
  -5.3651354e-01   7.2504654e-02  -1.7772487e+00
  -5.1865203e-01   9.1953577e-02  -1.8360839e+00
  -8.2749498e-02  -2.9814383e-01  -1.9273857e+00
  -5.2215413e-01   1.0384869e-01  -1.8304488e+00
  -3.7225726e-01   4.9206382e-01  -1.8579500e+00
  -5.6966235e-01   1.0527857e-01  -1.7997343e+00
  -5.4494517e-01   1.5203944e-01  -1.8017137e+00
  -5.5790589e-01   1.5511106e-01  -1.7763104e+00
  -5.6253297e-01   1.1119181e-01  -1.8290759e+00
  -5.5707499e-01   6.8524382e-02  -1.8238263e+00
  -5.4429199e-01   6.0812868e-02  -1.8336506e+00
  -2.5093855e-01   1.7222545e-01  -1.9047425e+00
  -5.3372976e-01   1.6708183e-01  -1.8369483e+00
  -5.4647358e-01   2.0166597e-01  -1.8280223e+00
  -5.4258663e-01   2.7509395e-01  -1.8135719e+00
  -5.6658431e-01   2.8924895e-01  -1.8149999e+00
  -5.9139120e-01   2.8250186e-01  -1.8072456e+00
  -6.1699608e-01   2.5102558e-01  -1.8046071e+00
  -3.4965633e-01   3.7031304e-02  -1.8485561e+00
  -6.0000710e-01   2.2610667e-01  -1.7751062e+00
  -5.7882672e-01   1.4404737e-01  -1.7738795e+00
  -6.4738963e-01   8.1472088e-02  -1.7909061e+00
  -5.7252945e-01   1.7723098e-01  -1.8171208e+00
  -5.6831123e-01   1.7317570e-01  -1.7920216e+00
  -1.0718761e+00   1.8726645e+00  -1.7230527e+00
  -2.8144308e-01  -3.1814964e-01  -1.7638587e+00
  -3.9906421e-01  -3.1662940e-01  -1.7373359e+00
  -2.7740339e-01  -4.2864736e-01  -1.7452911e+00
  -3.6449313e-01  -6.2645293e-01  -1.7646923e+00
  -3.3088390e-01  -6.2417083e-01  -1.7642987e+00
  -3.2078886e-01  -6.4219912e-01  -1.7766118e+00
  -3.8544884e-01  -3.8370012e-01  -1.7625541e+00
  -1.0630317e+00   1.9359482e+00  -1.6858209e+00
  -4.4379433e-01   1.0724950e+00  -1.6636386e+00
  -5.6424996e-01   2.2981452e-01  -1.7833053e+00
  -5.5905304e-01   2.1813230e-01  -1.7839273e+00
  -5.5354308e-01   1.9627373e-01  -1.7957025e+00
  -5.5712413e-01   1.7725564e-01  -1.7826910e+00
  -5.7214550e-01   1.7755226e-01  -1.8016772e+00
  -5.8948142e-01   1.8684967e-01  -1.7844273e+00
  -5.8193004e-01   1.7737565e-01  -1.7534742e+00
  -5.8849830e-01   1.7113102e-01  -1.7901113e+00
  -5.4852321e-01   1.9485487e-01  -1.8001425e+00
  -5.3484839e-01   2.2017917e-01  -1.7783015e+00
  -5.5974446e-01   1.6320637e-01  -1.7912070e+00
  -3.5841281e-01  -3.3343536e-02  -1.8045105e+00
  -3.1417584e-01  -1.0412675e-01  -1.8345482e+00
  -6.3074267e-01   1.5458895e-01  -1.7672257e+00
  -6.1368490e-01   5.5616466e-02  -1.8247442e+00
  -6.3641656e-01   4.7163168e-02  -1.7732073e+00
  -6.0399205e-01   9.2423962e-02  -1.7901528e+00
  -5.2898492e-01   1.4989572e-01  -1.7717112e+00
  -5.6473249e-01   1.0459004e-01  -1.7564657e+00
  -5.2589412e-01   3.5169966e-01  -1.8215434e+00
  -2.3178335e-01   1.4577435e+00  -1.7854209e+00
  -5.4507412e-01   1.8791222e-01  -1.8565489e+00
  -5.8137102e-01   2.0914630e-01  -1.8222798e+00
  -5.9574769e-01   2.2352069e-01  -1.8124470e+00
  -5.6909503e-01   2.1264895e-01  -1.8181303e+00
  -3.1579209e-01   2.4518123e-02  -1.8639719e+00
  -5.3003581e-01   2.8751387e-01  -1.7946054e+00
  -5.5419243e-01   1.2772279e-01  -1.7854793e+00
  -5.8562094e-01   2.3520779e-01  -1.8091381e+00
  -5.3784553e-01   2.3533436e-01  -1.8219050e+00
  -5.3807764e-01   7.5568115e-01  -1.8289349e+00
  -5.6348626e-01   2.0000876e-01  -1.8008782e+00
  -5.7056715e-01   2.0075089e-01  -1.8311035e+00
  -6.1405686e-01   1.9414624e-01  -1.8167413e+00
  -3.2287473e-01  -7.1029272e-02  -1.8574480e+00
  -5.4747272e-01   1.1467669e-01  -1.8092053e+00
  -5.4159293e-01   2.4077950e-01  -1.7686211e+00
  -5.0195699e-01   3.2609804e-01  -1.8192655e+00
  -4.8984674e-01   3.5890876e-01  -1.8221650e+00
  -5.1067367e-01   4.0551506e-01  -1.8463571e+00
  -5.4439565e-01   3.5590286e-01  -1.8244509e+00
  -4.7486689e-01   3.4470060e-01  -1.8448439e+00
  -2.9376135e-01   2.9835646e-01  -1.8342115e+00
  -3.0662843e-02   4.9941700e-02  -1.8802145e+00
  -5.6575080e-01   2.6948413e-01  -1.8520181e+00
  -5.7613711e-01   2.4068649e-01  -1.8257524e+00
  -5.8616677e-01   1.5959521e-01  -1.8217525e+00
  -6.4540674e-01   2.5705116e-01  -1.8543250e+00
  -6.0855224e-01   3.2086583e-01  -1.8512764e+00
  -7.7590086e-01   4.0024318e-01  -1.8460051e+00
  -6.0214965e-01   1.6002955e-01  -1.8260325e+00
  -4.4232031e-01  -1.8314637e-01  -1.8997917e+00
  -8.4368674e-01  -6.0706523e-02  -1.8425846e+00
  -4.1778869e-01   2.7672080e-01  -1.7980613e+00
