  -6.0144887e-01  -6.6085155e-01  -1.8417460e+00
  -1.3399036e+00  -2.5943709e-01  -1.6810363e+00
  -1.2758220e+00  -1.9977537e-01  -1.6988362e+00
  -1.2348251e+00  -2.0467482e-01  -1.6855907e+00
  -1.2144731e+00  -2.5121383e-01  -1.8198551e+00
  -5.8195896e-01   1.7842578e+00  -1.6466963e+00
  -1.5191779e+00   2.1402091e+00  -1.6674593e+00
  -1.3213722e+00   6.7624217e-01  -1.8067879e+00
  -1.3166377e+00   6.4466995e-01  -1.7621524e+00
  -1.3125228e+00   6.6298615e-01  -1.7671377e+00
  -1.3487884e+00   6.0838669e-01  -1.7875892e+00
  -1.3939630e+00   5.2021611e-01  -1.8127808e+00
  -1.4018262e+00   4.7549570e-01  -1.7837196e+00
  -1.4664987e+00   5.6657042e-01  -1.7264344e+00
  -1.5090620e+00   6.8769523e-01  -1.7530052e+00
  -1.3458970e+00   5.6807790e-01  -1.7416429e+00
  -1.5447990e+00   6.7351611e-01  -1.6971093e+00
  -1.4895317e+00   8.3338559e-01  -1.6988056e+00
  -1.7344299e+00   1.5276305e+00  -1.6295172e+00
  -1.2068473e+00   5.9105179e-01  -1.7630812e+00
  -1.2022066e+00   3.6867247e-01  -1.7629524e+00
  -1.2128821e+00   2.1959395e-01  -1.7898776e+00
  -1.2126044e+00   1.6414122e-01  -1.7938633e+00
  -1.2168588e+00   1.2783117e-01  -1.7272770e+00
   1.2705111e-01   1.5711251e+00  -1.6782167e+00
  -1.4346134e+00  -2.3148921e-01  -1.6507921e+00
  -1.3776764e+00   6.1022723e-01  -1.7031336e+00
  -1.3466480e+00   6.2053109e-01  -1.7953175e+00
  -1.3839865e+00   5.7735765e-01  -1.7929352e+00
  -1.3822362e+00   5.5649992e-01  -1.7887927e+00
  -1.3400319e+00   6.0674162e-01  -1.7826330e+00
  -1.3418254e+00   4.6688754e-01  -1.8145540e+00
  -1.3491624e+00   4.1584504e-01  -1.8008497e+00
  -1.1178302e+00   3.6029937e-01  -1.8237264e+00
  -1.0014280e+00   2.8337248e-01  -1.8650187e+00
  -1.0891524e+00   2.5494835e-01  -1.8704010e+00
  -1.5387795e+00   4.8443255e-01  -1.8061614e+00
  -1.4486399e+00   5.6550827e-01  -1.7918504e+00
  -1.4051073e+00   5.5582806e-01  -1.7995773e+00
  -1.3811392e+00   6.1780731e-01  -1.7894271e+00
  -1.4049783e+00   5.8269135e-01  -1.7986078e+00
  -1.4683962e+00   5.0923408e-01  -1.8248248e+00
  -1.4092371e+00   5.3084307e-01  -1.7839986e+00
  -1.0700466e+00   2.9468397e-01  -1.8546261e+00
  -1.5688487e+00   7.1574950e-01  -1.8375737e+00
  -1.3717600e+00   5.6524121e-01  -1.8133543e+00
  -1.4545151e+00   6.3287455e-01  -1.8223613e+00
  -1.3242088e+00   6.8994271e-01  -1.8233065e+00
  -1.4644986e+00   6.6919431e-01  -1.8003196e+00
  -1.2951887e+00   5.3967257e-01  -1.8269003e+00
  -1.4268781e+00   6.1423878e-01  -1.7946708e+00
  -1.4037905e+00   5.5056691e-01  -1.8104978e+00
  -1.1296042e+00   2.9987257e-01  -1.8650690e+00
  -1.3388592e+00   5.5203086e-01  -1.7986418e+00
  -1.4317062e+00   5.4592991e-01  -1.8043365e+00
  -1.4113624e+00   5.7281476e-01  -1.8198422e+00
  -1.4370298e+00   4.5897133e-01  -1.7939123e+00
  -1.4675448e+00   5.4171818e-01  -1.7726889e+00
  -1.5006110e+00   5.7720605e-01  -1.7339988e+00
  -1.2535444e+00   4.1102149e-01  -1.8343287e+00
  -1.5216972e+00   5.0766577e-01  -1.7858637e+00
  -1.4297272e+00   5.1445011e-01  -1.8096661e+00
  -1.4423981e+00   5.5491812e-01  -1.7921585e+00
  -1.4221931e+00   6.1278475e-01  -1.8092898e+00
  -1.4146869e+00   5.7666540e-01  -1.7894933e+00
  -1.4066074e+00   6.7444128e-01  -1.7803587e+00
  -1.4493550e+00   6.5971282e-01  -1.7693006e+00
  -1.1530056e+00   4.0692454e-01  -1.8270415e+00
  -1.4479825e+00   5.4604989e-01  -1.7975968e+00
  -1.4594982e+00   5.6519782e-01  -1.8041718e+00
  -1.4146083e+00   6.1347114e-01  -1.8150534e+00
  -1.3289240e+00   6.4231080e-01  -1.8167470e+00
  -1.3649674e+00   9.7688325e-01  -1.6526185e+00
  -1.2949106e+00  -1.3349182e-01  -1.7470342e+00
  -1.2508455e+00  -2.3136967e-01  -1.8096703e+00
  -1.2470571e+00  -2.3941333e-01  -1.8497939e+00
  -9.3427020e-01  -4.9203187e-01  -1.8586251e+00
  -1.2824183e+00  -2.6233654e-01  -1.8252658e+00
  -1.2867962e+00  -3.0242851e-01  -1.8185478e+00
  -1.2876098e+00  -3.1218298e-01  -1.8192775e+00
  -1.2712542e+00  -3.2074649e-01  -1.8215954e+00
  -1.2783682e+00  -3.2525553e-01  -1.8157312e+00
  -1.2684332e+00  -3.0992375e-01  -1.8084053e+00
  -1.2725573e+00  -2.3583589e-01  -1.8216259e+00
  -6.8486650e-01  -6.8401603e-01  -1.8979309e+00
  -1.1694442e+00  -1.6729080e-01  -1.7885741e+00
  -1.3403772e+00  -1.6036135e-01  -1.8213235e+00
  -1.2250332e+00  -3.9684901e-01  -1.7647555e+00
  -1.2541545e+00  -5.3798431e-01  -1.8120423e+00
  -1.4061718e+00  -4.3814464e-01  -1.8658687e+00
  -1.4520816e+00  -4.9520568e-01  -1.8893844e+00
  -1.1638572e+00  -3.6762190e-01  -1.8623471e+00
  -1.3298455e+00  -4.3818887e-01  -1.8746301e+00
  -1.4959631e+00  -8.6244697e-01  -1.8900521e+00
  -1.6607286e+00  -9.8943348e-01  -1.9880889e+00
  -1.7672916e+00  -1.2460167e+00  -1.9709919e+00
  -1.1237795e+00  -6.8596029e-01  -1.9332968e+00
  -1.4015322e+00  -4.2761276e-01  -1.9159022e+00
  -1.2773087e+00  -3.5721673e-01  -1.8575648e+00
  -1.2835993e+00  -3.1040543e-01  -1.8936682e+00
  -1.4085364e+00  -4.3594428e-01  -1.8579402e+00
  -1.2177011e+00  -2.7195285e-01  -1.8535827e+00
  -9.5576462e-01  -5.2691070e-01  -1.8959709e+00
  -1.2284007e+00  -4.0511636e-01  -1.8361110e+00
  -1.0419855e+00  -2.1824915e-01  -1.8422101e+00
  -1.1695976e+00  -3.6001436e-01  -1.8253746e+00
  -1.0082954e+00  -6.8281835e-01  -1.8597718e+00
  -1.2651196e+00  -4.4374508e-01  -1.8096315e+00
  -1.2570267e+00  -3.1565279e-01  -1.8413053e+00
  -1.3258179e+00  -3.9333464e-01  -1.8667496e+00
  -1.2823694e+00  -3.9624029e-01  -1.8281744e+00
  -1.2877683e+00  -4.4805344e-01  -1.8140912e+00
  -1.2588036e+00  -4.4415496e-01  -1.8618766e+00
  -1.2506132e+00  -3.9069336e-01  -1.8366730e+00
  -1.2827743e+00  -3.9564884e-01  -1.8475167e+00
  -1.2928453e+00  -3.8234476e-01  -1.8121039e+00
  -1.3006916e+00  -3.4080642e-01  -1.8147058e+00
  -1.4113176e+00  -2.9217623e-01  -1.8488246e+00
  -9.0185928e-01  -7.0332884e-01  -1.9261355e+00
  -1.3033720e+00  -4.1622587e-01  -1.8225133e+00
  -1.2864136e+00  -4.2114431e-01  -1.8061000e+00
  -1.2908489e+00  -3.6461236e-01  -1.8296200e+00
  -1.0443391e+00  -6.3895905e-01  -1.8242136e+00
  -1.2721970e+00  -4.7477994e-01  -1.8371171e+00
  -1.2781100e+00  -4.7872932e-01  -1.8253222e+00
  -1.3150217e+00  -4.3405589e-01  -1.7886384e+00
  -1.0940334e+00  -5.5612407e-01  -1.7935087e+00
  -4.9217086e-01   1.3625868e-01  -1.9124922e+00
   4.6636450e-01   2.5750353e+00  -1.6670210e+00
  -9.5135559e-01   3.0259764e-01  -1.8555354e+00
  -1.2066538e+00   4.2843631e-01  -1.8241453e+00
  -1.2855787e+00   1.4251923e-01  -1.8881680e+00
  -1.3810580e+00   5.0019748e-01  -1.8022195e+00
  -1.4609925e+00   4.8908415e-01  -1.8252287e+00
  -1.3039839e+00   4.8443089e-01  -1.8172536e+00
  -1.5613488e+00   5.3111365e-01  -1.8332385e+00
  -1.3795365e+00   4.6856725e-01  -1.8091196e+00
  -1.3876377e+00   5.2718156e-01  -1.7843671e+00
  -1.4130884e+00   5.2268705e-01  -1.8020995e+00
  -1.2345000e+00   4.7752555e-01  -1.8740505e+00
  -1.3231607e+00   5.4193266e-01  -1.8405033e+00
  -1.2466236e+00   5.6228134e-02  -1.8433926e+00
  -1.3993813e+00   8.9963400e-02  -1.8709813e+00
  -1.4562510e+00  -9.7243357e-02  -1.8578984e+00
  -1.3482606e+00  -5.4813178e-02  -1.9310140e+00
  -1.0832074e+00   1.7418190e+00  -1.9449579e+00
  -1.0845591e+00   2.7954636e-01  -1.8813796e+00
  -1.4369368e+00   5.0171854e-01  -1.8466685e+00
  -1.4097514e+00   5.9747975e-01  -1.8181246e+00
  -1.3665398e+00   6.6054388e-01  -1.8049000e+00
  -1.3719277e+00   7.2818821e-01  -1.8038785e+00
  -1.3724708e+00   6.7259794e-01  -1.7979529e+00
  -8.4751503e-01   5.8505252e-01  -1.8768418e+00
  -1.2796347e+00   1.9486035e-01  -1.8124364e+00
