  -1.3233555e-01  -1.6251403e-01  -1.6267392e+00
   1.8773953e-01  -1.9656142e-01  -1.7452446e+00
  -6.7484981e-02   3.1420586e-02  -1.6617429e+00
  -5.7220736e-02  -5.6547482e-02  -1.6687291e+00
   1.6542162e-01  -4.4094996e-02  -1.8258840e+00
   3.2266597e-01  -2.9881880e-01  -1.8462145e+00
   9.0196104e-02  -7.6921462e-02  -1.7897142e+00
   9.7491322e-02  -9.3350771e-02  -1.7436372e+00
   8.8037512e-02  -5.4484873e-02  -1.7723126e+00
   7.3455556e-02  -9.6493506e-02  -1.7524940e+00
   8.6837457e-02  -4.2448895e-02  -1.7661047e+00
   1.1494345e-01  -1.6069195e-02  -1.7896686e+00
   1.1522620e-01  -5.1015680e-02  -1.7931105e+00
   9.3379943e-02  -1.2519885e-01  -1.7471491e+00
   1.0639265e-01  -3.2909621e-02  -1.7584445e+00
   2.9518338e-01  -2.0496388e-01  -1.8118625e+00
   7.4510536e-02  -6.0368001e-02  -1.7586037e+00
   5.4092459e-02   1.8532096e-02  -1.7372031e+00
   2.3819265e-02   5.5503852e-03  -1.7186944e+00
   1.3464507e-01  -4.5794132e-02  -1.7746658e+00
   1.5203599e-01  -2.0468803e-02  -1.8133501e+00
   2.9967078e-01  -2.5538740e-01  -1.8457383e+00
   1.2700245e-01  -1.0319239e-01  -1.8171631e+00
   1.2478288e-01  -1.1084855e-01  -1.7628005e+00
   1.2779385e-01  -8.7559421e-02  -1.7603019e+00
   1.7863013e-01  -8.5046570e-02  -1.7830703e+00
   1.6182679e-01  -1.1300077e-01  -1.8019301e+00
   1.4795989e-01  -7.4690028e-02  -1.8002285e+00
   1.8707085e-01  -8.1442989e-02  -1.7761108e+00
   1.2857988e-01  -8.6899270e-02  -1.7760389e+00
   1.4352204e-01  -8.8103371e-02  -1.7867228e+00
   1.1532505e-01  -1.0591629e-01  -1.7730746e+00
   3.5127338e-01  -3.1748670e-01  -1.8431447e+00
   1.0440206e-01  -1.4261802e-01  -1.7278726e+00
   1.3733707e-01  -9.2235736e-02  -1.8196472e+00
   1.0968413e-01  -9.2177537e-02  -1.7923048e+00
   1.1196732e-01  -7.1534178e-02  -1.8266415e+00
   1.1482197e-01  -8.6417530e-02  -1.8049168e+00
   1.2236635e-01  -1.2680150e-01  -1.7514367e+00
   1.2552166e-01  -1.2089442e-01  -1.7923595e+00
   9.9864447e-02  -1.6242187e-01  -1.7603770e+00
   7.6286969e-02  -1.1308342e-01  -1.7662152e+00
   1.2846549e-01  -7.6623224e-02  -1.7965683e+00
   4.4994951e-01  -4.2743607e-01  -1.8544332e+00
   1.4425133e-01  -1.4360721e-01  -1.7790889e+00
   1.6234757e-01  -1.3350919e-01  -1.7996225e+00
   5.7304781e-02  -1.1930726e-01  -1.7444622e+00
   9.3770403e-02  -8.3913445e-02  -1.7723647e+00
   7.0339628e-02  -1.3742786e-01  -1.7408437e+00
   5.1002992e-02  -6.3021794e-02  -1.7511892e+00
   8.8186040e-02  -3.4466277e-02  -1.7737427e+00
   2.6117282e-01  -2.8144114e-01  -1.7822870e+00
   1.4360958e-01  -1.1611328e-01  -1.7787913e+00
   9.6724950e-02  -6.4498477e-02  -1.7769501e+00
   1.1173490e-01  -2.6046525e-02  -1.8190444e+00
   9.9813283e-02  -5.0083161e-02  -1.7996465e+00
   7.0053404e-02  -7.5926226e-02  -1.7616553e+00
   1.3828383e-01  -7.2271558e-02  -1.7767683e+00
   1.1993787e-01  -9.3840911e-02  -1.7819170e+00
   2.9514062e-01  -2.6750934e-01  -1.8117622e+00
   8.4080448e-02  -1.3632420e-01  -1.7403958e+00
   9.3755397e-02  -7.6764176e-02  -1.7496899e+00
   2.9692782e-01  -2.7694102e-01  -1.8185511e+00
   8.8351414e-02  -7.9151747e-02  -1.7868727e+00
   9.8784008e-02  -3.8349580e-02  -1.7771682e+00
   1.0980049e-01  -6.6138052e-02  -1.7934322e+00
   9.4066092e-02  -3.4966359e-02  -1.8072534e+00
   1.2687927e-01  -1.1517837e-02  -1.8390640e+00
   1.0051270e-01  -2.5971908e-02  -1.7666170e+00
   1.0526194e-01  -4.2802835e-02  -1.7897835e+00
   1.0437707e-01  -3.8732298e-02  -1.8004358e+00
   9.3240160e-02  -4.4278201e-02  -1.8275323e+00
   2.9962578e-01  -2.5727984e-01  -1.8010320e+00
   5.6805520e-02  -1.1408832e-01  -1.7690954e+00
   1.2339967e-01  -8.6795019e-02  -1.8323581e+00
   1.3987273e-01  -6.8760372e-02  -1.8095093e+00
   1.2960442e-01  -8.0190816e-02  -1.8168100e+00
   1.2553060e-01  -8.0844836e-02  -1.7932060e+00
   7.4157468e-02  -1.7157427e-01  -1.7677942e+00
   3.8974936e-02  -1.2157653e-01  -1.7688612e+00
   6.2676386e-02  -9.0147882e-02  -1.8258950e+00
   7.2161407e-02  -9.5335986e-02  -1.7810689e+00
   1.0300928e+00   1.7871616e+00  -1.7481011e+00
   1.6152339e-01   7.0767024e-02  -1.7855623e+00
   5.9454071e-02   4.5524235e-02  -1.7277905e+00
   8.5569341e-02   4.3379415e-02  -1.7367355e+00
   8.9271722e-02  -2.4613035e-02  -1.7445330e+00
   8.6124088e-02  -7.6609237e-02  -1.7697576e+00
   5.2173300e-02  -3.5082133e-02  -1.7415927e+00
   3.4796665e-02  -2.8270975e-02  -1.7446432e+00
   8.2402742e-02   5.1306317e-02  -1.7546917e+00
   5.4077221e-01  -4.3487249e-01  -1.8827659e+00
   7.1857054e-02  -1.2221179e-02  -1.7729720e+00
   6.3395653e-02   1.3345720e-02  -1.7466153e+00
   6.0530499e-02  -3.7880987e-02  -1.7623866e+00
   9.2683950e-02  -9.4064106e-02  -1.8052762e+00
   9.9329785e-02  -1.0616661e-01  -1.8034932e+00
   1.0514502e-01  -7.7012351e-02  -1.8022872e+00
   1.0014960e-01  -8.0552677e-02  -1.8151075e+00
   1.0180119e+00   1.5437526e+00  -1.6632673e+00
   3.1126183e-01   2.1385725e+00  -1.6316139e+00
   1.8502511e-01   1.8393797e+00  -1.6055571e+00
  -5.6238882e-02   3.2187248e+00  -1.4547925e+00
   2.5142415e-01   1.7043124e-01  -1.7039084e+00
   3.0336482e-01   1.3217553e+00  -1.6392481e+00
  -4.1866675e-01   1.6922946e+00  -1.6549271e+00
  -5.8375470e-02   5.8320154e-01  -1.7144427e+00
  -6.4591509e-02   5.6495204e-01  -1.7140407e+00
  -2.5430775e-02   5.0626393e-01  -1.7260582e+00
  -2.0659444e-02   5.6147812e-01  -1.7250885e+00
  -4.7623626e-02   4.8685179e-01  -1.7433539e+00
  -5.3935522e-02   9.9793296e-02  -1.6556968e+00
   2.9978329e-02  -1.2970868e-01  -1.6473893e+00
   6.7141692e-01   4.4878124e-01  -1.7370757e+00
   6.8319872e-01   2.2069631e+00  -1.5828378e+00
  -6.4207231e-02   9.7486441e-01  -1.7441101e+00
  -1.0094414e-01   9.1102195e-01  -1.7393608e+00
  -1.1225189e-01   8.9386935e-01  -1.7248165e+00
  -1.0419406e-01   8.0445621e-01  -1.7362686e+00
  -1.1031439e-01   7.5044913e-01  -1.7377935e+00
   1.0404749e-01   4.7490656e-01  -1.7638169e+00
  -1.4975955e-01   6.5815220e-01  -1.6896186e+00
  -1.0469022e-01   6.4342330e-01  -1.7371213e+00
  -1.0119995e-01   6.5222064e-01  -1.7465757e+00
  -1.3100761e-01   6.8468275e-01  -1.6904637e+00
  -1.1610275e-01   7.3563474e-01  -1.7349117e+00
  -7.1988463e-02   7.2681275e-01  -1.7428675e+00
  -1.5631843e-01   7.2185297e-01  -1.7138153e+00
  -1.0173414e-01   6.9995249e-01  -1.7293595e+00
  -1.0318643e-01   7.5069672e-01  -1.7195670e+00
   1.2813682e-01   4.9907296e-01  -1.7827521e+00
  -1.0987076e-01   7.0638624e-01  -1.7103462e+00
  -8.4959360e-02   7.6036435e-01  -1.7349611e+00
  -1.2470911e-01   7.3525278e-01  -1.7060633e+00
  -1.0672222e-01   7.8149560e-01  -1.7281056e+00
  -1.2159049e-01   7.7622770e-01  -1.7404742e+00
   8.1742943e-02   6.0592071e-01  -1.7754135e+00
  -1.3437218e-01   6.8702795e-01  -1.7391841e+00
  -1.1607352e-01   7.5359231e-01  -1.7035949e+00
  -7.3553076e-02   7.0517235e-01  -1.7328058e+00
  -1.5058333e-01   7.4487264e-01  -1.7143992e+00
  -1.2603353e-01   7.3212379e-01  -1.7456413e+00
  -1.0424217e-01   7.2028640e-01  -1.7531650e+00
  -1.3698513e-01   6.9872326e-01  -1.6965340e+00
   3.8377553e-02   5.0979359e-01  -1.7939569e+00
  -1.2914688e-01   7.3774842e-01  -1.7320635e+00
  -1.5150170e-01   7.5265858e-01  -1.7245578e+00
  -1.3641726e-01   7.7754151e-01  -1.7344250e+00
  -1.4818288e-01   7.6339422e-01  -1.7143833e+00
  -1.6098906e-01   7.5251509e-01  -1.7389130e+00
  -1.4072717e-01   7.3035995e-01  -1.7349879e+00
   1.0036053e-01   6.2692500e-01  -1.7153768e+00
   3.5545684e-01   1.8547948e+00  -1.6597933e+00
   8.3416027e-02   2.5036613e-01  -1.7551582e+00
