   3.1438447e-01  -4.2707536e-01  -1.3710676e+00
   1.7020577e-01  -2.7775510e-02  -1.3015985e+00
   6.1680509e-02  -3.9466277e-02  -1.2621785e+00
   3.2273796e-02  -1.8875301e-01  -1.2011112e+00
   2.5604026e-01  -2.8467956e-02  -1.4143900e+00
   2.0133637e-01  -1.8387881e-01  -1.4396581e+00
   1.4551608e-02   2.0518158e-01  -1.4657203e+00
   2.7684513e-01  -1.1503517e-01  -1.4402192e+00
   1.8464495e-01  -1.4142521e-01  -1.4048509e+00
   1.9156374e-01  -8.8553243e-02  -1.4314886e+00
   2.1687200e-01  -1.0019479e-03  -1.4868849e+00
   1.4296820e-01   6.8184395e-02  -1.3946347e+00
   4.4800359e-01   1.3041153e-01  -1.4665489e+00
   4.1983063e-01  -2.3350535e-01  -1.5423492e+00
   2.2860957e-01   2.2846583e-03  -1.4637624e+00
   3.8031313e-01   1.1119501e-01  -1.4677417e+00
   9.2209868e-02  -1.2754946e-01  -1.3989447e+00
   1.2417842e-01  -1.2910023e-01  -1.3645107e+00
   1.5616778e-01  -1.2944418e-01  -1.4432308e+00
   1.8955118e-01  -2.4301665e-02  -1.4559451e+00
   1.1568369e-01  -8.8796293e-02  -1.4009417e+00
   1.3151639e-01  -1.5990296e-01  -1.4353901e+00
   1.2548130e-01  -9.0937807e-02  -1.4180177e+00
   1.4921406e-01  -9.1084741e-02  -1.4452769e+00
   4.4999758e-01  -2.2244484e-01  -1.4947911e+00
   1.1107566e-01  -1.5087717e-01  -1.4053059e+00
   1.3439388e-01  -6.3306607e-02  -1.4225505e+00
   1.1666574e-01  -1.0348154e-01  -1.4416038e+00
   2.0201202e-01  -1.9648638e-02  -1.4180104e+00
   1.3299285e-01  -2.7690258e-02  -1.3699677e+00
   1.2657830e-01  -1.2915746e-01  -1.3953409e+00
   1.7118025e-01  -3.4476012e-02  -1.4028392e+00
   1.7624732e-01  -1.4362434e-01  -1.4342008e+00
   1.6340310e-01   1.7407989e-02  -1.4222939e+00
   1.4174846e-01  -1.5218136e-01  -1.3973657e+00
   1.1901956e-01  -1.4351155e-01  -1.3743518e+00
   3.8898520e-01  -3.8402592e-01  -1.4742220e+00
   1.8900662e-01  -2.6514543e-02  -1.4877615e+00
   9.3087459e-02  -6.2739878e-02  -1.3622116e+00
   9.8242345e-02  -1.6423371e-01  -1.3704164e+00
   3.9394621e-01   4.2162207e-02  -1.4974181e+00
   1.5319260e-01  -1.5589337e-01  -1.4545150e+00
   1.6432984e-01   5.1812957e-02  -1.4057473e+00
   1.5843095e-01  -1.0231194e-01  -1.3971389e+00
   1.0978195e-01  -1.1857616e-01  -1.4080771e+00
   1.1764244e-01  -1.3418537e-01  -1.4536004e+00
   1.4013920e-01  -6.5654290e-02  -1.4064533e+00
   3.0835714e-01  -2.1888749e-01  -1.4415298e+00
   1.1293820e-01  -1.6127470e-01  -1.3659553e+00
   1.3029649e-01  -1.3112263e-02  -1.4861066e+00
   2.1392361e-01  -1.0463734e-01  -1.4965252e+00
   4.1105418e-01  -1.1521905e-01  -1.4812492e+00
   1.2037667e-01  -1.0991138e-01  -1.4001682e+00
   1.4260525e-01  -1.1560028e-01  -1.4012367e+00
   1.9212765e-01  -1.0588225e-01  -1.4376620e+00
   2.3117402e-01  -2.5287411e-03  -1.4354287e+00
   1.7329165e-01   9.5318173e-02  -1.4476728e+00
  -3.0266848e-01  -6.0335339e-01  -1.4651798e+00
   2.9010160e-01  -2.4862498e-01  -1.4376613e+00
   6.7359439e-01  -1.5375533e-01  -1.5057666e+00
   4.8619132e-02  -5.0396030e-01  -1.4773962e+00
   3.1279029e-01  -1.9563736e-01  -1.3696229e+00
  -4.1237125e-02  -9.9638398e-02  -1.4319863e+00
   5.1304848e-02  -7.2228362e-01  -1.4726268e+00
   6.1373600e-01   9.2789001e-01  -1.4126482e+00
   6.8608338e-01   3.3808394e+00  -1.0126307e+00
   2.9428510e-01   6.5340645e-01  -1.4247789e+00
   8.7162215e-03   8.5833076e-01  -1.4047359e+00
   2.5097078e-02   8.3160281e-01  -1.4155073e+00
   3.4777777e-03   9.8598809e-01  -1.3862504e+00
  -6.6160644e-03   7.4016749e-01  -1.3472005e+00
  -3.5857328e-03   8.2987524e-01  -1.3876593e+00
   1.2235100e-02   8.1678216e-01  -1.4105299e+00
  -2.4620471e-02   9.9196051e-01  -1.3917505e+00
  -6.2768890e-02   8.5703620e-01  -1.4283500e+00
   2.7686334e-02   9.4435164e-01  -1.4388398e+00
   3.9063885e-02   9.2503893e-01  -1.4554757e+00
   1.0978549e-01   1.0538218e+00  -1.4920079e+00
   3.9354712e-02   1.0913904e+00  -1.4626213e+00
   1.0352789e-02   8.9691375e-01  -1.4282627e+00
   3.2822381e-02   9.9103315e-01  -1.4464959e+00
   2.9855023e-01   6.7787289e-01  -1.5408056e+00
   1.1910169e-02   8.7470976e-01  -1.4285446e+00
  -5.0416415e-02   8.3874769e-01  -1.3925727e+00
  -2.9536384e-02   8.6681219e-01  -1.4204518e+00
   2.5758496e-02   7.8712668e-01  -1.4274826e+00
   2.8766390e-02   8.2626178e-01  -1.4555395e+00
  -1.9389948e-02   1.0005058e+00  -1.4350180e+00
  -5.0428511e-02   7.5357962e-01  -1.4089345e+00
  -5.6397949e-03   8.4630893e-01  -1.4291535e+00
   2.3806243e-03   8.1663598e-01  -1.4426293e+00
  -8.5352403e-03   9.5418407e-01  -1.4531310e+00
  -6.0879070e-02   8.9599660e-01  -1.3938742e+00
   5.2195671e-01   1.5345326e-01  -1.5520398e+00
  -3.1799834e-02   8.6833618e-01  -1.4208249e+00
   3.7855598e-02   9.2489801e-01  -1.4378802e+00
  -1.3079465e-02   9.7968853e-01  -1.4311767e+00
  -2.0711775e-02   8.2517900e-01  -1.3619621e+00
  -3.0870061e-02   9.8178205e-01  -1.4073326e+00
   2.3870890e-02   8.7570154e-01  -1.3950379e+00
   1.9022813e-01   1.2765971e+00  -1.3793232e+00
   2.5504565e-01   1.1255539e+00  -1.2256391e+00
   1.7688298e-01  -6.0604066e-02  -1.3256977e+00
   1.7717634e-01  -2.6803978e-01  -1.3809651e+00
   2.6344707e-01  -2.3063992e-01  -1.5220056e+00
   2.1025003e-01  -2.0447305e-02  -1.4212018e+00
   6.7503552e-01  -5.4299148e-01  -1.5552743e+00
   1.9054563e-01  -1.4959050e-01  -1.4212797e+00
   1.4493083e-01  -1.9448650e-01  -1.4142386e+00
   1.7798402e-01   9.9941878e-03  -1.4489232e+00
   1.6669067e-01  -1.1247968e-01  -1.4098681e+00
   1.7260499e-01  -1.4211412e-01  -1.3955911e+00
   1.1229447e-01  -1.6842082e-01  -1.3897257e+00
   2.0550381e-01  -7.8445317e-02  -1.4560726e+00
   3.8417674e-01  -2.0394953e-01  -1.5076310e+00
   1.2724565e-01  -2.5559932e-01  -1.3859226e+00
   9.4881265e-02  -9.9566883e-02  -1.3745374e+00
   1.4495048e-01  -1.5897020e-01  -1.3948479e+00
   1.6800041e-01   2.4520066e-02  -1.3643547e+00
   1.2110300e-01  -9.3079865e-02  -1.3554074e+00
   1.6536907e-01  -8.2996212e-02  -1.4400365e+00
   1.5179256e-01  -1.2816770e-01  -1.4279473e+00
   2.0087739e-01  -6.1571050e-02  -1.3967640e+00
   1.9791568e-01   1.5709081e-02  -1.4337360e+00
   1.0429030e-01  -1.7750271e-01  -1.4177712e+00
   2.6130651e-01  -2.9673054e-01  -1.4285744e+00
   1.8269329e-01  -2.6563325e-01  -1.4209655e+00
   1.8891296e-01   1.2212901e-02  -1.4506797e+00
   9.5194279e-02  -1.2099670e-01  -1.3577271e+00
   1.8752521e-01  -1.6061245e-01  -1.3622873e+00
   1.5074244e-01  -1.5090672e-01  -1.4171671e+00
   1.8984409e-01  -1.1007007e-01  -1.4005309e+00
   1.2629625e-01  -4.8826798e-02  -1.3866939e+00
   5.3344184e-02  -2.2949831e-01  -1.3599701e+00
   1.1536837e-01  -1.7378539e-01  -1.3619156e+00
   1.5398430e-01  -1.9240546e-01  -1.4436218e+00
   4.0192228e-01  -2.8795118e-01  -1.4783118e+00
   7.2436178e-02  -1.5394558e-01  -1.3703992e+00
   2.6328642e-02  -1.1905182e-01  -1.3756304e+00
   1.4694592e-01  -1.6512132e-01  -1.4289955e+00
   1.7829089e-01  -7.0010559e-02  -1.4246774e+00
   1.3268150e-01  -1.8530661e-02  -1.4096027e+00
   9.4863268e-02  -1.9335618e-01  -1.3656648e+00
   1.1708168e-01  -1.3624367e-01  -1.3819116e+00
   4.2952235e-01  -3.6467998e-01  -1.5544452e+00
   1.5946402e-01   4.0267464e-02  -1.4456721e+00
  -2.3727042e-02  -1.4999887e-01  -1.4599622e+00
   1.2002148e-01  -1.4750728e-01  -1.3973624e+00
   1.2439594e-01  -1.5485070e-01  -1.4266603e+00
   1.9626588e-01  -1.0877028e-01  -1.4271147e+00
   1.5058417e-01  -2.5173914e-02  -1.3804166e+00
   1.7651974e-01  -1.0509646e-01  -1.4246542e+00
   3.2145293e-01  -1.4836591e-01  -1.4196678e+00
   1.5483155e-01   1.3876041e-01  -1.4179909e+00
