  -2.2512055e-01   2.6182176e-01  -1.2778235e+00
   7.8527706e-02   1.4533099e-01  -1.3561645e+00
  -2.1802577e-01   2.8613590e-01  -1.2584262e+00
   2.0993953e-02   4.2254036e-02  -1.3442617e+00
   1.8469804e-02   2.9068888e-01  -1.4883429e+00
  -1.0171259e-02   7.1829451e-01  -1.5609535e+00
  -3.3528557e-01   6.2438692e-01  -1.4832341e+00
  -3.8761576e-02   3.2959846e-01  -1.5139158e+00
   1.8084781e-01   5.5995368e-01  -1.5029194e+00
  -6.3463621e-02   1.6086898e-01  -1.4681880e+00
  -3.0333999e-02   3.9566227e-01  -1.4727336e+00
  -2.0262578e-01   4.3475970e-01  -1.4123826e+00
  -1.3179965e-01   2.5130408e-01  -1.4345123e+00
  -9.4487227e-02   2.1546211e-01  -1.3928629e+00
  -3.9403745e-02   2.5882557e-01  -1.4550791e+00
   2.9632515e-02   1.4841268e-01  -1.4817612e+00
  -9.0312375e-02   1.0622115e-01  -1.3771192e+00
  -1.1061833e-01   1.2059076e-01  -1.4112960e+00
  -1.2605348e-01   1.2295098e-01  -1.4371663e+00
  -1.1798239e-01   2.7671101e-01  -1.4080380e+00
  -1.7161480e-01   8.3658882e-02  -1.3393313e+00
  -1.3308005e-01   1.0362613e-01  -1.3608410e+00
  -1.0177758e-01   8.9059199e-02  -1.4253021e+00
  -8.5070035e-02   1.3752735e-01  -1.4089387e+00
   2.5117961e-01  -1.4792573e-01  -1.5015268e+00
  -1.4931187e-01   9.8140613e-02  -1.3941471e+00
  -1.4992599e-01   2.4073831e-01  -1.4392728e+00
  -9.2185285e-02   1.0036270e-01  -1.4178760e+00
  -1.3056579e-01   2.7372951e-01  -1.3800103e+00
  -3.5297826e-01   3.8852541e-01  -1.3925084e+00
  -1.1486551e-01   1.2639508e-01  -1.3992871e+00
   1.1194312e-01   2.4368228e-01  -1.4074665e+00
  -5.4269443e-02   2.1002986e-01  -1.4085265e+00
  -2.2451064e-01   3.4768316e-01  -1.3980206e+00
  -1.0648965e-01   1.2058063e-01  -1.4299454e+00
  -1.1092613e-01   2.3781178e-01  -1.4276873e+00
  -3.8986233e-02   2.0994452e-01  -1.4418230e+00
  -9.6283562e-02   5.9892361e-01  -1.4217414e+00
  -4.6102169e-01   2.0228243e-01  -1.4896004e+00
   2.6638944e-01  -1.9861045e-01  -1.5392282e+00
  -2.4732183e-02   1.3128887e-01  -1.4208623e+00
  -1.9742357e-01   3.9707784e-01  -1.4830421e+00
  -8.6008800e-02   2.9001989e-01  -1.4038830e+00
  -4.9464519e-02   1.7326882e-01  -1.3978279e+00
  -8.7851566e-02   2.4624891e-01  -1.4245736e+00
  -9.9650758e-02   1.7594349e-01  -1.3771937e+00
  -7.3068490e-02   3.1978148e-01  -1.4014031e+00
  -1.7771189e-01   1.8342305e-01  -1.3584658e+00
  -6.6918959e-02   2.3375962e-01  -1.3941347e+00
   1.1191849e-01  -5.7987321e-02  -1.4157742e+00
   1.0080438e-01   1.9063687e-01  -1.4957320e+00
  -8.7324726e-02   3.6549987e-01  -1.3995405e+00
  -9.8176804e-02   2.3918747e-01  -1.3820043e+00
  -1.0121913e-01   2.4771892e-01  -1.3984613e+00
  -7.1623857e-02   1.2892229e-01  -1.4137178e+00
  -7.8613998e-02   3.6211618e-01  -1.4158728e+00
   1.0242294e-01  -4.1727037e-02  -1.4627047e+00
  -1.2534352e-01   2.0034218e-01  -1.3783082e+00
  -1.5921244e-01   1.0172328e-01  -1.3789679e+00
  -7.3757499e-02   2.3100659e-01  -1.4305111e+00
  -1.7126027e-01   2.7974485e-01  -1.3470911e+00
  -1.3103225e-01   1.6415662e-01  -1.3703653e+00
  -1.1077606e-01   2.4768238e-01  -1.3963001e+00
  -6.8169077e-02   2.3210473e-01  -1.4362123e+00
   7.5648340e-02   3.8803732e-01  -1.4705377e+00
  -6.3792299e-02   1.7346634e-01  -1.4243611e+00
   9.0458398e-02   3.6677165e-01  -1.4060656e+00
  -3.2441888e-02   1.4543979e-01  -1.4611594e+00
  -4.6612729e-03   2.8037613e-01  -1.4680791e+00
   1.4327580e-01  -1.7585895e-02  -1.4767087e+00
  -4.5401757e-02   2.3172034e-01  -1.4186829e+00
  -1.0645204e-01   1.8683095e-01  -1.3855459e+00
   3.7458629e-02   1.8571257e-01  -1.4786557e+00
  -1.8061711e-02   3.2366133e-01  -1.4282828e+00
   8.5823149e-02   4.1747388e-02  -1.4487118e+00
  -5.7982161e-02   1.7125460e-01  -1.4208402e+00
  -4.1862252e-02   1.1956556e-01  -1.4502045e+00
   3.2802181e-02   2.9653575e-01  -1.4437236e+00
  -1.0367426e-01   2.5545579e-01  -1.3656254e+00
  -5.9200033e-02   1.9752538e-01  -1.3711861e+00
  -4.1624711e-03   2.1285183e-01  -1.3914166e+00
   7.5977276e-02   2.3627957e-01  -1.4652150e+00
  -2.9842416e-03   3.9040504e-01  -1.4198107e+00
  -1.0574444e-02   2.6012629e-01  -1.3741487e+00
   1.5676496e-01  -6.0675488e-02  -1.4395683e+00
   1.8542638e-01  -9.9434530e-02  -1.5002473e+00
   2.6178915e-02   3.1163721e-01  -1.4224202e+00
  -6.1622333e-02   2.0513034e-01  -1.3798805e+00
  -7.0426003e-02   1.5452939e-01  -1.3721621e+00
  -6.2532992e-02   2.2388140e-01  -1.3627486e+00
   3.9418983e-01  -2.0484970e-01  -1.5415105e+00
  -7.4221735e-02   2.9335784e-02  -1.3373042e+00
   2.6609693e-01  -7.1793618e-01  -1.3583759e+00
   1.5267006e-03   1.6581522e-01  -1.3932243e+00
   1.1325558e-02   1.6781376e-01  -1.4622533e+00
   1.9693753e-02   2.6163478e-01  -1.4322353e+00
  -1.6937654e-02   2.6564618e-01  -1.3498394e+00
  -3.0394022e-02   1.5258672e-01  -1.3718853e+00
  -6.1193103e-02   1.6153810e-01  -1.3532531e+00
   1.8843483e-01  -6.7906375e-02  -1.4963050e+00
  -6.2921676e-02   2.8040552e-01  -1.3914122e+00
  -6.3702330e-02   1.5897845e-01  -1.3668304e+00
  -7.7736868e-02   1.7851557e-01  -1.4249194e+00
   1.5060886e-01  -8.0600164e-02  -1.4555159e+00
   3.1166387e-02   1.7230074e-01  -1.4546004e+00
  -5.7330016e-02   1.5261237e-01  -1.3839229e+00
  -4.7512636e-02   1.4437690e-01  -1.3879494e+00
  -1.5249446e-02   1.4355480e-01  -1.4134790e+00
   1.9969953e-01  -1.5969774e-02  -1.4860959e+00
   5.5669365e-04   3.4772587e-01  -1.3770703e+00
   1.1045186e-01   2.9026178e-01  -1.3841031e+00
   1.8398978e-01  -1.1855823e-01  -1.4540627e+00
   2.2493280e-02   6.1133114e-02  -1.4146598e+00
   4.1973794e-02   2.5360482e-01  -1.3974419e+00
  -1.4558021e-02   1.9939485e-01  -1.4144828e+00
   2.6987393e-02   1.3554823e-01  -1.3962154e+00
   1.7467375e-01  -2.1047360e-02  -1.4682002e+00
   2.2062721e-01  -5.1508949e-02  -1.4552180e+00
  -1.9289190e-01   4.3319481e-01  -1.4370375e+00
  -3.1635134e-02   1.3148214e-01  -1.3539661e+00
  -2.3967520e-02   1.5226352e-01  -1.3906781e+00
   4.8809376e-02   9.0688814e-02  -1.3766197e+00
   1.0384553e+00   2.5093110e+00  -1.4066122e+00
   3.6637875e+00  -6.3828628e-01  -1.8256672e+00
   4.0511715e+00   4.3502783e+00  -9.0176662e-01
   4.4270765e+00   4.3502931e+00  -7.8261344e-01
   4.4271367e+00   4.3503691e+00  -8.4889756e-01
   4.3727074e+00   4.3502094e+00  -7.5711575e-01
   2.9574935e+00   2.9151204e+00  -1.3701347e+00
   2.9173197e+00   3.6143443e+00  -1.1956465e+00
   3.1850685e+00   3.4671136e+00  -1.1575288e+00
   4.4275214e+00   4.2124470e+00  -1.3536492e+00
   3.5932665e+00   4.3059400e+00  -1.0489676e+00
   4.4086705e-01   1.1118668e+00  -1.4622160e+00
   3.5031739e+00   3.4635714e+00  -1.3334521e+00
   3.6149735e+00   3.6453662e+00  -1.3818734e+00
   1.4571635e+00   1.4767566e+00  -1.4557811e+00
   4.6244990e-01   4.8667824e-01  -1.4944996e+00
   8.9523942e-02   1.9029339e-01  -1.4227019e+00
   3.2763687e-01   2.6931251e-01  -1.4470925e+00
   1.5915257e-01   2.7512405e-01  -1.4118629e+00
   8.3282487e-02   2.1391939e-01  -1.3739780e+00
   1.3227464e-01   1.3805927e-01  -1.4094615e+00
   8.5345490e-02   1.3660468e-01  -1.4076739e+00
   1.3930066e-01   1.9301811e-01  -1.4390528e+00
   1.9547311e-01   2.1321669e-01  -1.4925640e+00
   2.9205442e-01  -1.8387502e-02  -1.4748133e+00
   1.1783079e-01   2.3745420e-01  -1.4393598e+00
   1.0045614e-01   9.8289108e-02  -1.4605267e+00
   1.3627572e-01   2.9350669e-01  -1.4495449e+00
   1.0126919e-01   1.9028176e-01  -1.3794705e+00
   1.2770782e-01   1.9710010e-01  -1.4258075e+00
   1.3899366e-01   2.4031164e-01  -1.4454878e+00
   3.0705050e-01   4.8059546e-01  -1.4001679e+00
