   4.4294527e+00  -4.4203187e+00  -2.5378803e+00
   4.4294419e+00  -4.4202310e+00  -2.5378069e+00
   4.4292996e+00  -4.4203701e+00  -2.5379334e+00
   4.4294360e+00  -4.4203213e+00  -2.5378933e+00
   1.4616738e+00   2.1664920e+00  -1.5860744e+00
   4.5978381e-01   2.6598378e-01  -1.6235954e+00
   4.2287219e-01   1.0343612e-01  -1.5378716e+00
   3.5767106e-01   2.8656788e-02  -1.5259859e+00
   4.5328033e-01   2.3710310e-01  -1.5720990e+00
   1.9214090e-01   3.0064066e-01  -1.4809260e+00
   2.9347811e-01   6.5638599e-02  -1.4930374e+00
   3.3935478e-01   9.3743537e-02  -1.4884435e+00
   3.6504520e-01  -4.9367510e-02  -1.4986182e+00
   3.1998759e-01   1.4716276e-01  -1.4511907e+00
   2.7087092e-01  -3.2169267e-02  -1.3952739e+00
   3.3311019e-01   4.0838500e-02  -1.4516903e+00
   2.9187913e-01  -6.1220725e-03  -1.4551495e+00
   3.4128104e-01   1.1317083e-01  -1.4810491e+00
   2.8406268e-01   2.4169535e-01  -1.4055449e+00
   1.0767718e+00  -7.3954379e-01  -1.6684519e+00
   5.3741901e-01   2.3082552e-01  -1.4892589e+00
   3.4061225e-01   8.5335420e-02  -1.5025446e+00
   1.8610063e-01   2.7480176e-01  -1.4511502e+00
   2.8386001e-01   7.7532476e-02  -1.4527116e+00
   2.5730688e-01   1.0224478e-01  -1.4241987e+00
   3.1936186e-01   5.3653933e-02  -1.4795839e+00
   8.3575876e-01  -2.8808514e-01  -1.6276387e+00
   2.4316827e-01   7.1447914e-02  -1.4047107e+00
   3.8087024e-01   1.7229178e-01  -1.5232123e+00
   2.8132062e-01   9.5393613e-02  -1.4796389e+00
   2.9599733e-01   8.9258381e-02  -1.4913637e+00
   3.1794909e-01   2.5449484e-01  -1.4665790e+00
   4.5330234e-01  -1.4493200e-01  -1.5019235e+00
   5.6221577e-01  -1.4824488e-01  -1.5640843e+00
   2.9199199e-01   3.7357111e-02  -1.4900000e+00
   5.6295747e-01  -6.3502040e-02  -1.5494096e+00
   1.6767437e-01   1.9006750e-01  -1.4607387e+00
   3.2971384e-01   1.8114652e-01  -1.4972694e+00
   2.4740929e-01   1.5338188e-01  -1.4413803e+00
   6.2716125e-01  -1.4823710e-01  -1.6232921e+00
   3.0291725e-01   2.1978254e-01  -1.4900819e+00
   2.7366072e-01   1.3583913e-01  -1.4879887e+00
   2.5506008e-01   9.5624729e-02  -1.4712787e+00
   2.8683262e-01   5.7709184e-02  -1.4753144e+00
   3.2999031e-01   1.8772524e-01  -1.5208547e+00
   2.5130045e-01   1.6418396e-01  -1.4186635e+00
   2.8821815e-01   1.0528642e-01  -1.4486075e+00
   2.7286849e-01   1.4766577e-01  -1.4489173e+00
   2.9769167e-01   1.1021995e-01  -1.4342753e+00
   4.5029225e-01   1.1639087e-01  -1.5011184e+00
   4.7470945e-01  -1.2054807e-01  -1.5227798e+00
   3.0005926e-01   1.4291590e-01  -1.4552325e+00
   2.8033444e-01   3.3405700e-02  -1.4715086e+00
   4.9464211e-01   1.8924672e-03  -1.5193467e+00
   2.4095631e-01   1.6555405e-01  -1.4319194e+00
   3.2126738e-01   1.4906380e-01  -1.4527226e+00
   3.6567335e-01   2.5516365e-01  -1.5001355e+00
   3.2723419e-01   1.6882029e-01  -1.5059012e+00
   3.2523553e-01   2.7720613e-01  -1.4173419e+00
   2.7201830e-01   1.5018172e-01  -1.4593774e+00
   2.8021642e-01   1.1868607e-01  -1.4106536e+00
   2.7949595e-01   8.4688239e-02  -1.4793516e+00
   7.3051042e-01  -2.1945359e-01  -1.5764125e+00
   2.4296613e-01   1.7746129e-01  -1.4038935e+00
   2.8562808e-01   1.6695656e-01  -1.4430438e+00
   2.8266197e-01   1.3716855e-01  -1.4391713e+00
   3.0993714e-01   1.4218746e-01  -1.4249850e+00
   3.0648543e-01   2.1205116e-01  -1.4235164e+00
   2.5075698e-01   4.5820287e-02  -1.4132024e+00
   2.3633466e-01   7.6636526e-02  -1.3801998e+00
   2.3024238e-01   2.7486286e-01  -1.4397682e+00
   7.9648451e-01  -1.6378982e-01  -1.5567322e+00
   2.7644152e-01   1.7558618e-01  -1.4056127e+00
   2.6664448e-01   1.3970187e-01  -1.4453509e+00
   2.5955129e-01   1.1698774e+00  -1.5667825e+00
   6.2651624e-02   2.6975672e+00  -1.2119506e+00
   2.4740492e-01   2.4188914e-01  -1.4420638e+00
   2.7948939e-01   1.6600222e-01  -1.4117487e+00
   3.2992531e-01   2.3903227e-01  -1.4354150e+00
   3.3543210e-01   1.5325665e-01  -1.4283707e+00
   3.3502003e-01   3.0966479e-01  -1.4176214e+00
   2.6637559e-01   2.1249303e-01  -1.4266693e+00
   2.0791055e-01   3.3321149e-01  -1.3928450e+00
   2.5515465e-01   1.3519671e-01  -1.4108298e+00
   2.9013070e-01   1.9771062e-01  -1.4620022e+00
   7.2877453e-01  -1.3308962e-01  -1.5681338e+00
   1.9776820e-01   2.4383741e-01  -1.4023765e+00
   2.2020495e-01   1.4774525e-01  -1.4048853e+00
   2.3986509e-01   9.3396221e-02  -1.4237153e+00
   2.4572981e-01   3.2201835e-01  -1.3770035e+00
   4.4541255e-01  -3.7123135e-02  -1.4514316e+00
   2.6129871e-01   1.8773351e-01  -1.4342761e+00
   2.2171143e-01   2.4848085e-01  -1.3567315e+00
   2.7946605e-01   2.5468043e-01  -1.4247511e+00
   2.8754781e-01   2.5692538e-01  -1.4172230e+00
   2.2050556e-01   9.8991282e-02  -1.4157949e+00
   4.6006556e-01   1.9457330e-02  -1.4638833e+00
   2.8908409e-01   9.8220522e-02  -1.4521320e+00
   3.5209771e-01   3.1804594e-01  -1.4678890e+00
   2.4269858e-01   2.1311071e-01  -1.4399847e+00
   2.2669659e-01   1.3233928e-01  -1.3863371e+00
   2.8748567e-01   1.6095512e-01  -1.4707207e+00
   2.3261019e-01   1.7494875e-01  -1.4156775e+00
   9.9089993e-01   3.0795661e+00  -1.4093695e+00
   2.0115331e-01   4.0741102e+00  -1.0695140e+00
   1.1665308e+00   1.5853562e+00  -1.4029788e+00
   2.2425452e-01   4.1237587e-01  -1.3844202e+00
   3.6283924e-01   3.9229300e-01  -1.4242341e+00
   2.4356759e-01   2.5195054e-01  -1.3595019e+00
   2.7569111e-01   2.9353104e-01  -1.3821038e+00
   2.4884148e-01   3.0944102e-01  -1.3963547e+00
   2.7726049e-01   3.0383457e-01  -1.3746613e+00
   2.7610280e-01   4.8330600e-01  -1.4220595e+00
   2.2901626e-01   2.6970228e-01  -1.4103948e+00
   2.0181290e-01   2.7468336e-01  -1.3617486e+00
   2.7663918e-01   1.9716420e-01  -1.4426445e+00
   1.4498898e-01   5.2931097e-01  -1.4713283e+00
   2.1332345e-01   3.1642456e-01  -1.4230308e+00
   6.0855315e-01  -3.0009633e-02  -1.5361488e+00
   3.3135537e-01   3.7827908e-01  -1.4844743e+00
   2.7043975e-01   3.1364766e-01  -1.4906763e+00
   2.1236690e-01   3.1683701e-01  -1.4201194e+00
   1.7339284e-01   2.2100356e-01  -1.3773737e+00
   2.2259769e-01   2.5381214e-01  -1.3688402e+00
   2.6607395e-01   1.7925033e-01  -1.4628232e+00
   3.1316698e-01   3.9333987e-01  -1.4751538e+00
   2.6011004e-01   2.7113904e-01  -1.4293362e+00
   4.8504704e-01   3.8475124e-02  -1.4747894e+00
   4.6724831e-01  -1.8244468e-02  -1.5552049e+00
   3.4563694e-01   3.6123761e-01  -1.5091628e+00
   2.6909583e-01   3.5754511e-01  -1.4397659e+00
   3.7217847e-01   1.6634382e-01  -1.4813570e+00
   1.9794539e-01   2.1596207e-01  -1.3458276e+00
   2.1044625e-01   1.8913809e-01  -1.3995476e+00
   2.6283853e-01   3.6289456e-01  -1.4257845e+00
   3.4901671e-01   2.2495355e-01  -1.4213570e+00
   3.6939111e-01   2.0833916e-01  -1.4250509e+00
  -9.6884678e-03  -3.4147736e-01  -1.3636775e+00
   5.0213260e-01  -9.5755020e-02  -1.5674835e+00
   4.5941937e-01  -4.1321900e-02  -1.5498949e+00
   2.5569342e-01  -7.8786099e-02  -1.4603740e+00
   4.3189750e-01  -2.1778732e-01  -1.5371208e+00
   1.1616286e-01  -1.7506633e-01  -1.5719319e+00
   8.2619559e-01   7.3649529e-02  -1.5690798e+00
   3.2962254e-01   7.6594377e-03  -1.5354617e+00
   2.9452238e-01   1.9378684e-01  -1.4865070e+00
   3.2527350e-01   2.0647649e-01  -1.4861923e+00
   3.1661320e-01   3.2514991e-01  -1.4738683e+00
   2.3208182e-01   4.1323441e-01  -1.4561675e+00
   2.3731963e-01   2.9905330e-01  -1.4674069e+00
   4.6985406e-01   1.1637730e-01  -1.5421433e+00
   2.0856950e-01   2.7428575e-01  -1.5269412e+00
   2.8028719e-01   4.0584510e-01  -1.4685347e+00
   4.4831806e-01   1.1571170e-01  -1.4873309e+00
