   6.3539163e-01  -8.8429896e-02  -1.3900880e+00
   1.5355022e-01   4.3426566e-01  -1.2240024e+00
   2.7548258e-01   4.4095399e-01  -1.2301164e+00
   2.0135917e-01   7.0211174e-01  -1.2701194e+00
   2.6578240e-01   5.0369341e-01  -1.3632661e+00
   3.6200915e-01   2.8416250e-01  -1.4136854e+00
   5.9430677e-01   2.9122780e-01  -1.5010108e+00
   1.9592741e-01   1.9654368e-01  -1.5095130e+00
   7.5043226e-02   1.0584955e-01  -1.4522210e+00
   5.4636426e-01   3.1563031e-02  -1.4348006e+00
   6.0320525e-01   1.3265513e-01  -1.4565635e+00
   3.0676227e-01  -2.7031502e-01  -1.3403378e+00
   2.7595039e-01  -1.7199377e-02  -1.4063166e+00
   3.5500385e-01  -2.3001836e-01  -1.4166984e+00
   5.9667948e-01  -4.8995614e-01  -1.4706582e+00
   3.8686251e-01  -3.3891229e-01  -1.3982980e+00
   3.3875553e-01  -3.8122261e-01  -1.3873937e+00
   2.4471752e-01  -1.5055004e-01  -1.3949985e+00
   1.6766941e-01  -1.7544150e-01  -1.3755398e+00
   2.5033791e-01  -1.9488033e-01  -1.3795681e+00
   4.9075499e-01  -6.8642826e-02  -1.4310577e+00
   2.4440416e-01  -1.1056626e-01  -1.4014647e+00
   2.1836881e-01  -2.0158487e-01  -1.3391923e+00
   2.1431305e-01  -7.4750381e-02  -1.3622268e+00
   4.6618212e-01  -3.7734354e-01  -1.4789460e+00
   4.7454494e-01  -1.8070950e-01  -1.4791725e+00
   2.1719272e-01  -3.1921616e-02  -1.4055013e+00
   2.4656505e-01  -1.4287877e-01  -1.3902359e+00
   2.3488934e-01  -6.2774408e-02  -1.4012116e+00
   2.9572663e-01  -2.7089426e-02  -1.4509433e+00
   5.7093263e-02   1.7531400e-01  -1.4286815e+00
   2.1892280e-01  -1.3679048e-01  -1.3456705e+00
   1.9772557e-01  -1.0653152e-01  -1.3677298e+00
   1.5447262e-01  -1.4287461e-01  -1.3585465e+00
   4.8249846e-01  -2.0332929e-01  -1.4635395e+00
   1.5559620e-01  -4.6225318e-02  -1.3370165e+00
   2.4864623e-01  -1.3232136e-01  -1.3552230e+00
   1.3581030e-01  -1.3762672e-01  -1.3743702e+00
   5.6490778e-03  -4.0563668e-01  -1.4239734e+00
   3.1388271e-01   1.4612981e-02  -1.3886099e+00
   2.3263530e-01  -1.2796270e-01  -1.3813504e+00
   2.6754033e-01  -9.3671528e-02  -1.3893663e+00
   4.3447929e-01  -3.4352780e-01  -1.4534033e+00
   3.0036305e-01  -5.4965105e-02  -1.4116560e+00
   2.2815329e-01  -6.9171376e-02  -1.3827023e+00
   2.1752505e-01  -1.6611158e-01  -1.3613193e+00
   1.8733368e-01  -1.3884004e-01  -1.3742909e+00
   2.1046369e-01  -9.9367439e-02  -1.3944763e+00
   1.6489221e-01   4.5364285e-03  -1.3598782e+00
   2.7522246e-01  -1.8334016e-01  -1.4075872e+00
   1.2996821e-01  -1.8722348e-02  -1.3833785e+00
   2.1837895e-01  -1.7075180e-01  -1.4000821e+00
   2.4974990e-01  -5.0253841e-02  -1.3550170e+00
   1.0983401e-01  -1.2418552e-01  -1.3404310e+00
   2.0773656e-01  -1.4034377e-01  -1.3596513e+00
   2.0386195e-01  -1.7255314e-01  -1.3841912e+00
   1.5697141e-01  -1.7849565e-01  -1.4560283e+00
   2.2828126e-01  -1.9813781e-02  -1.4267309e+00
   2.1918860e-01  -1.7439549e-01  -1.3700127e+00
   4.2443697e-01  -2.6324037e-01  -1.4320705e+00
   4.3176820e-01  -1.2227648e-02  -1.4227979e+00
   3.4304421e-01   4.9259879e-02  -1.5399721e+00
   1.3541724e-01  -1.0671362e-01  -1.3663690e+00
   2.1879272e-01  -9.0626009e-02  -1.3858065e+00
   1.4038006e-01  -3.5187553e-01  -1.3941195e+00
  -4.3543898e-02  -6.5191166e-01  -1.4421656e+00
   8.7497567e-01  -4.2674342e-01  -1.4541574e+00
  -1.6813800e-01  -7.8475725e-01  -1.3940267e+00
  -2.2968840e-01  -4.0860412e-01  -1.4404247e+00
   4.9326183e-01  -4.0259821e-01  -1.4410839e+00
   6.5555353e-01  -2.6858830e-01  -1.4986159e+00
   4.2006195e-01  -2.3681702e-01  -1.3930932e+00
   7.2607002e-01  -4.3391277e-01  -1.4184263e+00
   6.5052013e-01  -5.6671283e-01  -1.4692191e+00
   2.2279951e-01  -8.6073207e-02  -1.4641010e+00
   2.1822699e-01   5.9277609e-02  -1.4032880e+00
   1.9386952e-01  -8.5135740e-02  -1.4053740e+00
   2.2116009e-01  -4.1850116e-02  -1.4309525e+00
   3.9146128e-01  -2.3041202e-01  -1.4979769e+00
   5.3132968e-01   2.2224336e-01  -1.4417484e+00
   1.9707576e-01   4.4847468e-02  -1.4079162e+00
   2.6368501e-01  -1.4935209e-02  -1.4495083e+00
   2.1583856e-01  -1.6720582e-01  -1.4032259e+00
   2.2368924e-01  -1.2369009e-01  -1.4119738e+00
   2.5307774e-01  -3.6033710e-02  -1.3869845e+00
  -1.4831447e-01  -4.7282260e-01  -1.3671601e+00
   2.6847204e-01  -1.3594934e-01  -1.3889725e+00
   1.2636239e-01  -4.4235630e-01  -1.4275120e+00
  -6.6262504e-02  -4.8959533e-01  -1.4521928e+00
   2.5889508e-01  -4.1411962e-01  -1.3811953e+00
   5.6139300e-01  -4.9506768e-01  -1.4064851e+00
   3.4976302e-01  -2.2217785e-01  -1.3818726e+00
   9.5032109e-01  -5.4782167e-01  -1.4909048e+00
   7.7701456e-01  -4.3374062e-01  -1.4628145e+00
   1.9211585e-01  -1.1030080e-01  -1.3791153e+00
   2.4226450e-01  -1.3640950e-01  -1.3327750e+00
   2.4887358e-01  -1.7635854e-01  -1.4113445e+00
   3.0854158e-01   2.6908969e-02  -1.3725400e+00
   2.1195845e-01  -9.2615677e-02  -1.3446359e+00
   1.9751360e-01  -5.8886866e-02  -1.3876927e+00
   4.8322488e-01  -1.3850532e-02  -1.4310367e+00
   3.6247467e-01  -1.6839972e-02  -1.5389205e+00
   2.1454997e-01  -8.1431338e-02  -1.3727503e+00
   3.4029344e-01  -2.5682217e-01  -1.3993105e+00
   2.0871495e-01  -7.2981261e-02  -1.3953201e+00
   2.5319925e-01  -1.4094873e-01  -1.4292028e+00
   2.2754176e-01   5.2964183e-02  -1.4006081e+00
   1.6762689e-01  -1.1895606e-01  -1.3700187e+00
   2.1226300e-01  -1.2487292e-01  -1.3863280e+00
   2.8096827e-01  -1.0704993e-01  -1.4098015e+00
   1.2976867e-01  -4.2667241e-02  -1.3257283e+00
   2.1364677e-01  -7.4403707e-02  -1.3619956e+00
   2.0738773e-01  -1.9424696e-01  -1.4337759e+00
   2.4942680e-01  -1.5680398e-01  -1.4033768e+00
   1.9261457e-01  -2.8013148e-01  -1.4595886e+00
   2.7417242e-01  -8.0060106e-02  -1.3863917e+00
   1.8570657e-01  -1.3004776e-01  -1.3516778e+00
   8.6847434e-01  -1.7550348e-01  -1.4404939e+00
   3.8825812e-01  -2.0592666e-01  -1.4446569e+00
   3.4018317e-01  -1.1638557e-01  -1.4367980e+00
   2.4569142e-01  -1.1156486e-02  -1.4224806e+00
   7.5177369e-01  -6.3083836e-01  -1.5837428e+00
   2.5720414e-01  -1.5283852e-01  -1.3867142e+00
   1.9553964e-01  -2.4787171e-01  -1.3430183e+00
   2.9105864e-01  -3.3672114e-02  -1.4109008e+00
   1.8558948e-01  -1.2345156e-01  -1.3698383e+00
   4.5602180e-01  -2.6999272e-01  -1.4445228e+00
   1.9957749e-01  -1.6397286e-01  -1.3705045e+00
   2.4122181e-01  -6.0424146e-02  -1.3634544e+00
   2.1745597e-01  -5.4560887e-03  -1.3795193e+00
   3.7675074e-01  -2.7788208e-01  -1.4532520e+00
   2.6630142e-01  -1.7517589e-01  -1.4058575e+00
   2.4186281e-01  -2.2151747e-01  -1.3910791e+00
   2.9897817e-01   3.0041464e-02  -1.4281100e+00
   2.1189961e-01  -1.1945791e-01  -1.3435766e+00
   2.6792518e-01  -1.1207059e-01  -1.2485220e+00
   2.3704315e-01  -5.1479048e-02  -1.2952568e+00
   3.0692059e-01  -1.7479264e-02  -1.3608061e+00
   2.4267585e-01  -1.4678962e-01  -1.3149059e+00
   1.1908683e-01  -1.9482322e-01  -1.2750966e+00
   2.3316456e-01  -1.8238015e-01  -1.3639202e+00
   4.5807186e-01  -4.0493850e-01  -1.3988990e+00
   2.5702743e-01  -6.1940272e-02  -1.3712924e+00
   1.9758292e-01  -2.1201339e-01  -1.2982525e+00
   4.5259813e-01  -1.7281267e-01  -1.4325876e+00
   2.3709929e-01  -1.8128783e-01  -1.3782847e+00
   2.8052910e-01  -1.7525793e-02  -1.3919952e+00
   2.4426112e-01   5.3939237e-02  -1.3750741e+00
   3.1086602e-01  -1.9877107e-02  -1.4052185e+00
   3.1481523e-01  -1.0557489e-01  -1.3976093e+00
   2.3344676e-01  -2.6670159e-01  -1.3989149e+00
   1.9703306e-01   4.1512685e-02  -1.3908857e+00
   9.6972177e-01  -6.4184684e-01  -1.5831496e+00
   2.9038110e-01  -1.3755933e-01  -1.4008346e+00
