  -1.2106312e-01  -1.1581419e-01  -1.3450728e+00
  -1.7019745e-01  -2.0964155e-01  -1.3021740e+00
  -1.6990153e-01  -3.4318354e-01  -1.2159925e+00
   2.7392723e+00   3.5120413e+00  -9.4276241e-01
   5.9779021e-01   8.5485352e-01  -1.2575208e+00
  -9.3318234e-02   9.8215297e-02  -1.5162250e+00
  -1.4167651e-01   3.0657089e-02  -1.5186337e+00
  -6.7985559e-02   2.1330644e-01  -1.5101407e+00
  -6.5893712e-02   1.5457204e-01  -1.4573873e+00
  -1.2265135e-01   8.7508228e-02  -1.4998956e+00
  -4.4858262e-01   9.0734603e-02  -1.5938282e+00
  -2.8690107e-01   2.2929271e-01  -1.6593146e+00
   7.3397137e-01  -5.9996781e-01  -1.6021467e+00
  -3.9511848e-01   1.9023066e-01  -1.6508132e+00
  -4.4551581e-01   1.0063886e-02  -1.5582855e+00
  -5.4651659e-02  -6.3458642e-02  -1.5496922e+00
   6.7619876e-02  -2.6686965e-01  -1.5938322e+00
  -1.7490449e-01   6.1234158e-02  -1.4616032e+00
  -2.2307895e-01   9.2354274e-02  -1.4903726e+00
  -1.0924202e-01   1.0169991e-01  -1.4641774e+00
   3.6577437e-01  -4.3610606e-01  -1.6448993e+00
  -1.4840666e-01   1.4203994e-01  -1.4747998e+00
  -1.3286929e-01   2.3430621e-02  -1.4693524e+00
   3.6547397e-01  -3.5977662e-01  -1.5960177e+00
  -7.8277317e-02   5.4974115e-02  -1.5533909e+00
  -1.0282017e-01   1.4979451e-01  -1.5361914e+00
  -2.1788025e-01   8.8026949e-02  -1.3988265e+00
  -1.8043486e-01   3.8904893e-02  -1.4660706e+00
  -1.6179780e-01   4.3638439e-02  -1.5033217e+00
  -1.6325004e-01   6.7448534e-03  -1.4916667e+00
  -1.7819302e-01   1.3081798e-01  -1.4937569e+00
  -2.0664586e-01  -2.8349487e-02  -1.4533027e+00
  -2.0285798e-01   7.8955709e-02  -1.4673948e+00
  -2.2194245e-01   2.8760677e-02  -1.4983068e+00
   3.3441323e-01  -3.0513571e-01  -1.6441646e+00
   4.5523640e-01  -4.2246820e-01  -1.6786263e+00
  -4.7653478e-02   4.3413756e-02  -1.5698261e+00
  -1.8469289e-01   6.0125814e-02  -1.4903712e+00
  -1.2926960e-01   1.0280626e-01  -1.5393778e+00
  -1.8170294e-01   2.0136091e-01  -1.5196712e+00
  -2.7002930e-01  -1.2121690e-04  -1.4929584e+00
  -2.0399135e-01   7.4321452e-02  -1.5018997e+00
  -2.0473831e-01   2.3081175e-03  -1.4806402e+00
  -1.5264846e-01   1.0696401e-01  -1.5102292e+00
  -2.4906297e-01   7.0300912e-02  -1.4865662e+00
  -2.1775800e-01   1.5405814e-02  -1.4823187e+00
  -2.3294215e-01   3.5707380e-02  -1.4847456e+00
  -1.8350664e-01   8.3861200e-03  -1.5345480e+00
  -2.2023317e-01   1.2138713e-01  -1.4126726e+00
  -2.5147424e-01  -4.6887982e-02  -1.4769810e+00
   4.6251315e-04  -1.5894784e-01  -1.5262983e+00
  -1.9975008e-01  -8.6606948e-02  -1.5430058e+00
  -1.9571292e-01   6.0457778e-02  -1.4780469e+00
  -2.4899821e-01   1.1107152e-02  -1.4331111e+00
  -2.5084237e-01   4.5865731e-02  -1.4413326e+00
  -2.3486370e-01   7.4943602e-02  -1.4905385e+00
  -1.6249545e-01   9.4727136e-02  -1.5150880e+00
  -2.1798598e-01   1.7025049e-01  -1.4429656e+00
  -3.5785493e-02  -2.1344971e-01  -1.4322794e+00
   2.6348831e-01  -3.2865595e-01  -1.5822715e+00
  -1.8100584e-01  -2.2224046e-01  -1.4486206e+00
  -1.3510877e-01  -1.4409059e-02  -1.4953817e+00
  -2.0992127e-01  -5.2667221e-02  -1.4597625e+00
  -1.5920284e-01  -1.0566622e-01  -1.4638003e+00
  -1.9704354e-01  -5.2813874e-02  -1.5164697e+00
  -1.5493521e-01  -7.2136870e-02  -1.4741811e+00
  -1.9013834e-01  -3.1621914e-02  -1.4227854e+00
  -1.8416173e-01  -1.7327402e-01  -1.4216005e+00
  -1.8693067e-01  -9.5347261e-02  -1.4593402e+00
  -1.5900583e-01  -9.9265555e-02  -1.4698496e+00
  -9.7167023e-02   1.2317212e-01  -1.4905413e+00
  -1.5971751e-01   4.5629963e-02  -1.4441484e+00
  -7.0582716e-02   1.5623456e-01  -1.5222037e+00
  -6.2893769e-02   1.8769758e-01  -1.5836241e+00
   3.7879445e-01  -2.9718835e-02  -1.7061044e+00
   1.5787327e-01   6.1385417e-02  -1.6256686e+00
   6.1974542e-02   2.2053636e-02  -1.5590211e+00
  -5.9589507e-02   8.9644682e-02  -1.5692044e+00
  -6.0070958e-01   5.7731917e-02  -1.6091438e+00
  -9.7524551e-01   1.1963177e+00  -1.6834589e+00
  -2.2632736e-01   1.6389760e-01  -1.5735299e+00
  -3.2706173e-01   1.7399585e-01  -1.5494712e+00
  -2.2457828e-01  -1.8094465e-01  -1.5462814e+00
  -1.0915323e-01  -3.8890147e-02  -1.5764400e+00
  -5.5798498e-02   3.6006669e-01  -1.5228598e+00
  -1.9252578e-01  -1.1996529e-01  -1.4719755e+00
  -1.8696773e-01  -9.5877602e-02  -1.4886344e+00
  -1.9194431e-01  -1.9634605e-01  -1.4963414e+00
   7.4807799e-01  -3.9450128e-01  -1.5629570e+00
   4.5598288e-01  -8.5444504e-01  -1.5023113e+00
  -4.6375775e-02  -1.1200745e+00  -1.4237919e+00
   4.5405067e-01  -1.5068673e+00  -1.5818999e+00
  -2.0317191e-02  -1.2364901e+00  -1.4724090e+00
  -4.2297366e-02  -1.1161270e+00  -1.4678838e+00
  -7.7739285e-02  -1.2445254e+00  -1.4286963e+00
  -3.8625293e-02  -1.1275680e+00  -1.5077047e+00
  -5.5088820e-02  -1.2024833e+00  -1.4657834e+00
   2.2669453e-02  -1.0895091e+00  -1.5155773e+00
  -8.6443339e-02  -1.1295345e+00  -1.4682565e+00
  -3.0793508e-02  -8.8885485e-01  -1.5376082e+00
   3.6890478e-01   3.0894831e+00  -1.5098309e+00
   2.5463376e-01   4.3182055e+00  -1.0838744e+00
  -1.0756004e-02   3.9204138e+00  -9.9395078e-01
   5.4568757e-01  -1.3305886e+00  -1.5584996e+00
  -4.0341243e-02  -1.2109954e+00  -1.4816433e+00
  -6.7513136e-02  -1.3318768e+00  -1.4653931e+00
  -4.5767381e-02  -1.1239001e+00  -1.4781571e+00
  -7.8281360e-02  -1.0752907e+00  -1.4575288e+00
  -7.6952450e-02  -1.1791896e+00  -1.4526233e+00
  -1.2252810e-01  -1.2247814e+00  -1.4594191e+00
  -8.3005669e-02  -1.1612598e+00  -1.4839266e+00
  -1.2959309e-01  -1.1068024e+00  -1.4530969e+00
  -1.2234977e-01  -1.2579482e+00  -1.4335907e+00
  -1.3643450e-01  -1.1729624e+00  -1.4585856e+00
  -7.7553233e-02  -1.3626128e+00  -1.4857435e+00
  -4.2898742e-02  -1.1283865e+00  -1.5284977e+00
  -7.3249686e-02  -1.2659150e+00  -1.5078579e+00
   3.2900586e-01  -1.4959464e+00  -1.6236943e+00
  -9.7709362e-02  -1.2133981e+00  -1.4665865e+00
  -2.8148651e-02  -1.2665695e+00  -1.5681821e+00
  -1.0901453e-01  -1.1638314e+00  -1.5066716e+00
  -1.1427295e-01  -1.2842255e+00  -1.4611085e+00
  -1.0464415e-01  -1.2409560e+00  -1.4547023e+00
  -1.0849039e-01  -1.2969048e+00  -1.4574030e+00
  -1.6981060e-02  -1.1244638e+00  -1.4894503e+00
  -7.9161647e-02  -1.2331509e+00  -1.4252210e+00
  -5.3870652e-02  -1.2893172e+00  -1.4591255e+00
  -9.1253835e-02  -1.3260059e+00  -1.4522017e+00
  -3.3300414e-02  -1.2633384e+00  -1.5142728e+00
  -1.2293545e-01  -1.1710425e+00  -1.4491521e+00
  -3.3333858e-02  -1.0504167e+00  -1.4831313e+00
   2.9422597e-01  -1.2417291e+00  -1.5893000e+00
   2.1329765e-01  -1.4736056e+00  -1.6155296e+00
  -2.1716610e-02  -1.1259470e+00  -1.5000060e+00
  -3.3270025e-01  -1.0988487e+00  -1.4964408e+00
  -3.6179408e-02  -1.1997192e+00  -1.4843510e+00
  -3.2647233e-02  -1.2157372e+00  -1.5231949e+00
   2.2789207e-02  -1.3842814e+00  -1.5454889e+00
  -7.3131911e-03  -1.3967277e+00  -1.5272403e+00
   6.9269467e-04  -1.3499851e+00  -1.5598135e+00
   9.2122205e-02  -1.4413171e+00  -1.5009471e+00
   1.2121064e-02  -2.0292469e+00  -1.5694307e+00
   6.6077246e-02  -1.4589056e+00  -1.5844311e+00
   8.4242845e-02  -1.4069992e+00  -1.5416298e+00
   2.7846317e-01  -1.4530584e+00  -1.5953838e+00
   4.5711749e-01  -1.5227537e+00  -1.6852319e+00
   5.3838317e-02  -1.1688161e+00  -1.5904423e+00
  -5.2940631e-02  -1.1450264e+00  -1.5024261e+00
  -9.3155950e-02  -1.2632679e+00  -1.4881032e+00
   2.7761229e-02  -1.3700517e+00  -1.5033423e+00
  -1.2579032e-01  -1.3525581e+00  -1.4624256e+00
  -4.7703603e-04  -1.1424686e+00  -1.5254860e+00
  -2.2054310e-02  -1.1564153e+00  -1.5128410e+00
  -4.3000016e-02  -3.9508841e-01  -1.4968604e+00
