  -1.5314358e-01   1.4524819e+00  -1.3239645e+00
  -2.0471773e-01   1.2619321e+00  -1.3399512e+00
  -2.2888008e-01   1.1375633e+00  -1.3388008e+00
  -2.0780189e-01   1.0662330e+00  -1.3443514e+00
   2.9121329e-01   1.0709018e+00  -1.6108505e+00
  -2.6175360e-01   1.3301639e+00  -1.5048600e+00
  -1.3260171e-01   1.0601127e+00  -1.4633473e+00
  -1.6845021e-01   1.0595791e+00  -1.4201883e+00
  -5.7372371e-02   1.1780104e+00  -1.5169230e+00
  -5.9508922e-02   1.4621500e+00  -1.3588059e+00
   1.4502710e-01   1.7185209e+00  -1.3691553e+00
  -1.1905383e-01   1.3802754e+00  -1.4306099e+00
  -1.1907197e-01   1.3061965e+00  -1.4738773e+00
  -5.6811098e-02   1.5381059e+00  -1.4897282e+00
  -5.1310636e-02   1.5092961e+00  -1.4692399e+00
  -1.8805762e-01   1.2840432e+00  -1.4653771e+00
  -2.1413387e-01   1.3044654e+00  -1.4690685e+00
  -1.4646822e-01   1.3546396e+00  -1.4784978e+00
  -1.6241607e-01   1.4144917e+00  -1.4471914e+00
  -1.9165050e-01   1.2977170e+00  -1.4185887e+00
  -1.9571992e-01   1.4223954e+00  -1.4566731e+00
  -1.8984201e-01   1.3869447e+00  -1.4928613e+00
   1.2349425e-01   1.2045024e+00  -1.5617546e+00
  -1.9072236e-01   1.3154320e+00  -1.4189152e+00
  -2.0496880e-01   1.3124245e+00  -1.4497057e+00
  -1.9492898e-01   1.2622825e+00  -1.4416030e+00
  -1.5464899e-01   1.3797161e+00  -1.4932563e+00
  -1.9761693e-01   1.5310500e+00  -1.4477231e+00
   1.1285594e-01   1.1086943e+00  -1.5794789e+00
  -1.4421457e-01   1.4086943e+00  -1.4785952e+00
  -1.8743090e-01   1.2674557e+00  -1.4700987e+00
  -2.1586872e-01   1.4356118e+00  -1.4702754e+00
  -2.8521218e-01   1.5584715e+00  -1.4319274e+00
  -1.7070053e-01   1.3819165e+00  -1.4721800e+00
  -2.3292968e-01   1.3658612e+00  -1.4001062e+00
   3.2319894e-02   1.1146766e+00  -1.5259735e+00
  -2.4216426e-01   1.5144266e+00  -1.4183789e+00
  -2.3385424e-01   1.3056232e+00  -1.4368870e+00
  -2.4908867e-01   1.4139511e+00  -1.4533087e+00
  -2.7939587e-01   1.2260813e+00  -1.4269310e+00
  -2.4038235e-01   1.0721067e+00  -1.2928550e+00
  -2.2542752e-01   3.2647614e-01  -1.3307914e+00
  -1.3540004e-01   2.6969158e-01  -1.3960867e+00
  -1.4803966e-01   2.2243586e-01  -1.4009082e+00
  -6.8676474e-02   2.4640497e-01  -1.4614429e+00
  -1.2558501e-01   4.2610701e-01  -1.4856374e+00
  -1.7507819e-01   2.1146642e-01  -1.4345031e+00
   6.9444774e-02  -3.4987480e-02  -1.5077810e+00
  -1.7373224e-01   1.0931553e-01  -1.4565325e+00
  -1.9795548e-01   2.7163298e-01  -1.4380810e+00
  -1.4261556e-01   1.5987341e-01  -1.3893018e+00
  -1.7675159e-01   1.4647033e-01  -1.4401229e+00
  -2.0442810e-01   1.3018680e-01  -1.4740159e+00
  -1.4466842e-01   1.6627492e-01  -1.4836471e+00
  -1.3936732e-01   2.6128117e-01  -1.4280374e+00
  -1.2700576e-01   4.5134564e-02  -1.4405209e+00
   2.8251123e-01  -1.9263832e-01  -1.5716371e+00
  -1.3335720e-01   1.1524583e-01  -1.4937367e+00
  -8.9203976e-02   2.6857933e-01  -1.4909353e+00
  -1.6582276e-01   1.1841391e-01  -1.4152662e+00
  -2.2529552e-01   9.6007431e-02  -1.4333869e+00
  -2.6610906e-01   7.7507280e-02  -1.4557945e+00
  -9.2923815e-02   1.3356187e-01  -1.4826800e+00
  -1.4450786e-01   2.7531370e-01  -1.4243646e+00
  -1.7870857e-01   1.2159111e-01  -1.4112396e+00
  -4.3136893e-02   2.6260064e-01  -1.4941894e+00
  -1.1988837e-01  -7.5401056e-02  -1.5311588e+00
  -1.6898460e-01   2.2182269e-02  -1.5427219e+00
  -4.5330407e-01   7.8805718e-02  -1.4722368e+00
  -1.4340161e-01  -2.1858256e-01  -1.5092100e+00
   4.1487770e-01  -5.8547181e-01  -1.6547169e+00
  -1.2772937e-01   1.9270220e-01  -1.4587530e+00
  -5.1204306e-01   2.5046693e-01  -1.5207971e+00
  -1.3767190e-01  -4.7952007e-03  -1.4420279e+00
  -1.5926888e-01   2.0299379e-01  -1.4668307e+00
  -1.8693192e-01   1.4995382e-01  -1.4843503e+00
  -1.2819176e-01   3.4669139e-01  -1.5169670e+00
  -2.2546450e-01   2.2474816e-01  -1.4705013e+00
  -1.6383358e-01  -1.9285101e-02  -1.5349034e+00
  -1.3387369e-01   3.3818002e-02  -1.5735478e+00
  -5.1345811e-02   7.9168484e-02  -1.5645239e+00
  -8.5386649e-02   1.0042089e-01  -1.4471189e+00
   5.0708574e-01  -7.9077482e-01  -1.6483740e+00
  -1.6112919e-01  -1.4995459e-01  -1.4841349e+00
  -1.4403717e-01  -2.7321819e-01  -1.4755213e+00
  -9.9744293e-02  -8.5213891e-02  -1.4881822e+00
  -1.5807363e-01  -1.7349259e-01  -1.4580894e+00
  -1.2780865e-01  -3.6789512e-01  -1.4525153e+00
  -4.7905321e-01  -2.8769624e-01  -1.4302318e+00
   2.5239040e-01  -4.6573744e-01  -1.5879630e+00
  -3.3853962e-02  -1.2194238e-01  -1.5148066e+00
  -1.1585284e-01  -2.3593702e-01  -1.4448851e+00
  -1.3157398e-01  -1.9477776e-01  -1.4782417e+00
  -1.3244158e-01  -2.8999607e-01  -1.4941438e+00
  -9.1656949e-02  -6.6062778e-02  -1.5022404e+00
  -1.9312111e-01  -1.7244930e-01  -1.3991200e+00
  -1.5184861e-01  -1.9730817e-01  -1.4706417e+00
  -2.1052328e-01  -3.1784006e-01  -1.4559826e+00
  -1.0754059e-01  -2.3951236e-01  -1.4575647e+00
  -1.6637111e-01  -1.5046564e-01  -1.3787887e+00
  -7.3428330e-02  -2.0751470e-01  -1.4365007e+00
   1.2880429e-01  -3.9209055e-01  -1.5150963e+00
  -1.4880238e-01  -3.0944182e-01  -1.4371182e+00
  -1.7086516e-01  -1.3822831e-01  -1.4072613e+00
  -1.9498254e-01  -2.3396815e-01  -1.4041388e+00
  -1.7983941e-01  -2.0060404e-01  -1.4352157e+00
  -1.6394615e-01  -2.9586054e-01  -1.4486231e+00
  -8.2832094e-02  -2.5283670e-01  -1.5103246e+00
  -1.7695833e-01  -1.6093370e-01  -1.4636289e+00
  -3.4564616e-01  -3.1552885e-01  -1.3775237e+00
  -2.5239137e-01  -2.6796252e-01  -1.4449330e+00
   3.5331255e-01  -7.0993098e-01  -1.6189226e+00
   1.3128012e-01  -3.6584910e-01  -1.5684498e+00
  -2.1136508e-01  -3.3917636e-01  -1.4299275e+00
  -2.3471121e-01  -2.7621084e-01  -1.3530240e+00
  -4.2110493e-01   6.8888184e-01  -1.7268691e+00
   2.6140237e-02   1.8336480e+00  -1.3327105e+00
  -1.0428944e-01  -1.0868988e-01  -1.4696242e+00
  -1.1510858e-01  -2.9539247e-01  -1.4437422e+00
  -1.3738839e-01  -1.8130269e-01  -1.4271604e+00
  -1.3497608e-01  -2.8423402e-01  -1.4613515e+00
  -1.8681845e-01  -6.6742127e-02  -1.4236292e+00
  -2.2890377e-01  -1.8761014e-01  -1.4070340e+00
  -2.5321423e-01  -1.5650219e-01  -1.3570010e+00
   8.4646588e-02  -4.9285137e-01  -1.5030088e+00
  -7.0653603e-02  -1.3408659e-01  -1.5472220e+00
  -1.3265349e-01  -9.8645229e-02  -1.4716835e+00
  -1.0168447e-01  -2.2399091e-01  -1.4746541e+00
  -1.7816920e-01  -1.6825775e-01  -1.4982369e+00
  -9.5191933e-02  -2.9044191e-01  -1.5024668e+00
  -1.6380726e-01  -1.3701563e-01  -1.4084865e+00
  -2.4861452e-01  -3.5569852e-01  -1.3956908e+00
  -2.4918076e-01  -2.8110208e-01  -1.4118767e+00
  -2.0611814e-01  -3.1608485e-01  -1.5414395e+00
  -1.4486067e-01  -2.5655000e-01  -1.4228442e+00
   2.8850432e-01  -5.8374260e-01  -1.5687591e+00
  -1.9066975e-01  -2.8777714e-01  -1.4491845e+00
  -2.0618739e-01  -2.4821575e-01  -1.4444743e+00
  -1.7305212e-01  -2.9903929e-01  -1.4138577e+00
  -1.7290793e-01  -1.2312014e-01  -1.4262437e+00
  -1.5889034e-01  -2.3285533e-01  -1.4452821e+00
  -1.6867104e-01  -2.5190208e-01  -1.4183178e+00
  -1.5750798e-01  -2.4718952e-01  -1.3863839e+00
   4.7678649e-01  -6.5029013e-01  -1.6545420e+00
  -1.3557205e-01  -1.5369630e-01  -1.5137706e+00
  -1.2157870e-01  -1.7386338e-01  -1.5220754e+00
  -7.6376912e-02  -7.2960305e-02  -1.5430231e+00
  -1.3183748e-02  -5.9863431e-02  -1.5868342e+00
   4.3322542e-02   6.3616734e-02  -1.5587532e+00
  -3.9354931e-02  -3.4485771e-02  -1.4487710e+00
   1.1488533e-02   7.1911051e-02  -1.4977706e+00
   2.9568296e-02   1.9175366e-02  -1.5954455e+00
   7.9521695e-02   1.9765825e-01  -1.6111611e+00
  -1.2089218e-01   2.9778981e-01  -1.4677606e+00
