   9.4182816e-03   2.3487226e-01  -1.2718985e+00
   6.9256989e-02   3.1552576e-01  -1.2930873e+00
   3.4073710e-01  -5.5863014e-03  -1.4133457e+00
  -8.3698171e-03   3.9503313e-01  -1.2619527e+00
   5.2638327e-02   2.8083394e-01  -1.3903203e+00
   4.7280100e-02   3.1660637e-01  -1.4233679e+00
  -6.4091810e-02   4.2779118e-01  -1.4688162e+00
   2.4047943e-01   4.7264415e-01  -1.4038577e+00
   3.9608071e-01   1.9075928e+00  -1.5371586e+00
   7.5590235e-01   1.0812098e+00  -1.5850187e+00
  -9.8269385e-02   1.1137662e+00  -1.6089144e+00
   1.4331513e+00   2.4778591e+00  -1.6170659e+00
   2.4342095e-01   4.3181623e-01  -1.5373951e+00
   1.2839857e-01   2.9496619e-01  -1.4212459e+00
   3.1732831e-01   1.6338527e-01  -1.4524330e+00
   1.6484090e-01   2.4225053e-01  -1.4663472e+00
   1.7704608e-01   4.9358913e-01  -1.4475233e+00
   8.8274415e-02   3.6117759e-01  -1.3919159e+00
   7.0097617e-02   3.0331831e-01  -1.3838072e+00
   2.0101803e-01   3.1432962e-01  -1.4213518e+00
   2.3080476e-01   4.0936346e-01  -1.4415643e+00
   5.1676849e-02   3.9524212e-01  -1.3807244e+00
   6.6040508e-02   2.5047514e-01  -1.3819510e+00
   8.9713263e-02   3.2596422e-01  -1.4120502e+00
   9.5182543e-02   3.0262866e-01  -1.4357777e+00
   3.5051935e-01   3.2326057e-01  -1.5171470e+00
   8.7806841e-02   2.6709725e-01  -1.3983909e+00
   1.0203599e-01   2.7711212e-01  -1.4232098e+00
   1.9796004e-01   3.4435674e-01  -1.4286973e+00
   2.2708038e-01   3.0838535e-01  -1.4243748e+00
   2.3634430e-01   4.2554714e-01  -1.4456141e+00
   2.9159046e-01   7.3593613e-03  -1.4898065e+00
   3.7093940e-02   3.5673113e-01  -1.4078472e+00
   1.2336322e-01   2.8772544e-01  -1.4712088e+00
   1.2813981e-01   4.9089213e-01  -1.4332687e+00
   4.9386148e-02   3.6073005e-01  -1.3571574e+00
   9.5140436e-02   3.8378878e-01  -1.4014494e+00
   3.3681268e-02   3.7476058e-01  -1.3928277e+00
   1.0445831e-01   3.9958086e-01  -1.4183580e+00
   3.0953487e-01   9.9958285e-02  -1.4501905e+00
   3.2536896e-02   2.7025323e-01  -1.3630251e+00
   7.4777023e-02   3.0413151e-01  -1.3874956e+00
   1.1263477e-01   3.3141380e-01  -1.4262469e+00
   1.5743596e-01   5.9223268e-01  -1.4252393e+00
   4.4514289e-01   5.5529809e-01  -1.3919531e+00
   1.7830589e-01  -1.6638986e-01  -1.4186995e+00
   4.3694008e-01  -5.6437528e-02  -1.4474850e+00
   3.5760861e-01  -1.1780079e-01  -1.4693295e+00
   2.2760979e-01   2.1500911e-01  -1.4211547e+00
   1.4477810e-01   2.7977011e-01  -1.3684950e+00
  -3.1284212e-01   1.9961622e-01  -1.4718941e+00
   2.7150008e-01   9.9597209e-02  -1.4512833e+00
  -2.0289438e-01  -2.7843108e-02  -1.5131572e+00
  -1.7125458e-01  -3.0357568e-01  -1.4281895e+00
   8.3673264e-02  -3.4221132e-01  -1.4517608e+00
   6.7417114e-02   2.2272789e-01  -1.3789867e+00
   1.3624431e-01   3.6870348e-01  -1.3931233e+00
   7.3778549e-02   4.1063611e-01  -1.4014557e+00
   4.0066912e-02   2.8304467e-01  -1.3580578e+00
   7.2766811e-02   3.2741073e-01  -1.4019335e+00
   3.1021968e-02   2.5403483e-01  -1.3845602e+00
   1.3267764e-01   4.0260439e-01  -1.4313532e+00
   5.2765062e-02   2.6989141e-01  -1.3665959e+00
   2.3575857e-01   1.4586671e-01  -1.4684498e+00
   6.8419829e-02   2.7885813e-01  -1.3938904e+00
   1.6624558e-01   3.7288333e-01  -1.4211712e+00
   8.7013926e-02   3.3219569e-01  -1.3817980e+00
   2.4452347e-02   2.3390132e-01  -1.3316580e+00
   9.2410792e-02   2.8823504e-01  -1.3994314e+00
   1.4578232e-01   2.9721668e-01  -1.4226626e+00
   1.7433990e-01   5.2714662e-01  -1.4215640e+00
   9.4563039e-02   3.0570636e-01  -1.3749146e+00
   1.3392469e-01   2.7765841e-01  -1.3817207e+00
   6.6416618e-02   2.9059801e-01  -1.4163603e+00
   6.2499547e-01  -8.1886050e-02  -1.6120093e+00
   3.4922512e-02   4.5422325e-01  -1.3796351e+00
   6.0962689e-02   3.9305981e-01  -1.3594887e+00
   1.4927147e-01   5.5080612e-01  -1.4267926e+00
   2.4337483e-01   6.0418679e-01  -1.4842311e+00
   2.9897173e-01   8.3277616e-01  -1.4859697e+00
   2.7213161e-01   6.8632756e-01  -1.4541268e+00
   3.5068694e-01   7.2173128e-01  -1.4621153e+00
   4.1862315e-01   6.3906822e-01  -1.4572040e+00
   5.1165795e-01   7.3272875e-01  -1.4475496e+00
   2.9259951e-01   6.6593199e-01  -1.3724664e+00
   8.7010457e-02   4.4465247e-01  -1.3812243e+00
   3.2870218e-01   4.4568613e-01  -1.4765858e+00
   1.0821981e-01   2.6208212e-01  -1.4061539e+00
   5.1491573e-01   3.8751602e-01  -1.4213373e+00
   1.4052655e-01   3.1344356e-01  -1.4242210e+00
   8.0078087e-02   3.7282740e-01  -1.3490739e+00
   1.1791849e-01   3.3961979e-01  -1.3984277e+00
   1.6530884e-01   3.8663524e-01  -1.4457628e+00
   7.1661095e-02   3.5686794e-01  -1.3766318e+00
   2.3116402e-01   1.1928492e-01  -1.4214799e+00
   9.2028568e-02   3.2933640e-01  -1.4249373e+00
   1.3647944e-01   3.0641615e-01  -1.3641080e+00
   1.6346484e-01   5.7298059e-01  -1.3754313e+00
   6.7538310e-02   4.0945725e-01  -1.3403287e+00
   5.4554906e-02   3.9722814e-01  -1.3845693e+00
   6.5946825e-02   3.4348240e-01  -1.4025311e+00
   1.1147011e-01   3.8300553e-01  -1.4010213e+00
   6.2343930e-02   3.1558960e-01  -1.3688098e+00
   5.4541018e-02   2.6547612e-01  -1.3725190e+00
   9.9122697e-02   3.0092887e-01  -1.4006125e+00
   1.5025808e-01   2.2052068e-01  -1.4367237e+00
   5.1782114e-01   1.4463948e-01  -1.5231049e+00
   4.7787023e-01  -2.1478225e-02  -1.4617377e+00
   2.3534436e-01   1.8306567e-01  -1.3785957e+00
   1.2617928e-01   4.3036509e-01  -1.4067606e+00
  -4.0541363e-01   4.5221407e-01  -1.5453736e+00
   5.8174670e-01   2.6721395e-01  -1.3894296e+00
  -2.7278194e-01  -3.0494689e-02  -1.4041762e+00
   5.2537939e-02   1.7491936e-01  -1.4342067e+00
   2.8776306e-01   4.3001772e-01  -1.4550406e+00
   5.7405171e-02   4.3399295e-01  -1.4055660e+00
   7.4698067e-01  -4.1500514e-01  -1.5818468e+00
   9.1390015e-02   3.7541023e-01  -1.3570618e+00
   2.9933739e-02   2.8633247e-01  -1.3814742e+00
   7.7771525e-02   4.6529723e-01  -1.3955429e+00
   2.1027331e-02   3.8873418e-01  -1.3137917e+00
   1.9953730e-02   2.4684969e-01  -1.3361019e+00
   1.2562563e-01   3.9535472e-01  -1.4132900e+00
   5.2562888e-02   3.1755869e-01  -1.3950154e+00
   3.5395324e-01   1.3830206e-01  -1.4621346e+00
   9.5699885e-02   2.4919724e-01  -1.3869594e+00
   8.7456501e-02   4.0646685e-01  -1.4273306e+00
   9.2864692e-02   2.7349190e-01  -1.4272935e+00
   2.2640315e-01   4.7265336e-01  -1.4328534e+00
   4.4849682e-02   3.9549215e-01  -1.3841349e+00
   4.5245597e-02   3.3605197e-01  -1.4001318e+00
   1.1003060e-02   3.6117559e-01  -1.3894090e+00
   2.7912762e-01   1.4162391e-01  -1.4867499e+00
   3.4035093e-02   5.9092569e-01  -1.4012795e+00
   1.6859102e-02   2.5266057e-01  -1.3858624e+00
   6.2917085e-02   3.2979037e-01  -1.4228808e+00
   7.4548009e-02   2.8681698e-01  -1.4094796e+00
   5.3220933e-02   4.5716302e-01  -1.3429258e+00
   3.9373315e-03   4.2485468e-01  -1.3385659e+00
   7.2315656e-02   2.3857755e-01  -1.3691405e+00
   1.5630465e-02   2.3525185e-01  -1.3609029e+00
   5.6287209e-02   2.4604779e-01  -1.3946738e+00
   7.0268118e-02   4.6375063e-01  -1.3831827e+00
   2.7212555e-01  -1.1249475e-02  -1.4443631e+00
   4.1078954e-01   2.0090987e-01  -1.4498042e+00
   3.9823584e-02   2.7149561e-01  -1.4298397e+00
   4.2276095e-02   6.2092287e-01  -1.4272105e+00
   6.7744412e-02   3.5954584e-01  -1.3841913e+00
   4.3481950e-02   3.7595326e-01  -1.4331265e+00
   6.9618389e-02   3.7549176e-01  -1.4246424e+00
   3.6089526e-01   5.4116181e-02  -1.4618250e+00
   6.3566477e-02   4.0803823e-01  -1.4173155e+00
  -2.7842474e-02   2.8724806e-01  -1.3535603e+00
   1.5182014e-01   3.4624882e-01  -1.4182843e+00
