   7.4780227e-02  -1.9299789e-01  -1.4099382e+00
   2.2317347e-01   7.2944517e-02  -1.3995371e+00
   7.3840149e-02  -1.4360116e-01  -1.3697812e+00
   8.6365972e-02  -1.3470764e-01  -1.3760382e+00
   3.2800880e-01   6.6818225e-02  -1.5722567e+00
   3.5759017e-01  -4.4135066e-02  -1.5633587e+00
   1.8729615e-01  -2.0502446e-02  -1.5481379e+00
  -9.1554110e-02  -4.3429505e-02  -1.4966822e+00
   7.9396178e-02   1.9195637e-01  -1.5391918e+00
   1.9201756e-01  -1.7950998e-01  -1.5527923e+00
   1.8620698e-01   2.6475472e-01  -1.5803642e+00
   4.2105091e-01  -2.2968622e-01  -1.5498632e+00
   1.9476617e-01  -1.1654453e-01  -1.5324982e+00
   1.7034501e-01  -1.4455855e-01  -1.5353227e+00
   1.9420422e-01  -8.8873588e-02  -1.5545272e+00
   1.5098876e-01  -1.1157472e-02  -1.4964371e+00
   1.1678270e-01  -2.0337163e-01  -1.4844470e+00
   3.9161010e-01  -3.3111773e-01  -1.6040694e+00
   1.4554353e-01  -2.0574304e-01  -1.4846316e+00
   1.5963605e-01  -2.8673973e-02  -1.5281411e+00
   2.9385714e-02  -1.8019577e-01  -1.4514706e+00
   1.1620344e-01  -1.9223978e-01  -1.4492333e+00
   1.0999992e-01  -2.4729231e-01  -1.4543221e+00
   1.4771754e-01  -1.6874573e-01  -1.5200790e+00
   1.6383646e-01  -7.6080130e-02  -1.4428741e+00
   1.6817712e-01  -1.6878269e-01  -1.4417697e+00
   2.1122045e-01   5.0525891e-02  -1.4724886e+00
   2.3230214e-01  -8.9413464e-02  -1.5097217e+00
   1.9782671e-01   4.4664590e-02  -1.5042659e+00
   1.9301066e-01  -4.9079101e-02  -1.4876904e+00
   1.6087471e-01   3.8496644e-02  -1.5083901e+00
   3.9001266e-01  -4.3583527e-01  -1.5724560e+00
   2.3564007e-01  -1.6321931e-01  -1.5243656e+00
   1.2235095e-01   7.6771248e-02  -1.5244826e+00
   2.8927119e-01  -1.4136956e-01  -1.5583835e+00
   1.8598595e-01  -1.2608164e-01  -1.4970939e+00
   1.3838351e-01  -2.5825937e-01  -1.4677308e+00
   1.4273826e-01  -5.0072036e-02  -1.4022072e+00
   1.1790007e-01  -1.4883527e-01  -1.4374805e+00
   1.8178579e-01  -1.4923077e-01  -1.4775745e+00
   2.0178626e-01  -1.7880322e-01  -1.4730044e+00
   2.4155590e-01  -1.3601806e-01  -1.5112627e+00
   1.9888831e-01  -4.0805672e-02  -1.4391974e+00
   1.6866883e-01  -1.4658584e-01  -1.4248829e+00
   4.5300601e-01  -3.3716082e-01  -1.5569231e+00
   1.4620535e-01  -2.9288495e-01  -1.4405296e+00
   2.1253640e-01  -2.2251447e-03  -1.4829581e+00
   1.6708011e-01  -1.2939048e-01  -1.4510994e+00
   1.6196551e-01  -1.8782617e-01  -1.4387413e+00
   1.6904946e-01  -1.9954340e-01  -1.4086549e+00
   2.2892096e-01  -9.3827715e-02  -1.4682523e+00
   1.7672788e-01  -4.0285144e-02  -1.4852123e+00
   1.5004443e-01  -2.3881324e-01  -1.4465318e+00
   1.9385990e-01  -1.1299308e-01  -1.5626933e+00
   7.7001796e-01  -6.9784032e-01  -1.6533692e+00
   2.4688406e-01  -7.6730302e-02  -1.4532259e+00
   1.2488876e-01  -1.9157040e-01  -1.4415599e+00
   9.3439623e-02  -2.4524866e-01  -1.4697577e+00
   8.6697263e-02  -2.6355874e-01  -1.3904954e+00
   2.1172334e-01  -8.3858377e-02  -1.4861757e+00
   1.7598152e-01  -8.5057556e-02  -1.4466157e+00
   4.4451767e-01  -4.1745708e-01  -1.5295001e+00
   1.7763217e-01  -5.4213672e-02  -1.4600211e+00
   2.3258858e-01  -9.7634724e-02  -1.4878552e+00
   1.8495606e-01  -2.8661648e-02  -1.4801574e+00
   6.4471261e-02  -1.7284311e-01  -1.4316665e+00
   1.6311844e-01  -2.4036957e-01  -1.4769242e+00
   1.0735254e-01  -3.0725088e-01  -1.4532713e+00
   1.6317684e-01  -1.7026617e-01  -1.4959139e+00
   2.0459941e-01  -1.5070101e-01  -1.4591174e+00
   1.6813816e-01  -2.5237167e-01  -1.4713503e+00
   1.7494337e-01  -9.2555293e-02  -1.4832699e+00
   1.6552837e-01  -1.7407942e-01  -1.4761853e+00
   2.0116667e-01   2.8893343e-02  -1.4810025e+00
   7.5363144e-01  -2.3845638e-01  -1.5798113e+00
   1.5067409e-01  -7.6317622e-02  -1.4969396e+00
   1.9566756e-01  -1.3758686e-01  -1.5039700e+00
   2.9872886e-01  -6.7185784e-02  -1.5655613e+00
   2.5669471e-01  -1.1794421e-01  -1.4997797e+00
   3.1676917e-01  -2.7675431e-01  -1.4721791e+00
   2.1472969e-01  -2.3965545e-01  -1.5164713e+00
   1.9438926e-01  -2.5932096e-01  -1.4873825e+00
   2.6613040e-01  -7.4579993e-02  -1.5198909e+00
   2.5996610e-01  -1.4680916e-01  -1.4786680e+00
   3.1775079e-01  -1.9046153e-01  -1.4863140e+00
   6.9724020e-02  -2.6289828e-01  -1.4603272e+00
   1.0902829e-01  -1.3592842e-01  -1.4779973e+00
   2.3326607e-01  -1.7263729e-01  -1.4858970e+00
   2.5559911e+00   5.8644753e-01  -1.7323240e+00
   3.5130126e-01   1.0315204e+00  -1.1876369e+00
   6.0735835e-01  -1.5484056e+00  -1.5431083e+00
   2.9624362e-01  -1.2564984e+00  -1.4363212e+00
   2.5234912e-01  -1.3410408e+00  -1.4158585e+00
   2.4464405e-01  -1.3755623e+00  -1.4252168e+00
   2.3636485e-01  -4.9838049e-01  -1.3968502e+00
   3.4241102e-01  -1.6726402e-02  -1.4710352e+00
   2.8303184e-01   2.0075695e-01  -1.4451677e+00
   5.4403660e-01   1.6101762e-01  -1.4646805e+00
   9.0176511e-01   1.9893280e-01  -1.4914333e+00
   2.7284241e-01  -1.0239202e-01  -1.4494530e+00
   3.1410543e-01   1.0792157e-01  -1.4141622e+00
   2.4052454e-01  -2.6260399e-03  -1.3800656e+00
   2.6633429e-01  -4.5200481e-02  -1.4219068e+00
   2.3546647e-01  -1.1787241e-01  -1.4317666e+00
   8.0256366e-02   1.9712363e-02  -1.5064564e+00
   2.3742662e-01   6.3799256e-02  -1.4185007e+00
   2.1435118e-01  -8.4179390e-02  -1.4151407e+00
   2.0187189e-01  -3.4450287e-02  -1.4495463e+00
   4.7854478e-01  -3.1554597e-01  -1.5293696e+00
   4.0040399e-01   1.6779981e-01  -1.4732008e+00
   1.8309445e-01  -9.9195556e-02  -1.3672629e+00
   2.1206646e-01  -5.4923342e-02  -1.4040719e+00
   2.5612781e-01  -5.7837967e-02  -1.4946280e+00
   3.2382055e-01   4.4674739e-02  -1.5640263e+00
   3.0195728e-01   1.1131163e-01  -1.5255461e+00
   2.3113842e-01  -9.1353823e-02  -1.4559650e+00
   2.3119836e-01   1.9598794e-02  -1.4733951e+00
   2.9098703e-01  -3.8989383e-02  -1.4571550e+00
   3.6457863e-01   1.8110122e-01  -1.4409040e+00
   2.9717267e-01   1.1524404e-01  -1.4274898e+00
   2.4299291e-01   4.7495510e-02  -1.4088245e+00
  -4.7715875e-01  -6.1252138e-02  -1.4494787e+00
  -1.1662544e+00  -2.0203348e-01  -1.6458491e+00
   6.9459990e-02  -2.2619861e+00  -1.5842693e+00
   4.7749898e-01  -1.5761709e-01  -1.5282793e+00
   4.0847101e-01   2.1869903e-01  -1.4753809e+00
   5.3124298e-01  -4.1597234e-02  -1.5310636e+00
   2.5055226e-01  -5.1840858e-01  -1.5113383e+00
   1.6533740e-01  -8.0105432e-01  -1.4903622e+00
   6.6251542e-01  -2.0559246e-01  -1.4920846e+00
   7.1803210e-02  -3.3295612e-01  -1.4492919e+00
   4.3759524e-01  -4.2666294e-01  -1.5454025e+00
   4.8707694e-01  -1.7097002e-01  -1.4950282e+00
   3.3780750e-01  -9.8099489e-02  -1.4569274e+00
   4.5027996e-01  -2.6226660e-01  -1.5322736e+00
   2.4844680e-01  -7.2428979e-02  -1.4862937e+00
   2.8940254e-01   1.6353392e-01  -1.4733622e+00
   2.6529571e-01   2.8955404e-02  -1.4645340e+00
   6.4238493e-02   4.4191546e-01  -1.5220873e+00
   2.0599847e-01   2.5548822e-01  -1.5869732e+00
   2.7180551e-01   3.0815034e-02  -1.5915474e+00
   2.8492119e-01   1.4597695e-02  -1.5052129e+00
   3.0686572e-01   2.8409334e-02  -1.4909995e+00
   2.9866736e-01   7.9063412e-02  -1.5042735e+00
   2.9123182e-01  -2.1725019e-02  -1.5952070e+00
   3.2922582e-01   2.1235885e-01  -1.5388537e+00
   2.9259907e-01   1.4822841e-01  -1.4877778e+00
   3.6325212e-01   2.3990306e-01  -1.5005607e+00
   3.8826453e-01   1.6611791e-01  -1.5052019e+00
   5.1580346e-01   4.0062082e-01  -1.5820405e+00
   4.3034291e-01   4.7440329e-01  -1.5677660e+00
   4.9684760e-01   4.9014089e-01  -1.5627030e+00
   9.1810932e-01   5.6990343e-01  -1.6120515e+00
   2.5690357e-01  -1.1737796e-01  -1.4883242e+00
