   5.0031146e-01   7.4373175e-02  -2.0259839e-01
   4.9674153e-01   8.1125955e-02  -2.2072013e-01
   5.2081302e-01   5.3510550e-02  -2.2331306e-01
   5.2431979e-01   5.1103189e-02  -2.6151541e-01
   5.5184436e-01  -5.7821271e-03  -4.2884971e-01
   5.5048778e-01  -6.8434604e-02  -4.2838026e-01
   7.8860098e-01  -2.8537880e-01  -4.8480420e-01
   5.1693613e-01  -2.1511110e-02  -4.0183819e-01
   5.6106022e-01   3.9239094e-02  -3.8291334e-01
   5.4926611e-01  -5.3069561e-02  -3.4418677e-01
   7.9850837e-01  -3.2547685e-01  -3.9803364e-01
   5.2963352e-01  -9.4244896e-02  -3.4925721e-01
   5.3841485e-01  -7.2602315e-03  -3.9099006e-01
   7.2751715e-01  -2.3942491e-01  -4.0491429e-01
   5.3591725e-01  -6.3720173e-02  -2.9145733e-01
   5.6830255e-01  -6.4965854e-02  -3.2790360e-01
   5.5168138e-01  -4.8815588e-02  -3.4180288e-01
   5.3492260e-01   3.5614091e-02  -3.7128544e-01
   5.3363981e-01   5.5664129e-02  -3.2689769e-01
   5.6816228e-01  -5.2271888e-02  -3.2871168e-01
   5.3543232e-01   6.2276516e-02  -3.3884618e-01
   7.2955981e-01   1.0708547e-02  -3.7414270e-01
   4.9621546e-01   9.3904522e-02  -3.1997894e-01
   5.2266360e-01   7.7223406e-02  -3.0990345e-01
   5.4431741e-01   3.7498772e-04  -3.1823906e-01
   5.3323737e-01   5.0493978e-03  -3.6010357e-01
   5.3321824e-01  -9.3680546e-03  -3.5594865e-01
   5.1702449e-01   6.2333992e-02  -3.3674233e-01
   5.3064325e-01   1.7672092e-01  -3.2557364e-01
   5.3075520e-01   2.1220146e-01  -3.3797575e-01
   5.1105054e-01   1.3860477e-01  -3.0934917e-01
   4.9185203e-01   2.1302904e-01  -2.6793683e-01
   6.8697343e-01  -4.2854798e-02  -3.6205607e-01
   4.9016275e-01   1.7650409e-01  -3.2574572e-01
   5.1943485e-01   1.0527634e-01  -3.2768186e-01
   5.0677216e-01   1.2776528e-01  -2.9760697e-01
   5.2706981e-01   1.0205575e-01  -3.5572233e-01
   5.5172662e-01   8.7358516e-02  -3.4547269e-01
   5.3563833e-01   3.6816531e-02  -3.4917813e-01
   6.8863244e-01  -9.7911379e-02  -4.0454218e-01
   5.4684606e-01   1.4827666e-01  -3.4040426e-01
   5.5814767e-01   2.1263385e-01  -3.9031247e-01
   5.4669743e-01   1.0127225e-01  -3.4118504e-01
   5.4461665e-01   1.2623419e-01  -3.4177857e-01
   5.4921677e-01   1.6093505e-01  -3.6394114e-01
   5.2603361e-01   1.8010414e-01  -3.3546462e-01
   5.2581883e-01   2.3423270e-01  -3.0381865e-01
   5.2820683e-01   2.0520233e-01  -3.2064035e-01
   5.4337016e-01   2.1189182e-01  -3.0996132e-01
   5.1874338e-01   1.1306867e-01  -3.1573274e-01
   5.3537507e-01   7.8617203e-02  -3.4547343e-01
   5.3006753e-01   6.0524720e-02  -3.5289015e-01
   5.3214072e-01   1.2693583e-01  -3.6313673e-01
   5.3741117e-01   9.2183329e-02  -3.3984232e-01
   5.4679784e-01   4.1975361e-02  -3.6510589e-01
   7.5364603e-01  -1.7761538e-01  -4.2322266e-01
   5.1602230e-01   2.8501456e-02  -2.9155321e-01
   5.3295405e-01   7.2750480e-02  -3.2320826e-01
   5.2523947e-01   1.5628971e-01  -3.2050678e-01
   7.2179983e-01  -6.0562729e-02  -3.5952156e-01
   5.2610511e-01   9.0054272e-02  -3.4610218e-01
   7.7348510e-01  -9.8189435e-02  -3.9011251e-01
   5.2957624e-01   1.8015885e-01  -3.6478626e-01
   5.3601601e-01   1.4949345e-01  -3.0450744e-01
   5.3999143e-01   1.5393764e-01  -3.1101808e-01
   5.3919508e-01   5.3901107e-02  -2.9511545e-01
   5.5844068e-01   1.8509936e-01  -3.2878905e-01
   6.9079027e-01   2.3689064e-02  -3.7531250e-01
   5.0946206e-01   1.6001778e-01  -3.0742089e-01
   5.2558749e-01   1.0150559e-01  -3.0888169e-01
   6.7635517e-01  -1.1752279e-02  -3.5289459e-01
   5.2263330e-01   9.0674236e-02  -3.3269277e-01
   5.3998313e-01   3.0100763e-02  -3.7201075e-01
   5.1314071e-01   1.3335293e-01  -3.3806465e-01
   5.3603231e-01   8.5713142e-02  -3.9248431e-01
   5.4098625e-01   1.3292539e-01  -3.9358142e-01
   5.3316216e-01   2.1612479e-01  -3.7926466e-01
   5.3609411e-01   9.2326613e-02  -3.4388235e-01
   5.5953123e-01   5.7171331e-02  -3.6948981e-01
   7.2527155e-01  -8.2544746e-02  -4.2874540e-01
   5.6328801e-01   6.4716764e-02  -3.7581323e-01
   5.4537722e-01   9.5815135e-02  -3.3825611e-01
   5.1824001e-01   1.7330922e-01  -2.9531665e-01
   5.3090104e-01   2.3831611e-01  -3.3055771e-01
   5.1168018e-01   3.3136071e-01  -3.0140161e-01
   5.2929664e-01   3.5417356e-01  -3.0332227e-01
   5.2781751e-01   3.1017526e-01  -2.9635186e-01
   5.3746955e-01   1.5056458e-01  -2.7466322e-01
   7.6197610e-01  -5.5696928e-03  -3.6173084e-01
   5.3185801e-01   1.6792424e-01  -2.9311513e-01
   5.2209945e-01   1.0266602e-01  -2.9187903e-01
   5.2122166e-01   1.2829678e-01  -2.8070095e-01
   5.4081354e-01   1.7178091e-01  -3.0890643e-01
   1.1494031e+00   1.1162633e+00  -3.1492853e-01
  -5.6522404e-03   4.1554298e+00   1.5225713e-01
   1.0646918e+00   3.3041269e+00   1.3048467e-01
   3.4175715e+00   3.1436780e+00   1.3282327e-01
   3.6087070e+00   3.9108101e+00   5.1495030e-01
   4.4260876e+00   4.3501467e+00   7.2076430e-01
   4.4256061e+00   4.3494333e+00   6.8310300e-01
   3.7799490e+00   3.9418211e+00   3.8253811e-01
   3.2752561e+00   4.3380475e+00   4.8312599e-01
   1.7306667e+00   4.3050711e+00   4.7606835e-01
   8.8044481e-01   4.0782328e+00   5.5600015e-01
   1.3594389e-01   4.2986232e+00   7.8071995e-02
   6.4698380e-01   4.2905751e+00   3.0611230e-01
   6.1827928e-01   1.6977264e+00  -1.5681825e-01
   5.2475487e-01   7.4680332e-01  -2.6357784e-01
   5.4022661e-01   6.7139568e-01  -2.6978165e-01
   4.9920025e-01   7.6833326e-01  -2.2209146e-01
   5.2437784e-01   6.4484919e-01  -2.3856815e-01
   5.2186692e-01   6.4348876e-01  -2.7489185e-01
   4.9529634e-01   7.0291033e-01  -2.6563645e-01
   6.0680317e-01   6.6196704e-01  -2.6288053e-01
   1.1842953e+00   2.8632370e-01  -4.0372684e-01
   7.0057929e-01   1.9113995e+00  -1.4116527e-01
   5.6488927e-01   1.3222177e+00  -2.7245752e-01
   7.2120853e-01   9.2956427e-01  -3.1843956e-01
   5.1674002e-01   3.0526604e-01  -2.6649496e-01
   5.8358190e-01   8.5294854e-01  -2.6548110e-01
   5.8747200e-01   5.5388079e-01  -2.6280246e-01
   5.7068697e-01   4.7088156e-01  -3.1537106e-01
   5.5500587e-01   4.4234765e-01  -3.2692724e-01
   5.6282627e-01   4.3536310e-01  -3.3089196e-01
   5.7554945e-01   4.5460485e-01  -3.0165065e-01
   5.6106257e-01   5.4226314e-01  -2.6118011e-01
   5.6375102e-01   5.5329986e-01  -2.6771179e-01
   5.6143405e-01   4.9664993e-01  -2.6742306e-01
   5.9848456e-01   4.5886078e-01  -3.0857071e-01
   5.8042345e-01   4.4476678e-01  -3.2022268e-01
   5.7707233e-01   4.0373939e-01  -3.0072780e-01
   5.5625837e-01   5.8629306e-01  -2.8149704e-01
   5.4080700e-01   4.4874266e-01  -3.1520045e-01
   5.8171801e-01   5.7176819e-01  -2.8847369e-01
   5.7934655e-01   5.3795959e-01  -2.7824925e-01
   5.6674573e-01   4.4655513e-01  -2.8856629e-01
   5.5603485e-01   4.7123400e-01  -2.6845662e-01
   5.5775637e-01   4.3778331e-01  -2.9630263e-01
   5.6824738e-01   4.2424994e-01  -3.0064643e-01
   5.5151354e-01   4.7999244e-01  -3.1178815e-01
   9.7456664e-01  -2.6233950e-02  -4.3412017e-01
   5.6798196e-01   3.8740134e-01  -3.1024412e-01
   5.4889120e-01   3.8137346e-01  -3.5721292e-01
   5.5631826e-01   4.5421226e-01  -3.5303477e-01
   5.3679196e-01   4.5746174e-01  -3.5607465e-01
   7.6411986e-01   1.7471091e-01  -3.8689590e-01
   5.5059512e-01   2.5166075e-01  -3.4759584e-01
   8.7974305e-01  -2.0627997e-01  -4.4820805e-01
   5.5445835e-01   2.5254268e-01  -3.6375348e-01
   5.5517284e-01   2.1633117e-01  -3.9065218e-01
   5.5048235e-01   2.8151230e-01  -3.9288531e-01
   8.5796855e-01  -1.1106752e-01  -4.7210660e-01
   5.5316278e-01   2.6620393e-01  -3.9603810e-01
   7.1269738e-01   5.2880786e-01  -2.7313800e-01
