  -4.5878979e-02  -3.4539706e-01  -2.2919936e-01
  -1.0121110e-01  -3.5228535e-01  -1.9157334e-01
   2.4374139e-01  -5.3543190e-01  -2.4337287e-01
  -2.0195815e-02  -3.6509170e-01  -1.9418008e-01
   1.9743782e-02  -4.6902928e-01  -3.7117849e-01
  -2.2606462e-02  -3.1519032e-01  -3.4168228e-01
  -1.7051075e-02  -3.4629668e-01  -3.6483068e-01
  -1.0585111e-02  -4.1850736e-01  -3.6883274e-01
   2.6663087e-02  -4.4848844e-01  -4.2707867e-01
   2.9523978e-01  -7.1195097e-01  -4.6594181e-01
  -4.0718127e-03  -4.9727917e-01  -3.6896096e-01
  -3.6834060e-01  -2.2829858e-01  -4.2985246e-01
  -3.9386851e-03  -4.9475419e-01  -4.0817414e-01
  -3.9489526e-05  -4.9912394e-01  -3.6666314e-01
  -3.6130051e-02  -4.9861401e-01  -3.3221716e-01
  -8.6357595e-03  -3.6820544e-01  -3.2711938e-01
  -3.2559961e-02  -3.8954650e-01  -3.1825963e-01
  -1.9133653e-02  -5.1042393e-01  -3.4664776e-01
  -8.4066648e-03  -5.5756994e-01  -3.5134516e-01
   2.3113021e-01  -7.6385604e-01  -4.1922895e-01
   1.8218666e-03  -4.9001964e-01  -3.4907246e-01
   1.7875031e-02  -5.5011073e-01  -3.7828677e-01
   3.7839850e-02  -5.0315574e-01  -3.7832336e-01
   1.0680579e-02  -5.2587342e-01  -3.7904606e-01
   2.8268082e-02  -5.5609144e-01  -4.0048542e-01
   1.0242490e-02  -5.5507288e-01  -4.1418277e-01
   3.1005122e-02  -5.6999380e-01  -4.1324325e-01
   4.0116549e-02  -6.7241313e-01  -4.0315396e-01
  -2.0731760e-02  -5.7756558e-01  -3.6246499e-01
   3.7511005e-03  -4.5997960e-01  -3.7466328e-01
  -8.3275114e-03  -4.7909920e-01  -3.8057575e-01
   1.8157952e-02  -4.2722701e-01  -4.1540904e-01
   2.8720091e-01  -7.6793229e-01  -4.5383825e-01
  -7.6508281e-03  -4.6363002e-01  -3.5979274e-01
   1.5872532e-02  -4.2351443e-01  -3.8800455e-01
   1.5017190e-02  -4.8540284e-01  -3.7582690e-01
   2.2860976e-02  -4.6397632e-01  -3.7147341e-01
   4.5605551e-02  -4.9614904e-01  -3.7455487e-01
  -3.4377468e-03  -4.5206754e-01  -4.1145743e-01
  -4.2744464e-03  -5.3406904e-01  -3.9706808e-01
   1.7978295e-02  -5.3774192e-01  -3.9143635e-01
   2.2461513e-01  -7.3287049e-01  -4.3771352e-01
   1.3983774e-02  -6.2827633e-01  -4.0036901e-01
  -6.1685260e-04  -5.0071754e-01  -3.9247820e-01
  -1.1848427e-02  -5.9415017e-01  -3.9554651e-01
  -1.5628137e-02  -4.9834038e-01  -3.7335827e-01
  -1.9846363e-02  -5.2423466e-01  -3.5987233e-01
   6.3235062e-03  -4.8388691e-01  -3.4350192e-01
   1.2376067e-02  -5.6365281e-01  -3.5283230e-01
   6.4659860e-02  -5.7457937e-01  -3.4432618e-01
  -2.5755212e-02  -4.7263859e-01  -3.1921170e-01
   2.2442347e-01  -6.9623832e-01  -4.0986538e-01
  -9.4464747e-03  -5.6826947e-01  -3.7756634e-01
  -4.2408686e-03  -6.2208525e-01  -3.6134872e-01
   3.6637952e-03  -5.6114148e-01  -3.8482310e-01
   7.9029539e-02  -5.8301703e-01  -3.4288978e-01
  -7.9482448e-02  -5.3157833e-01  -3.2914781e-01
   9.0389500e-03  -4.9660426e-01  -3.7497472e-01
   2.1368056e-02  -4.6049350e-01  -4.0422968e-01
   4.3694356e-04  -4.8249336e-01  -3.6169495e-01
  -7.2199710e-03  -4.7258738e-01  -3.3085741e-01
  -6.3943786e-03  -5.0533854e-01  -3.3590487e-01
   8.3726705e-03  -4.6826769e-01  -3.5930736e-01
   6.1470842e-02  -4.0530837e-01  -3.1493295e-01
   7.9845128e-03  -4.9077562e-01  -3.2473365e-01
  -9.9764877e-03  -4.0890685e-01  -3.1050785e-01
   2.1520370e-01  -5.7393780e-01  -3.3721361e-01
  -3.0114947e-02  -4.9774024e-01  -3.0956316e-01
  -3.4785068e-02  -3.9017941e-01  -3.2172493e-01
  -3.8843328e-03  -3.9673215e-01  -3.7593022e-01
   7.1154829e-04  -4.9907600e-01  -3.7769505e-01
  -1.7261024e-03  -4.8719469e-01  -3.7960762e-01
  -5.3908945e-03  -4.2656451e-01  -3.4852393e-01
   2.2517457e-02  -4.0781796e-01  -3.1389936e-01
  -1.7633007e-02  -3.3203110e-01  -3.5486666e-01
  -1.1681360e-02  -4.8684064e-01  -3.7269008e-01
   2.1600125e-02  -4.1291953e-01  -3.6528269e-01
  -1.3699297e-02  -3.6719860e-01  -3.5068906e-01
  -3.0015069e-02  -3.8934959e-01  -3.3163197e-01
  -3.6182449e-02  -4.3907739e-01  -3.2698639e-01
  -3.2121757e-02  -3.7431574e-01  -3.2500240e-01
  -1.3628608e-02  -3.8451430e-01  -3.2079191e-01
   8.5601778e-01   5.5574237e-01  -4.1154074e-01
   1.2977465e+00   3.9114271e+00   6.0843557e-02
   3.6618495e+00   3.4189269e+00  -1.9036231e-01
   2.6763996e+00   4.3319967e+00   1.5447200e-01
   6.7448213e-01   3.6677219e+00   1.9441933e-01
   9.3686256e-01   4.0212851e+00   2.2619670e-01
   8.6006898e-01   4.2798723e+00   3.3704042e-01
  -3.4282769e-03   4.2742791e+00   2.8229893e-01
   4.9802716e-01   7.4001275e-01  -3.9292771e-01
   5.4708495e-01   3.6743110e+00  -6.8439447e-03
   5.2774816e-02   9.6150891e-01  -1.6597720e-01
  -6.9598376e-02   1.5960767e-01  -3.2599141e-01
  -3.6933125e-02   7.1893811e-02  -3.1559697e-01
  -4.6574727e-02   1.1871872e-01  -2.8525966e-01
  -8.6728035e-02   1.5557610e-01  -2.8518063e-01
  -1.9377835e-02  -1.7232250e-01  -2.9746043e-01
   1.7377380e-02  -1.5857497e-01  -2.8407482e-01
  -3.9784047e-02  -5.1023980e-02  -2.4700853e-01
   1.0704916e-01  -2.8791819e-01  -2.6804217e-01
  -1.1832743e-01  -1.7449931e-01  -2.2634130e-01
   1.0972012e+00   7.3224339e-01  -2.6966924e-01
   1.2422640e+00   3.5267140e+00  -9.0577219e-03
  -6.4090504e-01   3.8720486e+00  -7.4980455e-02
  -3.0727679e-01   3.9162934e+00   2.5240252e-01
  -5.9142622e-02   2.0598966e-01  -4.3121728e-01
  -1.6170857e-03  -4.2962295e-01  -3.5387205e-01
   3.8842283e-03  -5.0207566e-01  -3.3319783e-01
  -2.5708554e-03  -5.8570608e-01  -3.4723234e-01
  -1.0229479e-02  -5.8858671e-01  -3.3638276e-01
   1.1667088e-02  -5.4195068e-01  -3.8636822e-01
  -1.5287133e-02  -5.5635023e-01  -3.8586494e-01
   1.3860147e-01  -6.9480021e-01  -3.6352448e-01
   4.1139824e-02  -3.9756027e-01  -3.6855352e-01
  -3.3213989e-03  -3.6603040e-01  -3.6188650e-01
  -3.3203412e-02  -4.4931787e-01  -3.7072308e-01
  -1.6197102e-02  -4.2078077e-01  -3.5583490e-01
   3.3978543e-01  -7.0224698e-01  -4.4190810e-01
   9.6574347e-02  -3.1543275e-01  -3.7651628e-01
  -3.5891523e-02  -3.0002568e-01  -3.7599612e-01
  -2.0360104e-03  -3.0802274e-01  -3.9515739e-01
  -9.0019758e-03  -2.9618783e-01  -3.7197739e-01
   5.4176166e-01  -7.8343710e-01  -4.5795017e-01
   3.4525560e-01  -7.9882869e-01  -4.4753907e-01
  -9.2751094e-02  -8.4453887e-01  -4.1417035e-01
  -2.5178209e-02  -7.3535204e-01  -4.5203894e-01
  -4.3316795e-02  -6.9637413e-01  -4.3751203e-01
  -9.5137451e-03  -6.2709839e-01  -4.1023092e-01
  -1.0572127e-02  -6.4522824e-01  -4.4515609e-01
  -3.4707393e-02  -5.9930259e-01  -4.0093278e-01
   6.9126186e-01   7.4108692e-01  -4.4365471e-01
  -8.2014637e-01   1.7255425e+00  -3.1092915e-01
  -1.9606043e-02  -6.3104527e-01  -4.2523937e-01
   7.5560080e-02  -6.9601442e-01  -4.3813293e-01
  -4.3786671e-02  -5.5831336e-01  -4.2315646e-01
  -3.9388772e-02  -6.5174223e-01  -3.9763363e-01
  -3.4282141e-02  -6.2635998e-01  -3.9849599e-01
  -1.2483529e-02  -7.2700528e-01  -4.4638361e-01
  -4.9257696e-03  -7.0019850e-01  -4.8277290e-01
  -3.1762937e-02  -7.1581807e-01  -4.3656684e-01
  -4.7930440e-02  -7.4494576e-01  -4.4119607e-01
  -3.0712970e-02  -7.9627608e-01  -4.4353811e-01
  -7.0564372e-02  -8.0754941e-01  -4.7786673e-01
  -1.0399390e-02  -7.5391105e-01  -4.9348140e-01
  -2.3237257e-02  -7.6066582e-01  -5.0011740e-01
  -3.7220172e-02  -7.2640263e-01  -4.3322754e-01
   3.2498522e-02  -8.3386014e-01  -4.2645054e-01
  -1.3245118e-02  -6.2991955e-01  -4.2971748e-01
  -3.9455698e-02  -7.2092371e-01  -4.2386384e-01
   2.6392777e-01  -8.7513965e-01  -4.6918708e-01
  -1.6882529e-02  -7.4477422e-01  -4.3586956e-01
  -1.6904766e-02  -7.2159070e-01  -4.5241100e-01
   9.9835185e-02  -1.2867466e-01  -3.3720961e-01
