   2.3034304e-01   1.5556487e-01  -3.5605152e-01
   2.2831967e-01   3.7427019e-02  -3.4559913e-01
   1.7378082e-01   9.2036149e-02  -3.0712909e-01
   1.9081281e-01   4.0570289e-02  -3.2338586e-01
   2.2073208e-01   2.7128426e-03  -4.9072923e-01
   2.2894550e-01  -6.2299570e-02  -4.6714287e-01
   2.9362481e-01  -6.0247715e-02  -4.7280706e-01
   2.4243198e-01  -3.6883319e-02  -4.4444427e-01
   2.1773932e-01  -1.2853187e-01  -4.5896934e-01
   2.3668140e-01  -3.9036043e-02  -4.4456778e-01
   2.3545046e-01  -4.2604309e-02  -4.4792689e-01
   3.0777349e-01  -1.3275563e-01  -4.5856457e-01
   4.0521814e-01  -2.0749120e-01  -4.5386275e-01
   2.1531420e-01  -2.5838826e-03  -4.1995758e-01
   2.1867034e-01   2.0712488e-03  -4.0363739e-01
   2.0549546e-01   5.5076789e-02  -3.4160559e-01
   1.8076633e-01   1.5600114e-02  -3.6489695e-01
   2.0668741e-01   8.9985702e-02  -4.1725115e-01
   1.9718134e-01   1.7219059e-01  -4.4968015e-01
   4.8913985e-01  -2.7378393e-01  -4.8696706e-01
   1.8939467e-01   3.4940992e-02  -4.1181936e-01
   1.9666260e-01   6.0238118e-02  -4.3801017e-01
   1.8265413e-01   4.1857006e-02  -4.7312662e-01
   1.8439072e-01   7.7296379e-02  -4.6432740e-01
   1.6989624e-01   9.8731683e-02  -4.4863294e-01
   1.5448394e-01   1.1577856e-01  -4.5992002e-01
   2.0846390e-01   8.9549438e-02  -4.2636178e-01
   2.6340793e-01   1.1204138e-01  -3.8800390e-01
   4.8242612e-01  -2.4322943e-01  -4.7235555e-01
   2.1342793e-01   3.5073856e-02  -4.1125125e-01
   2.2571306e-01   8.7145021e-02  -4.1616784e-01
   2.1160632e-01   6.9961306e-02  -4.3154858e-01
   2.0385184e-01   7.5478480e-02  -4.1554811e-01
   1.9168737e-01   6.7943994e-02  -3.8439574e-01
   2.1304701e-01   8.4307494e-02  -4.5777916e-01
   1.9155012e-01   1.8025531e-01  -4.2211699e-01
   2.1132802e-01   1.9181331e-01  -3.6675296e-01
   2.1389432e-01   1.7016142e-01  -3.9972957e-01
   2.3183046e-01   2.0527019e-01  -3.7236627e-01
   3.2069968e-01  -7.0118588e-02  -4.2131504e-01
   1.4372290e-01   1.9037338e-01  -3.3579615e-01
   4.7038135e-01   2.7360218e+00  -1.9794239e-01
  -2.1403430e-01   3.9023247e+00   3.1186589e-01
   9.3848125e-01   4.3132959e+00   4.7627158e-01
   1.5685372e+00   3.5538578e+00   2.8285860e-01
   2.7794019e+00   4.3429286e+00   5.1022504e-01
   3.7556954e+00   3.5365416e+00   2.7216136e-01
   4.2238739e+00   3.7640295e+00  -1.2132651e-01
   3.7784408e+00   4.3367787e+00   3.7485504e-01
  -8.7453758e-01   4.3116309e+00   3.2013835e-01
   7.3210985e-01   3.6018755e+00  -7.0281385e-02
  -1.3807797e-01   4.3126486e+00   5.4033563e-01
   2.1992885e-02   2.5063335e+00   5.8368316e-02
   2.0859616e-01   1.2914567e+00  -3.9657779e-01
   9.4373767e-02   1.1076093e+00  -3.2458119e-01
   6.7785187e-02   1.1603608e+00  -3.1828615e-01
   8.0273651e-02   1.0522202e+00  -3.2691558e-01
   6.1964991e-02   9.9405153e-01  -3.4223563e-01
   1.1924728e-01   9.5858473e-01  -2.9908063e-01
   1.0658978e-01   7.9259527e-01  -3.3245292e-01
   8.4776967e-02   8.7393964e-01  -3.2553932e-01
   1.1414327e-01   8.8744712e-01  -3.0392204e-01
   3.1853468e-01   5.8978610e-01  -3.5481504e-01
   4.2202724e-02   6.4086490e-01  -2.3566021e-01
   3.5766081e-02   6.2164956e-01  -2.3145957e-01
   7.2328967e-02   5.8240884e-01  -3.2255812e-01
   2.6672127e-02   5.8338379e-01  -3.2240443e-01
   9.8904468e-02   4.5322346e-01  -3.2556532e-01
   8.4536599e-02   3.4198938e-01  -3.6811358e-01
   1.0004215e-01   3.9329853e-01  -3.5370603e-01
   8.8992629e-02   3.4810364e-01  -3.4798178e-01
   9.3296978e-02   3.6299725e-01  -3.4934662e-01
   1.0168793e-01   4.4594849e-01  -3.3804352e-01
   9.3757680e-02   4.0086607e-01  -3.4884809e-01
   9.0435191e-02   4.8702814e-01  -3.8402044e-01
   7.7971249e-02   3.6817217e-01  -3.9596911e-01
   1.0867868e-01   3.7272203e-01  -3.6966922e-01
   8.6253715e-02   3.2628450e-01  -3.6744347e-01
   1.0484441e-01   4.0773610e-01  -3.7038531e-01
   7.2004497e-02   4.0799072e-01  -3.5001147e-01
   8.4642722e-02   4.4675732e-01  -3.6891534e-01
   9.2878068e-02   4.7417905e-01  -3.7367867e-01
   3.0133956e-01   3.1327839e-01  -4.0400598e-01
   3.2035114e-01   1.5851785e-01  -4.0269113e-01
   8.5819867e-02   4.3694298e-01  -3.5836167e-01
   8.6299701e-02   4.6034106e-01  -3.7723007e-01
   7.5015533e-02   4.3268730e-01  -3.6615352e-01
   7.8060197e-02   4.6144402e-01  -3.7488454e-01
   3.0388514e-01   1.4901975e-01  -4.4053401e-01
   4.9546295e-02   4.6388131e-01  -3.4973674e-01
   7.1881428e-02   4.6162923e-01  -3.6158330e-01
   7.0057348e-02   4.1224754e-01  -3.9517929e-01
   8.9240115e-02   3.8372974e-01  -4.1597500e-01
   6.9086136e-03   3.3190207e-01  -4.1840886e-01
   7.1046519e-02   4.9232322e-01  -4.0113436e-01
   3.3380309e-01   1.4036470e-01  -4.5848706e-01
   1.2742687e-01   2.8748458e-01  -4.1356846e-01
   5.3797905e-01  -2.1543381e-01  -4.7709657e-01
   1.6410303e-01   3.6774214e-01  -3.7290631e-01
   6.6970544e-02   2.4889186e-01  -3.8715093e-01
   1.9024815e-04   2.9620015e-01  -4.0482557e-01
   3.1536219e-02   2.5702198e-01  -3.8368031e-01
   7.8539819e-02   2.8987652e-01  -3.8297105e-01
   8.9810181e-02   3.0701723e-01  -3.9854710e-01
   7.8559180e-02   3.0445846e-01  -3.8993311e-01
   7.0068474e-02   3.0852394e-01  -3.5888169e-01
   2.2720748e-01   5.5001482e-02  -4.0989420e-01
   8.3277891e-02   1.8057151e-01  -4.2320878e-01
   9.6022813e-02   3.3620927e-01  -3.6293872e-01
   1.3190353e-01   1.5710105e-01  -3.8786961e-01
   3.6044661e-01  -2.2271053e-01  -4.6250357e-01
   6.4816044e-02   1.2156636e-01  -4.1244583e-01
   5.9017757e-02   1.7187915e-01  -4.0350675e-01
  -1.5239814e-02   9.0740009e-02  -4.6656034e-01
   5.5066543e-02   2.5487843e-01  -4.6196555e-01
   7.0197247e-02   2.4554251e-01  -3.9131170e-01
   5.6698508e-02   1.6539365e-01  -3.7378801e-01
   1.0847416e-01   7.6613660e-02  -4.3111639e-01
   4.2085937e-01  -2.6382791e-01  -5.1067075e-01
   6.1040115e-02   1.6305656e-01  -4.2419185e-01
   6.4101362e-02   1.8566881e-01  -4.2782876e-01
   4.9395615e-02   2.5816499e-01  -4.2412648e-01
   5.5617030e-02   2.8412808e-01  -4.3257083e-01
   3.7084371e-01  -1.9438231e-02  -4.8162126e-01
   4.7214078e-02   2.1366579e-01  -3.9357331e-01
   3.6781928e-02   2.0506274e-01  -3.9302123e-01
   4.6658706e-02   2.4074125e-01  -3.6091164e-01
   6.1682596e-02   2.8651058e-01  -3.5776053e-01
   3.2368283e-02   2.4840091e-01  -4.1321827e-01
   3.4927683e-01   1.0695766e-02  -4.6632452e-01
   1.6252397e-01   1.7404976e-01  -4.0057077e-01
   2.5470956e-01   3.9296039e-02  -4.6295034e-01
   6.4456813e-02   2.5787870e-01  -4.1902332e-01
   1.7210757e-02   1.1634770e-01  -3.8690415e-01
   2.9681043e-02   1.8220968e-01  -4.3249469e-01
   2.7137068e-01  -1.8967429e-01  -4.6285174e-01
   4.3789294e-02   1.4390512e-01  -3.6830022e-01
   3.2428863e-01  -1.9901741e-01  -4.6900688e-01
   4.5814068e-02  -1.6904837e-03  -4.5596301e-01
   5.4816568e-01  -1.0651492e+00  -4.2619679e-01
   8.4363462e-02  -5.5570509e-01  -4.4206225e-01
   6.8629545e-02   2.6677553e-01  -4.0556310e-01
   5.5026341e-02   2.0071670e-01  -4.8683101e-01
  -4.1996812e-03   1.3891894e-01  -4.7695917e-01
   7.0123764e-02   2.4016742e-01  -4.5718193e-01
   2.6755561e-01   3.8874782e-02  -4.9303819e-01
   5.8831625e-02   2.6334111e-01  -4.0211765e-01
   6.5653055e-02   2.0206065e-01  -4.6742918e-01
   6.0266626e-02   2.5390262e-01  -4.2800203e-01
   3.5517872e-02   2.5777069e-01  -4.1131267e-01
   6.5537876e-02   2.7730185e-01  -4.0610879e-01
   4.6002136e-01  -2.2155969e-01  -5.0524085e-01
   1.2482144e-01   1.4876689e-01  -4.4838735e-01
   2.5254916e-01   5.0136605e-01  -3.5257850e-01
