   2.6956067e-02   3.8115178e-01  -2.9178597e-01
   1.4070307e-02   3.2126828e-01  -2.5493209e-01
  -2.5525296e-03   3.7804126e-01  -2.4679178e-01
   1.0221272e-02   3.0238701e-01  -2.5506918e-01
   6.1454651e-02   2.5713736e-01  -4.1632744e-01
   6.0196367e-02   2.7442719e-01  -4.2635829e-01
   3.2410490e-02   2.4484461e-01  -4.3701231e-01
   2.4653982e-01  -1.8347529e-02  -4.3376737e-01
   2.0651105e-02   2.1501006e-01  -3.6443333e-01
   8.2683542e-03   1.5932082e-01  -3.7302478e-01
   4.9267894e-02   2.2409823e-01  -3.6688576e-01
   6.2041974e-02   1.9057853e-01  -3.9230075e-01
   6.2916887e-02   2.3809120e-01  -4.0089242e-01
   8.3895892e-02   1.9447388e-01  -3.9845740e-01
   4.8779069e-02   2.1606363e-01  -3.5579730e-01
   3.6889663e-02   2.2776718e-01  -3.3471960e-01
   4.0948480e-02   2.2487146e-01  -3.4543245e-01
   1.2474269e-02   3.9573112e-01  -2.7568909e-01
  -8.7727348e-04   3.7292350e-01  -2.9301252e-01
   5.7049853e-04   3.2824100e-01  -2.9227958e-01
   1.1303568e-02   2.9587994e-01  -3.1704812e-01
  -7.7888378e-03   2.5247358e-01  -3.4943032e-01
   4.7639660e-02   2.8781074e-01  -3.2882447e-01
   2.0518224e-02   3.0358261e-01  -3.1652247e-01
  -1.7311496e-02   3.8587185e-01  -3.0415191e-01
   2.3635276e-01  -9.4514051e-03  -3.9850288e-01
   2.7291828e-02   1.7601204e-01  -3.4028026e-01
   3.3103470e-01  -1.5550772e-01  -4.3753269e-01
  -1.1443472e-02   3.0866709e-01  -3.4801327e-01
   2.0115831e-01   7.4695293e-02  -3.6313562e-01
   1.0358868e-03   2.0528474e-01  -3.2173672e-01
   2.7136611e-02   2.7944968e-01  -3.0803455e-01
   2.5349429e-02   2.8648132e-01  -3.0143748e-01
   6.2116131e-03   3.4110685e-01  -3.7048074e-01
   4.3294009e-03   3.8532421e-01  -3.8169587e-01
   3.2034511e-02   3.8062924e-01  -3.6116005e-01
  -2.3981344e-03   3.4663004e-01  -3.7919466e-01
   3.6264888e-02   2.5970545e-01  -3.5702912e-01
   1.9838615e-02   3.5557457e-01  -3.6720405e-01
   2.4947005e-02   3.2099015e-01  -3.4962403e-01
   3.4592618e-02   3.7158675e-01  -3.1088830e-01
   2.2052776e-02   3.5284858e-01  -3.2078079e-01
   3.4777468e-02   4.1711007e-01  -2.7584600e-01
  -1.2215515e-02   3.2187995e-01  -2.9666034e-01
   2.3777273e-02   2.6237671e-01  -3.3753318e-01
   2.0190664e-02   2.9295116e-01  -3.4308996e-01
   1.2112869e-02   2.3676575e-01  -3.4422449e-01
   3.0527522e-02   2.5972858e-01  -3.3169776e-01
   1.7749704e-01   6.4433402e-02  -3.8937191e-01
  -9.4732644e-03   3.8325104e-01  -3.4792008e-01
   1.7868185e-01   9.8413656e-02  -3.4965747e-01
  -9.7677891e-03   3.3380190e-01  -2.7260297e-01
   2.2687054e-01   7.1682424e-02  -3.4676102e-01
  -2.3069251e-02   3.6894316e-01  -3.1646328e-01
   3.8072297e-01  -6.5869897e-03  -3.9238663e-01
   4.8571192e-02   4.1241002e-01  -3.9449523e-01
   1.8988031e-01   3.3020893e-01  -4.2308943e-01
   4.8031662e-01  -1.2624080e-01  -5.3286384e-01
   2.5161020e-01   2.1254767e-01  -4.5173619e-01
  -9.1019533e-03   4.2891689e-01  -4.1389778e-01
   4.3537765e-02   5.5046962e-01  -4.0980395e-01
   2.0003168e-02   5.4516430e-01  -3.9834152e-01
  -6.4789430e-03   5.4651975e-01  -3.7125937e-01
  -1.6481141e-02   4.9270304e-01  -2.9019784e-01
   1.5503698e-02   6.0015084e-01  -2.9381060e-01
   4.1824344e-03   4.4363401e-01  -2.9463730e-01
   1.0682719e+00   2.1714468e+00  -2.1198178e-01
  -1.8319904e-01   3.0688290e+00  -1.2459656e-01
   1.5288498e+00   4.3198434e+00   1.9379278e-01
   6.2981549e-01   4.3092002e+00   3.3411223e-01
   6.0704259e-01   3.2534067e+00  -1.2402941e-01
   6.2076562e-01   2.3314860e+00  -2.8545007e-01
  -8.1055661e-02   9.0507918e-01  -2.9872628e-01
  -1.0799491e-01   1.0767080e+00  -2.7947521e-01
  -1.9264288e-01   1.1586122e+00  -2.6768361e-01
  -9.5465964e-02   8.6692895e-01  -2.7609033e-01
  -1.4541581e-01   9.3291697e-01  -3.0003244e-01
   1.4314179e-01   6.8794173e-01  -3.5683583e-01
   1.2999682e+00   1.8472757e+00  -2.9177752e-01
   1.4802719e-01   1.2902847e+00  -3.6233860e-01
   4.2338604e-01   8.4969941e-01  -3.6906745e-01
  -4.5889739e-02   1.2933058e+00  -2.4655011e-01
   7.2674951e-02   7.8644127e-01  -2.6595520e-01
   7.5483896e-02   8.0867943e-01  -2.6189849e-01
   5.3055592e-02   8.6620695e-01  -2.5049810e-01
   1.0064152e-01   7.8278973e-01  -2.3341417e-01
  -6.4497388e-04   7.6812874e-01  -2.5424533e-01
   4.6240372e-02   7.9709113e-01  -2.5791098e-01
   8.0782413e-02   7.0520101e-01  -3.1460502e-01
   2.5718354e-03   9.7637544e-01  -2.5955258e-01
  -5.6066767e-03   9.2233042e-01  -3.0208769e-01
   2.7463366e-02   8.7527026e-01  -3.6719364e-01
   1.3614713e-02   8.6357358e-01  -2.6352388e-01
   1.4241979e-01   6.4054590e-01  -3.0154321e-01
  -3.7378610e-02   7.5461244e-01  -2.1416630e-01
  -2.5186725e-03   1.0394493e+00  -2.6201166e-01
  -2.9051717e-02   1.1084666e+00  -2.0048386e-01
   1.3192370e-02   9.9997381e-01  -2.7424575e-01
   1.8994523e-01   9.3581397e-01  -3.0147986e-01
   2.1357371e-01   1.0012820e+00  -2.8249118e-01
   9.5638688e-02   1.5186030e+00  -2.3867810e-01
   4.9614996e-02   1.1239074e+00  -2.5615631e-01
   9.2672724e-03   9.4973690e-01  -3.0857704e-01
   7.3779287e-02   8.7379658e-01  -3.0776283e-01
   5.2145704e-02   7.6243355e-01  -3.0265112e-01
   5.5430655e-02   7.7909626e-01  -2.8128196e-01
   3.3590873e-02   7.7185536e-01  -2.6408027e-01
   3.1252460e-02   7.2113597e-01  -3.1171197e-01
   4.5756346e-02   6.7858130e-01  -3.2088325e-01
   5.5633683e-02   6.5447429e-01  -3.1728412e-01
   6.7686232e-02   8.7902119e-01  -2.7978490e-01
   7.0902709e-02   7.7148467e-01  -2.8811452e-01
   2.3473133e-01   3.4087543e-01  -3.5955769e-01
   5.9899062e-02   4.9825710e-01  -3.1725043e-01
   7.7876859e-02   5.7941228e-01  -2.9922602e-01
   8.1822813e-03   5.4243674e-01  -2.2580571e-01
   2.1986294e-02   5.8523330e-01  -2.5219017e-01
   5.3768268e-02   6.6464002e-01  -2.5614309e-01
   6.9319976e-02   6.2095816e-01  -2.8451545e-01
   6.1100285e-02   5.6601023e-01  -3.1741304e-01
   6.0630985e-02   6.0228090e-01  -2.7784936e-01
   6.7350993e-02   6.0219732e-01  -3.1856981e-01
   3.2624999e-01   2.0907168e-01  -3.5562439e-01
   5.6189877e-02   4.5005768e-01  -3.0447230e-01
   7.3779287e-02   5.7044676e-01  -3.0092933e-01
   4.6202455e-02   5.6325537e-01  -3.2075336e-01
   3.2939056e-01   2.4497879e-01  -3.6820060e-01
   3.5787677e-02   4.7628634e-01  -2.8849813e-01
   7.5672972e-02   5.0490817e-01  -2.9420788e-01
   2.3504230e-02   5.7558866e-01  -2.6689631e-01
   1.8144475e-02   5.8612027e-01  -2.7677382e-01
   2.0850830e-02   5.3996393e-01  -2.8188528e-01
   3.4659494e-02   5.5492966e-01  -2.8758150e-01
   6.2882208e-02   5.2164924e-01  -3.3526684e-01
   6.8912581e-02   5.2015380e-01  -3.6428132e-01
   1.9755147e-01   2.9227976e-01  -3.9098431e-01
   4.0460855e-02   5.5037467e-01  -2.9271736e-01
   1.0475053e-02   5.1826888e-01  -3.2037768e-01
   8.9029711e-02   6.0425434e-01  -3.5531690e-01
   6.8920487e-02   5.7505066e-01  -3.0904950e-01
   6.2396571e-02   5.4597760e-01  -3.2450063e-01
   4.1332726e-02   5.3590828e-01  -2.8858524e-01
   8.2717022e-02   5.0409246e-01  -3.1590437e-01
   8.4486584e-02   4.9146184e-01  -3.1977004e-01
   8.5268833e-02   4.2917499e-01  -3.5030495e-01
   8.9971759e-02   4.5876343e-01  -3.4674342e-01
   7.3343038e-02   4.0257045e-01  -3.5257441e-01
   9.9186547e-02   4.0894954e-01  -3.9249496e-01
   2.7195765e-01   1.6827080e-01  -4.4679148e-01
   8.2799823e-02   3.4389198e-01  -3.8880361e-01
   3.7613049e-01   5.9809035e-02  -4.5424909e-01
   4.0439176e-01  -4.2333059e-02  -4.3182107e-01
   2.6206722e-02   3.1194246e-01  -3.8669941e-01
   9.9907922e-02   6.1459284e-01  -3.1528503e-01
