  -3.5738328e-02  -2.5658762e-02  -2.3642200e-01
   5.8695523e-02   1.1554382e-01  -2.0108489e-01
   2.2604105e-02  -8.3321341e-02  -2.2708307e-01
   3.0768910e-02  -1.1395055e-01  -2.3686942e-01
   6.1446236e-02  -1.9848479e-01  -4.0863698e-01
   4.9436785e-02  -3.3444480e-01  -3.7294117e-01
   2.2630254e-02  -3.6348746e-01  -4.0958435e-01
   1.0156434e-02  -5.7498093e-01  -3.8894739e-01
   6.0198434e-03  -6.5549922e-01  -4.2707424e-01
   2.7689025e-02  -6.1278370e-01  -3.9967022e-01
   2.2536079e-02  -6.1770947e-01  -4.0647499e-01
  -5.9396111e-03  -6.8101752e-01  -4.2192917e-01
  -5.1025499e-03  -7.2982435e-01  -4.2674824e-01
  -2.2546768e-02  -6.6705267e-01  -4.0373860e-01
   2.2435688e-01  -6.5353222e-01  -3.7372982e-01
  -1.1745613e-02  -5.8474553e-01  -3.3014280e-01
  -4.3443054e-02  -5.4984988e-01  -3.5324118e-01
  -2.4945729e-02  -5.7638574e-01  -3.6500787e-01
   2.0130551e-01  -7.9284368e-01  -4.1135465e-01
  -5.0636290e-02  -5.8736938e-01  -3.5449548e-01
  -4.7128621e-02  -6.8285400e-01  -3.7959005e-01
  -5.4583329e-02  -7.4108712e-01  -4.0604923e-01
  -3.5583850e-02  -6.2281035e-01  -4.1384885e-01
  -1.5595315e-02  -7.0212397e-01  -3.9655105e-01
  -2.4744522e-02  -6.4374171e-01  -4.0450761e-01
  -3.1742606e-02  -6.7717324e-01  -3.7747700e-01
  -1.1213523e-02  -6.9146060e-01  -3.6426557e-01
  -4.2188991e-02  -6.3163187e-01  -3.6947373e-01
  -2.4680969e-02  -7.0966520e-01  -3.6994176e-01
   2.8208187e-03  -6.6960427e-01  -4.0108302e-01
  -2.3338122e-02  -6.9103371e-01  -3.9616400e-01
  -3.2738960e-02  -6.6537853e-01  -4.1539287e-01
  -1.5715755e-02  -6.9261908e-01  -4.2427037e-01
  -7.6893971e-02  -6.2171325e-01  -4.1875989e-01
  -5.1853683e-02  -6.8372766e-01  -4.2574163e-01
   2.2102719e-01  -8.2820975e-01  -4.6261924e-01
  -4.0098672e-02  -6.3458412e-01  -3.3960074e-01
  -5.8622867e-02  -6.7821795e-01  -3.9723159e-01
   1.4675913e-01  -8.2276975e-01  -4.3194314e-01
  -6.1877906e-02  -6.8732273e-01  -3.8138554e-01
  -4.1385425e-02  -7.3356192e-01  -3.6907517e-01
  -2.0292619e-02  -6.8568638e-01  -3.8395388e-01
  -2.8085637e-02  -5.6592852e-01  -3.4518265e-01
   3.0620274e-01  -7.4419827e-01  -4.1010511e-01
  -5.9790513e-02  -6.4805163e-01  -3.4935457e-01
  -7.1625994e-02  -6.2388055e-01  -3.6217902e-01
  -9.3203122e-02  -6.1657277e-01  -3.2537944e-01
  -9.5706530e-02  -6.4613273e-01  -3.1650069e-01
  -7.2162499e-02  -6.3029841e-01  -3.1132452e-01
  -7.4333944e-02  -5.5630730e-01  -3.3046112e-01
  -8.1565753e-02  -5.8977773e-01  -3.3960201e-01
  -7.2316829e-02  -5.8286418e-01  -3.4300226e-01
  -5.0154038e-02  -5.9271730e-01  -3.7667808e-01
  -6.4215071e-02  -5.6377228e-01  -3.9164303e-01
  -4.2147425e-02  -5.5809095e-01  -3.7579365e-01
  -7.8899814e-02  -5.8055126e-01  -3.2860646e-01
  -8.4033120e-02  -5.4088922e-01  -3.4491529e-01
  -5.6216560e-02  -5.3463368e-01  -3.5142657e-01
  -6.5184339e-02  -5.0987907e-01  -3.3370852e-01
  -1.9848812e-02  -5.4042395e-01  -3.1213479e-01
   1.1383704e-01  -3.8272829e-01  -3.6542226e-01
  -7.5124754e-02  -2.8393815e-01  -2.9494672e-01
  -2.6772653e-02  -3.7203807e-01  -3.5614046e-01
  -5.0917337e-02  -4.4093362e-01  -3.1315853e-01
  -7.1490172e-02  -4.6667536e-01  -2.9769020e-01
  -6.3845480e-02  -5.1675161e-01  -3.5312170e-01
  -6.2624293e-02  -5.1693962e-01  -3.5152331e-01
  -3.5449704e-02  -4.5817568e-01  -3.9778766e-01
  -3.0268060e-02  -5.2307503e-01  -3.5455253e-01
  -4.6296737e-02  -4.8533339e-01  -3.9475155e-01
   1.1558860e-01  -6.4605276e-01  -4.6336264e-01
  -4.0778774e-02  -5.0831920e-01  -4.1403237e-01
   1.0785919e-01  -6.2673683e-01  -4.2646796e-01
  -8.1878029e-02  -4.8076001e-01  -3.8092100e-01
  -9.3309197e-02  -4.4199458e-01  -4.2742341e-01
  -2.4135655e-02  -4.6431015e-01  -4.1618519e-01
  -1.7135011e-02  -4.3318443e-01  -4.2003760e-01
  -4.1466649e-02  -4.9200072e-01  -4.1507480e-01
   4.5932355e-01  -9.2938917e-01  -5.2843282e-01
  -6.4394333e-02  -5.4426671e-01  -4.4696096e-01
   2.7871370e-02  -8.2183218e-01  -4.9170179e-01
  -4.6664728e-02  -5.7126596e-01  -3.9961220e-01
  -4.2103263e-02  -5.1012482e-01  -3.9377841e-01
  -3.8590565e-02  -5.2791815e-01  -4.2909346e-01
  -4.6445199e-02  -5.1361377e-01  -3.3445550e-01
  -8.4646756e-02  -4.8986147e-01  -3.6105866e-01
  -7.0575140e-02  -6.0480364e-01  -3.3892487e-01
  -5.4960739e-02  -4.6022580e-01  -3.9824191e-01
  -6.8976704e-02  -4.5621210e-01  -3.3215881e-01
  -5.3481278e-02  -4.4786348e-01  -3.3426100e-01
  -5.8701627e-02  -5.1706788e-01  -3.7088860e-01
  -6.2687865e-02  -4.2840079e-01  -3.7121289e-01
  -7.3941332e-02  -5.2482030e-01  -3.6070792e-01
  -7.2113373e-02  -5.1084887e-01  -3.3857634e-01
   1.7748285e-01  -6.9160639e-01  -4.1067240e-01
  -9.9416406e-02  -5.2631640e-01  -3.2410750e-01
  -8.2710257e-02  -4.6920587e-01  -3.5994737e-01
  -5.4919107e-02  -4.5352554e-01  -3.4586725e-01
  -8.3662449e-02  -4.5035063e-01  -3.0730871e-01
  -8.1541495e-02  -5.0845236e-01  -3.2281270e-01
  -5.4150154e-02  -4.8025409e-01  -3.5570888e-01
  -9.1255134e-02  -4.6337745e-01  -3.6922447e-01
   1.1107965e-01  -6.5931418e-01  -4.0365190e-01
  -9.6103716e-03  -2.9732121e-01  -2.9045320e-01
   5.5289653e-02  -3.1743165e-01  -3.7808178e-01
  -6.9042079e-02  -1.0302926e-01  -3.4681834e-01
   1.5719949e-01  -5.0414955e-01  -4.0264098e-01
   9.8795338e-02  -3.3221881e-01  -3.3311928e-01
  -6.5910888e-02  -2.5702473e-01  -3.2420716e-01
  -2.5165522e-02  -2.4426828e-01  -3.5286665e-01
  -5.4744331e-02  -2.9941544e-01  -3.7094050e-01
  -6.8608285e-02  -3.1872539e-01  -3.6709540e-01
  -4.3983815e-02  -2.8847267e-01  -3.7287375e-01
  -7.2096067e-02  -2.6245490e-01  -3.8689755e-01
  -5.1408480e-02  -2.2513392e-01  -3.6358838e-01
  -2.8633154e-02  -2.9623814e-01  -4.0403757e-01
  -4.8186903e-02  -3.2236819e-01  -3.4812206e-01
  -2.7107724e-02  -2.5972691e-01  -3.9446103e-01
  -3.7085974e-02  -2.2758254e-01  -3.5939014e-01
   4.5245174e-01   9.7564179e-02  -3.3512014e-01
   1.5451181e+00   3.1393370e+00  -1.3595965e-01
   8.3557584e-01   3.9331159e+00   2.7010218e-02
   1.2567143e+00   3.8744958e+00   2.0816244e-01
   4.6771149e-01   4.2952380e+00   3.2749707e-01
   4.6988351e-01   4.2899361e+00   3.3776232e-01
   7.8790629e-01   4.3039382e+00   2.0866451e-01
   4.2856331e-01   3.7015969e+00   1.1038752e-01
  -7.5840246e-01   4.2862660e+00   2.7903785e-01
  -2.1748387e-01   1.1615892e+00  -1.3129381e-01
  -4.1969297e-02  -5.1010152e-01  -3.8217864e-01
  -6.2642604e-03  -4.2784499e-01  -3.2979867e-01
  -7.7953736e-02  -5.2176684e-01  -3.1947591e-01
  -6.7247178e-02  -5.5865318e-01  -2.9426397e-01
  -6.0808300e-02  -5.8669000e-01  -3.3629419e-01
  -1.9767160e-02  -6.0874147e-01  -3.4001909e-01
  -4.8015103e-02  -5.7772160e-01  -3.0938827e-01
  -1.0864972e-01  -5.2908347e-01  -3.1161715e-01
  -1.1576257e-01  -5.2914353e-01  -3.4286314e-01
  -6.6037572e-02  -5.5987087e-01  -3.3992824e-01
  -8.3449692e-02  -5.2590762e-01  -3.3858302e-01
  -1.1253481e-01  -6.8467394e-01  -3.1780582e-01
  -1.0082536e-01  -5.7125906e-01  -3.4631784e-01
  -8.1462753e-02  -5.4495524e-01  -3.5298046e-01
  -8.4412173e-02  -5.3409314e-01  -3.2196134e-01
  -7.4796325e-02  -5.0454881e-01  -3.9535019e-01
   1.5571805e-01  -7.9698804e-01  -4.1094033e-01
  -4.8713738e-02  -5.6815477e-01  -3.6304441e-01
   1.4566597e-01  -7.7780279e-01  -4.3572333e-01
   1.0253603e-02  -4.0254312e-01  -3.7692470e-01
  -3.6768950e-02  -5.1306341e-01  -3.8273839e-01
  -4.1766022e-02  -3.5782224e-01  -3.3838715e-01
  -4.5273861e-02  -4.0831207e-01  -3.5542285e-01
   1.4028512e-01  -5.1438567e-01  -3.7382034e-01
   1.6126686e-02  -2.7318185e-01  -3.3803490e-01
