   1.9908018e-01   1.9411452e-01  -2.5928122e-01
  -7.1779963e-02   4.0626987e-01  -1.8116741e-01
  -1.6435743e-02   4.3215440e-01  -1.9076680e-01
   1.5955372e-01   2.5939984e-01  -2.1096353e-01
  -7.8455891e-03   4.2538573e-01  -3.1245872e-01
  -1.0297358e-02   4.0414080e-01  -3.0753245e-01
   1.2326695e-02   4.5675897e-01  -3.1756609e-01
   4.7207799e-03   5.7620700e-01  -3.1207036e-01
   1.8941351e-02   4.4754189e-01  -3.2709307e-01
   1.1839809e-02   4.8206423e-01  -3.4657214e-01
   2.5199208e-02   4.3311338e-01  -3.3197649e-01
   2.0265062e-01   2.4717616e-01  -3.5050073e-01
  -2.4165009e-02   3.6317663e-01  -3.2227066e-01
   5.3902151e-03   3.2591002e-01  -3.1733264e-01
  -1.7738240e-02   4.1493702e-01  -2.6077456e-01
   5.4187963e-03   4.4123561e-01  -2.4888195e-01
  -5.1578538e-02   4.1246945e-01  -2.4575154e-01
  -1.5612293e-02   4.1107716e-01  -2.4782996e-01
  -1.0075725e-02   4.3268126e-01  -2.9027581e-01
  -9.9143612e-03   4.4188257e-01  -2.8656347e-01
  -2.1481500e-03   5.0118061e-01  -2.9468794e-01
   4.4023744e-03   5.2455188e-01  -2.7484452e-01
  -4.4086290e-02   4.2757724e-01  -2.7193973e-01
  -8.3420797e-02   4.8108001e-01  -2.9187882e-01
  -1.6625674e-02   4.6030081e-01  -3.7480156e-01
   1.5938371e-01   2.4050486e-01  -3.4465302e-01
   1.1437880e+00   2.4795732e+00  -2.1272265e-01
   8.7750597e-01   4.3368564e+00   2.3274512e-01
   2.8551933e+00   4.1819771e+00   2.7679352e-01
   2.6769657e+00   3.2335919e+00   1.7797079e-01
  -7.9074638e-02   5.2642191e-01  -2.3189519e-01
   2.6516958e-03   7.8464329e-01  -2.1491862e-01
  -1.9161955e-02   8.2150796e-01  -1.1003925e-01
  -3.3990755e-02   8.9881035e-01  -1.0472420e-01
   6.1407595e-03   8.2891325e-01  -2.0447718e-01
  -2.0936662e-02   7.4751863e-01  -2.0527572e-01
   8.2007877e-03   8.3663101e-01  -2.5294558e-01
   1.0573600e-02   7.8300091e-01  -2.2850784e-01
   2.0704472e-02   8.5361221e-01  -2.9646088e-01
   8.9405505e-03   8.4987217e-01  -2.6429018e-01
  -1.4449529e-02   8.4480318e-01  -2.2495405e-01
  -5.4728603e-02   8.9690037e-01  -2.2582408e-01
  -4.0457032e-02   8.5968526e-01  -2.4956729e-01
  -2.9402698e-02   8.6130114e-01  -2.3243288e-01
  -2.2630951e-02   8.9299007e-01  -2.4477491e-01
  -3.9139083e-02   8.3760202e-01  -2.0431265e-01
   1.5749892e-01   5.7837537e-01  -2.6189854e-01
  -2.8149358e-02   6.7383400e-01  -2.6153771e-01
  -2.5449856e-02   8.0074977e-01  -2.5393732e-01
  -1.3798962e-02   8.3623215e-01  -2.5343618e-01
  -1.4314281e-02   8.2118683e-01  -2.3673071e-01
  -1.7363547e-02   7.9720360e-01  -2.3874838e-01
   2.6368501e-02   8.6554160e-01  -2.0231902e-01
  -4.4080325e-02   7.6689259e-01  -2.4523852e-01
  -2.0654794e-03   8.2527098e-01  -3.0458454e-01
  -1.8637318e-02   7.8552421e-01  -2.6992351e-01
  -3.5112300e-03   8.4934599e-01  -2.8662538e-01
  -4.6919479e-02   8.1936781e-01  -2.5092653e-01
  -6.6452536e-02   7.7965893e-01  -2.3021563e-01
  -2.9842545e-02   8.1984703e-01  -2.6891047e-01
   1.9900529e-01   5.5668401e-01  -3.6165976e-01
  -3.3701852e-02   7.7894350e-01  -2.9807826e-01
  -2.3405244e-02   7.7414530e-01  -3.0280474e-01
  -3.0324714e-02   8.4779022e-01  -2.8350005e-01
  -1.6624721e-02   8.2610107e-01  -2.7885135e-01
   2.6916432e-01   5.2472564e-01  -3.5421294e-01
   1.6659427e-02   8.5265894e-01  -2.6705773e-01
  -5.9959850e-03   7.3371100e-01  -2.6026213e-01
   1.4081653e-01   5.2915687e-01  -3.1414430e-01
  -5.8500211e-03   8.0735365e-01  -2.7558650e-01
   5.6804335e-03   8.2685291e-01  -2.9375925e-01
   1.9198203e-01   5.6565430e-01  -3.1917932e-01
  -4.2823682e-03   8.0233378e-01  -3.1999514e-01
  -4.0248401e-03   7.4417397e-01  -2.9219867e-01
  -1.5679235e-02   7.6080554e-01  -3.3160589e-01
   1.0317451e-03   8.1338880e-01  -3.0642161e-01
   6.2073891e-03   7.9862024e-01  -3.1504710e-01
   1.9436081e-01   6.0960973e-01  -3.4839323e-01
  -1.0488437e-02   7.5165020e-01  -3.1099080e-01
   4.6883362e-03   7.4970233e-01  -3.2062291e-01
  -1.5815732e-02   7.5601320e-01  -3.2692651e-01
  -1.2451605e-01   7.5394467e-01  -3.3820411e-01
   2.8007332e-02   8.1733261e-01  -3.1298692e-01
   3.8005387e-03   7.8916673e-01  -3.1105917e-01
   4.9525061e-01   2.7103732e-01  -3.1811414e-01
  -2.3055036e-02   6.4871026e-01  -1.7527368e-01
  -3.8691791e-02   6.8801669e-01  -1.6416902e-01
   8.2965740e-03   7.6839790e-01  -2.1779566e-01
   4.8377678e-03   7.6162785e-01  -2.5416574e-01
   1.0194696e-02   7.1880502e-01  -2.6434182e-01
   2.4680866e-01   5.5033029e-01  -3.3725256e-01
   1.6922954e-02   7.5040066e-01  -2.5457324e-01
  -1.2410949e-02   6.6002270e-01  -2.2308310e-01
   2.3229360e-03   5.9595833e-01  -2.4707023e-01
   1.7288184e-02   6.1783878e-01  -3.2003022e-01
   2.4735378e-01   4.4221344e-01  -3.4029277e-01
   1.3213553e-03   6.3642770e-01  -2.8382204e-01
   1.0071051e-02   6.5383591e-01  -2.5783388e-01
  -3.0393694e-02   5.8271979e-01  -2.6316136e-01
  -2.8186289e-02   6.1257707e-01  -2.6491692e-01
  -2.0230724e-02   5.2465210e-01  -3.0871788e-01
  -1.0482225e-02   5.6161709e-01  -3.0466248e-01
  -2.5296891e-02   5.7692337e-01  -2.5905251e-01
   2.2622431e-01   2.7560589e-01  -3.5215160e-01
  -1.0685269e-02   5.7586180e-01  -3.1251440e-01
  -3.4700919e-03   5.6587504e-01  -3.1107276e-01
  -1.3807969e-02   5.6505770e-01  -2.7322570e-01
  -4.7783099e-02   5.1695895e-01  -2.6934478e-01
  -1.3311895e-02   5.7670642e-01  -2.8658017e-01
   2.1381854e-01   2.9895034e-01  -3.3699495e-01
  -3.0751856e-02   6.0149580e-01  -2.4599431e-01
   1.8993105e-03   5.9517087e-01  -2.6291686e-01
  -3.1482777e-02   5.3577607e-01  -2.7400381e-01
  -3.0000079e-02   5.0872419e-01  -2.5286312e-01
   2.3162932e-01   2.9980070e-01  -3.6612392e-01
  -2.8444342e-02   5.8693123e-01  -2.9472022e-01
  -2.5661464e-02   5.2531327e-01  -3.2625706e-01
  -2.6464585e-02   5.5509014e-01  -2.8985075e-01
  -1.3826639e-02   5.7762850e-01  -3.1484522e-01
   1.9407188e-01   2.5845042e-01  -3.3381733e-01
  -2.3630280e-02   5.0573351e-01  -2.6159430e-01
  -3.0041908e-02   5.0742935e-01  -2.7882219e-01
  -2.0486477e-02   5.1727976e-01  -3.1156226e-01
   1.9104507e-02   5.2338535e-01  -3.0107835e-01
  -2.6926769e-02   5.3401293e-01  -3.3866133e-01
  -1.4620031e-02   5.0956998e-01  -3.0206647e-01
  -2.5457926e-02   4.8184871e-01  -2.9694224e-01
   1.9040868e-01   1.6834164e-01  -3.6254887e-01
  -1.6643293e-02   5.2766030e-01  -2.9853313e-01
  -3.3106886e-02   5.3487609e-01  -2.6975458e-01
  -4.2033248e-02   4.8382294e-01  -2.7370369e-01
  -4.8267142e-02   5.3868302e-01  -2.7876781e-01
  -1.8678752e-03   5.3013322e-01  -2.8274346e-01
  -1.5044544e-02   5.5922719e-01  -2.6981554e-01
  -9.6237710e-02   4.5304209e-01  -2.8964178e-01
   2.8068937e-01   1.5455853e-01  -3.3913875e-01
  -1.7189889e-02   5.0620647e-01  -2.7592868e-01
   1.5111596e-02   5.6735713e-01  -2.8914524e-01
  -4.0084339e-02   3.7442528e-01  -2.8323855e-01
   2.2617436e-02   3.5490169e-01  -2.8258685e-01
   2.4443221e-01   1.3924592e-01  -3.6174537e-01
  -3.2572026e-03   4.0691789e-01  -2.9838994e-01
  -2.1948764e-03   4.0968343e-01  -2.5201540e-01
  -1.7878521e-02   4.6463019e-01  -3.0127313e-01
  -1.7505040e-02   4.9862170e-01  -3.3409607e-01
  -1.6975817e-02   4.4528555e-01  -3.4045651e-01
   8.8049739e-03   5.3488045e-01  -3.2319295e-01
   9.7423410e-03   5.7068249e-01  -3.1074398e-01
  -1.7411145e-02   5.1649462e-01  -3.0322309e-01
  -1.4933999e-02   5.4191172e-01  -3.3254187e-01
  -1.8525571e-02   4.4861409e-01  -3.0219743e-01
  -2.2793153e-02   5.8222292e-01  -3.3355437e-01
  -1.8089077e-02   4.8316345e-01  -3.0346232e-01
   6.5238149e-02   6.6800662e-01  -2.7251243e-01
