  -6.8514554e-02   4.3497712e-01  -2.5704024e-01
  -1.0991007e-01   4.6838692e-01  -2.4665827e-01
   1.5940062e-01   1.9827174e-01  -2.9565750e-01
  -8.8669892e-02   4.0344232e-01  -2.4499865e-01
  -7.7249984e-02   3.7148217e-01  -4.3337768e-01
  -6.9930770e-02   3.5679033e-01  -4.3057907e-01
  -6.7485509e-02   3.3549377e-01  -4.1059602e-01
  -5.0872386e-02   3.2736943e-01  -3.8945041e-01
  -6.0804946e-02   3.5167364e-01  -4.0179769e-01
  -6.7298555e-02   4.0334088e-01  -3.8556088e-01
  -7.2387123e-02   4.7462021e-01  -3.8881947e-01
  -6.4989808e-02   4.5177538e-01  -3.8244163e-01
   1.3025688e-01   2.1786517e-01  -3.8294858e-01
  -6.4688529e-02   4.6428991e-01  -3.1680813e-01
  -8.8473241e-02   7.6338181e-01  -3.2405848e-01
  -6.9445889e-02   4.5413984e-01  -3.0545219e-01
  -6.6063491e-02   4.7564549e-01  -3.2298837e-01
  -5.1520389e-02   4.9194531e-01  -3.3095271e-01
  -6.3556220e-02   5.1502137e-01  -3.2853521e-01
  -5.7148273e-02   4.7802243e-01  -3.1403521e-01
   4.1471924e-01   9.8559964e-01  -3.5477655e-01
  -6.3467057e-02   4.3105797e-01  -3.3479844e-01
  -5.7621731e-02   4.5637343e-01  -3.1188712e-01
   2.0575803e-01   1.2245105e-01  -4.1539920e-01
  -4.9812771e-02   4.4193426e-01  -3.4586872e-01
  -6.6737085e-02   4.8078597e-01  -3.2521546e-01
   7.7620231e-02   3.3414008e-01  -3.4685132e-01
  -6.5648922e-02   4.0687511e-01  -3.1983422e-01
  -6.5582605e-02   4.6587413e-01  -3.4903637e-01
  -5.6561443e-02   4.7156360e-01  -3.4760819e-01
   7.5856956e-02   1.2775740e-01  -4.0013621e-01
  -8.9185442e-02   3.5689500e-01  -3.5364254e-01
  -7.3241196e-02   4.5902305e-01  -3.4036126e-01
  -9.1017017e-02   4.1122656e-01  -3.2469554e-01
  -1.6883218e-02   3.6668278e-01  -3.3144773e-01
  -8.8025604e-02   4.3672401e-01  -3.3751173e-01
  -8.1112823e-02   5.0876891e-01  -3.5010666e-01
   1.6829872e-01   1.3552646e-01  -3.7393877e-01
  -8.1490200e-02   4.8912941e-01  -3.3093808e-01
  -9.2765920e-02   4.5119757e-01  -3.1944828e-01
  -9.0303551e-02   4.7775971e-01  -3.2367003e-01
  -9.3066328e-02   4.2717753e-01  -3.1307329e-01
   1.5345021e-01   1.1354784e-01  -3.7544941e-01
  -1.0953030e-01   4.2197127e-01  -3.0870151e-01
  -8.2113204e-02   4.8585968e-01  -3.2624523e-01
  -8.7194821e-02   4.8400652e-01  -3.0100881e-01
  -9.2303983e-02   4.2956422e-01  -3.1644124e-01
  -7.6626485e-02   5.2227622e-01  -3.2229212e-01
   1.8777238e-02   6.6251231e-01  -3.1106554e-01
  -1.0909952e-01   4.8193206e-01  -3.0671901e-01
  -9.6175632e-02   4.2868754e-01  -3.1285052e-01
  -9.1553258e-02   4.7931826e-01  -2.9725900e-01
  -9.4728157e-02   5.0236724e-01  -3.0171286e-01
  -1.0376730e-01   4.4136435e-01  -2.8954066e-01
  -8.5084715e-02   4.4216062e-01  -3.1531483e-01
   1.7070770e-01   1.0605786e-01  -3.8147255e-01
  -6.5411774e-02   4.0129070e-01  -2.9258793e-01
  -8.7191798e-02   3.9842804e-01  -2.9636481e-01
  -7.2004111e-02   4.6380503e-01  -3.2822742e-01
   1.6149784e-01   1.4759973e-01  -3.2863340e-01
   1.1684103e-01   1.8485203e-01  -3.3519765e-01
  -6.2916254e-02   4.5020943e-01  -3.0590006e-01
   1.0248808e-01   1.8687590e-01  -3.4594666e-01
  -5.3747938e-02   6.5543846e-01  -2.8423216e-01
  -8.2827082e-02   4.6275531e-01  -3.0427169e-01
  -6.8180075e-02   4.3063950e-01  -2.3522444e-01
  -8.6496229e-02   4.1943915e-01  -2.6322270e-01
  -9.4925038e-02   4.4046766e-01  -2.9051342e-01
  -8.6779133e-02   4.2276885e-01  -3.0404598e-01
  -6.8299232e-02   4.4332305e-01  -3.2031202e-01
  -1.1628130e-01   4.1622856e-01  -3.0727990e-01
  -1.1094162e-01   4.9786827e-01  -3.8592101e-01
  -7.0941291e-02   5.0313868e-01  -3.0833335e-01
  -8.4455529e-02   5.2670577e-01  -3.1464438e-01
   1.3939052e-01   3.2240421e-01  -3.9139703e-01
  -6.5530603e-02   5.4022714e-01  -3.3936515e-01
  -7.0017877e-02   5.5648979e-01  -3.3779340e-01
   7.6690142e-01   6.9751683e-01  -4.3676855e-01
  -1.0156091e-01   4.6251560e-01  -2.6667866e-01
   1.2548533e+00   1.1963773e+00  -3.3932770e-01
   1.6534816e-01   1.8838559e-01  -4.0973423e-01
  -2.9835439e-02   6.5535969e-01  -3.0719825e-01
  -9.7413787e-02   5.0635828e-01  -3.1499753e-01
  -3.8417924e-02   6.6076861e-01  -3.2153859e-01
  -6.8723268e-02   5.5819130e-01  -3.0321499e-01
  -5.7226983e-02   6.1721046e-01  -2.8536882e-01
  -6.8956456e-02   6.0852029e-01  -2.9718639e-01
  -8.8066496e-02   5.3871951e-01  -3.0580800e-01
  -8.7477348e-02   5.1698808e-01  -2.9985660e-01
  -8.0476770e-02   5.0490552e-01  -3.1496320e-01
   1.8206056e-01   2.4764902e-01  -3.4768352e-01
   4.5042805e-02   3.6371276e-01  -3.9987469e-01
  -7.5766366e-02   5.4363960e-01  -3.0658913e-01
  -1.1674694e-01   4.9441406e-01  -3.3264187e-01
  -9.6327613e-02   5.1984483e-01  -3.3210932e-01
  -9.0515849e-02   5.4360549e-01  -3.4387269e-01
  -9.9368644e-02   5.3321964e-01  -3.3048936e-01
  -1.0264347e-01   5.1681041e-01  -3.1588370e-01
  -9.2849085e-02   5.6245270e-01  -3.2908527e-01
   1.4653031e-01   2.9962066e-01  -3.5813646e-01
   1.6775731e-01   2.0696368e-01  -3.5278309e-01
  -7.4374819e-02   5.3759156e-01  -3.3586203e-01
  -6.5836895e-02   5.1180643e-01  -3.4287546e-01
  -9.8216840e-02   5.7878707e-01  -3.1112287e-01
  -9.1939723e-02   5.4997985e-01  -3.1352933e-01
  -7.2732122e-02   5.2577562e-01  -2.9802128e-01
  -9.5873105e-02   4.9208719e-01  -3.4365010e-01
  -8.3201351e-02   5.5878979e-01  -3.2869174e-01
  -8.3000345e-02   5.2565305e-01  -3.2360529e-01
  -8.2796676e-02   5.4766413e-01  -3.0105750e-01
   1.1355396e-01   3.5414889e-01  -3.7004759e-01
   1.0383673e-01   2.8911045e-01  -3.4537104e-01
  -9.5011539e-02   4.9475775e-01  -2.5084192e-01
  -9.2776276e-02   4.9353405e-01  -3.0347930e-01
  -9.3892264e-02   5.7703234e-01  -2.8398066e-01
   1.6232282e-01   2.6205465e-01  -3.6764691e-01
   1.3983121e-01   2.3376825e-01  -3.2515614e-01
  -7.3625721e-02   5.0787645e-01  -2.7523440e-01
  -8.6537433e-02   4.5842276e-01  -3.0388498e-01
   1.8158328e-01   2.0684910e-01  -3.6733092e-01
  -6.5220250e-02   5.0627900e-01  -3.0118446e-01
   8.8733659e-03   1.0203571e+00  -3.2188385e-01
  -7.2208930e-02   5.1646633e-01  -3.0911309e-01
  -8.5656210e-02   5.6822172e-01  -3.0883340e-01
   1.8020592e-01   2.1636091e-01  -3.9576474e-01
  -9.0060207e-02   4.6852973e-01  -3.2193879e-01
  -7.8368618e-02   5.8167306e-01  -3.2102603e-01
  -7.1445089e-02   6.5781709e-01  -3.4448587e-01
  -6.6291288e-02   5.7278856e-01  -3.4608526e-01
  -5.0076693e-02   5.7961337e-01  -3.4368776e-01
   1.3874607e-01   3.2270802e-01  -4.2274012e-01
  -4.8928836e-02   5.3428491e-01  -3.7150308e-01
  -5.8513654e-02   5.3957817e-01  -3.4494364e-01
   1.6501628e-01   2.0547979e-01  -3.7283946e-01
   1.7621382e-01   1.6767482e-01  -3.6905447e-01
  -8.4156173e-02   4.5708389e-01  -2.6719768e-01
   1.4625306e-01   3.5764337e-01  -3.5809532e-01
  -3.6577976e-02   4.8333342e-01  -3.2211916e-01
  -7.7206644e-02   5.5070399e-01  -3.1580542e-01
  -7.4906837e-02   5.7165038e-01  -3.0674399e-01
   1.3977280e-01   3.0013448e-01  -3.5585644e-01
  -6.2374424e-02   5.3037770e-01  -3.2909152e-01
  -6.9389499e-02   5.5687085e-01  -3.1427396e-01
  -5.5756591e-02   5.1458101e-01  -3.6448217e-01
  -5.2614271e-02   5.4805194e-01  -3.6310301e-01
  -8.4362587e-02   5.3541549e-01  -3.6169542e-01
  -7.3824048e-02   5.8037930e-01  -3.4630332e-01
  -7.3134513e-02   5.4825510e-01  -3.2015779e-01
  -4.5904043e-02   5.5654270e-01  -3.1999123e-01
   6.5694046e-01   1.0057827e+00  -3.4320765e-01
  -6.3043941e-02   5.0623440e-01  -3.1609299e-01
  -7.5602997e-02   5.5680979e-01  -3.1817783e-01
  -5.2414184e-02   5.7558960e-01  -3.1632588e-01
  -1.2876973e-02   4.6403760e-01  -3.3140833e-01
