   8.8354075e-01   4.3258982e+00   3.7721642e-01
   4.0504492e-01   3.1170911e+00  -1.6572872e-02
   5.5379798e-01   3.7011269e+00   2.8875042e-01
   7.2290907e-01   4.2766003e+00   3.8257085e-01
   3.1990786e-01   9.3151235e-01  -3.2686875e-01
   1.6190465e-01   4.5086346e-01  -4.3703223e-01
   2.0779255e-01   3.8749858e-01  -4.0554418e-01
   3.6520086e-01   8.1755622e-02  -4.2366561e-01
   1.4969409e-01   3.0259359e-01  -3.6128266e-01
   1.7731936e-01   3.6244493e-01  -3.5325471e-01
   3.9116911e-01  -5.7708347e-03  -4.1582896e-01
   1.4206198e-01   4.3103196e-01  -3.4298289e-01
   1.0034721e-01   4.0881350e-01  -3.0981534e-01
   1.0544271e-01   3.8070292e-01  -3.1329154e-01
   9.5671383e-02   4.1323775e-01  -3.1204063e-01
   2.3256846e-01   3.9038291e-01  -2.9616784e-01
   1.2432762e-01   4.6032801e-01  -3.0159116e-01
   3.9337692e-01   2.1743794e-01  -3.8667617e-01
   1.4771055e-01   4.3809547e-01  -3.1478932e-01
   3.2052699e-01   1.3854528e-01  -4.1538329e-01
   1.2271603e-01   4.3973189e-01  -3.3005104e-01
   3.6460133e-01   8.8833294e-02  -3.5755962e-01
   1.1122397e-01   3.5812134e-01  -3.3045118e-01
   1.4630632e-01   4.3914272e-01  -3.3921946e-01
   1.0905779e-01   3.7902494e-01  -3.3850996e-01
   1.3228083e-01   3.5081250e-01  -3.2127698e-01
   1.0615237e-01   4.3965766e-01  -3.1159552e-01
   1.2139588e-01   4.1671732e-01  -3.0587335e-01
   3.8558813e-01   1.7137210e-01  -3.7593146e-01
   1.4977388e-01   3.7056101e-01  -2.9967252e-01
   1.2497439e-01   4.2412925e-01  -3.1397271e-01
   3.6727497e-01   1.2460980e-01  -3.8511076e-01
   1.4205915e-01   4.1745467e-01  -3.4054137e-01
   1.1679561e-01   4.5498369e-01  -3.5003205e-01
   1.5176906e-01   4.3440560e-01  -3.3846711e-01
   1.3182697e-01   5.0593635e-01  -3.2928065e-01
   1.4551961e-01   4.5765355e-01  -3.1409476e-01
   5.4543502e-01  -7.7140059e-03  -4.0938886e-01
   4.3322399e+00   4.0977548e+00  -5.2551884e-02
   1.2966526e+00   3.7328512e+00  -1.0143433e-01
   3.4309147e-01   1.8312685e+00  -2.5110730e-01
   1.0537972e-01   6.1913834e-01  -3.5218432e-01
   2.9288222e-01   8.6981936e-01  -3.1923408e-01
   3.5107104e-01   1.9083766e-01  -3.5433203e-01
   1.3811852e-01   4.9451070e-01  -3.1993599e-01
   1.8511417e-01   5.8550615e-01  -2.8907763e-01
   1.7170078e-01   5.7169561e-01  -3.0847728e-01
   4.4221242e-01   1.7187430e-01  -3.6128408e-01
   1.0949307e-01   5.0020728e-01  -3.0764298e-01
   1.5774390e-01   5.0520855e-01  -3.7735199e-01
   1.6839296e-01   5.0698792e-01  -3.3769819e-01
   1.5653644e-01   4.8700704e-01  -3.2582297e-01
   1.5971958e-01   4.2780203e-01  -3.1972600e-01
   9.2486987e-02   4.2599383e-01  -3.1560776e-01
   1.5086471e-01   5.1017764e-01  -3.4142182e-01
   1.5748633e-01   4.7536101e-01  -3.1405158e-01
   3.7587378e-01   1.8540689e-01  -3.7727883e-01
   1.4031116e-01   4.2646407e-01  -2.9785913e-01
   1.4874459e-01   5.7232146e-01  -2.8617193e-01
   1.1886530e+00   6.1854994e-01  -4.2236974e-01
   2.9586707e+00   3.3778477e+00  -3.7510798e-02
   2.8433476e+00   3.9603668e+00   5.7461272e-03
   4.4096897e+00   4.3499116e+00   2.1917103e-01
   4.2664706e+00   3.6181590e+00   8.9377157e-02
   3.6644658e+00   4.0601256e+00  -7.2830112e-02
   4.4263804e+00   4.3497454e+00   2.2100990e-01
   2.0509925e+00   2.7728142e+00  -1.9859917e-01
  -4.6202774e-01   4.3314503e+00   1.3550956e-01
  -2.0075751e-01   4.2872789e+00   3.0271432e-01
  -1.5305113e-01   2.2706924e+00  -4.6363852e-02
   1.8057055e-01   5.2557991e-01  -3.7810528e-01
   1.7685737e-01   5.6039422e-01  -3.3197943e-01
   1.6666921e-01   4.1412848e-01  -3.0471861e-01
   1.8439764e-01   5.2085872e-01  -3.1051110e-01
   1.6890741e-01   4.4151588e-01  -3.5162280e-01
   1.9466687e-01   4.5049665e-01  -3.6646626e-01
   1.7054822e-01   3.9208461e-01  -3.2401649e-01
   1.7633073e-01   4.2636868e-01  -3.1614585e-01
   1.5241657e-01   4.5124506e-01  -3.1010811e-01
   1.4502707e-01   4.5785859e-01  -3.1657126e-01
   1.6218530e-01   4.8202831e-01  -2.7039240e-01
   3.5976831e-01   1.2165417e-01  -3.5849420e-01
   1.3374121e-01   4.1201989e-01  -2.7852473e-01
   3.9770435e-01   2.0758292e-01  -3.5313313e-01
   1.4723783e-01   5.0348358e-01  -3.5703751e-01
   1.4551069e-01   5.0834312e-01  -3.3504291e-01
   1.5524211e-01   5.9823652e-01  -2.9488211e-01
   1.3054896e-01   6.1121869e-01  -2.3641945e-01
   1.0518454e-01   4.6690671e-01  -2.5839570e-01
   1.2875943e-01   5.2943048e-01  -2.5469951e-01
   1.6230064e-01   4.5223107e-01  -2.8645038e-01
   3.2587320e-01   2.8692867e-01  -3.1252577e-01
   1.4584448e-01   4.9036811e-01  -2.8204403e-01
   1.6210430e-01   4.8317169e-01  -3.1835051e-01
   1.5159686e-01   5.2576525e-01  -2.8218891e-01
   1.2364679e-01   5.7476570e-01  -2.2922209e-01
   1.1264542e-01   5.2801678e-01  -2.5583427e-01
   1.1029272e-01   5.4548777e-01  -2.6846142e-01
   1.2783246e-01   5.4453684e-01  -2.9102879e-01
   1.3503648e-01   5.8660271e-01  -2.9801914e-01
   1.3078989e-01   7.0292741e-01  -2.9230188e-01
   1.4392032e-01   5.5349042e-01  -3.0341090e-01
   1.0847439e-01   6.0787219e-01  -3.0540674e-01
   5.2017181e-01   8.8681174e-02  -4.0057759e-01
   1.4076123e-01   4.2868787e-01  -3.0848842e-01
   1.2333580e-01   5.5727180e-01  -3.0439672e-01
   1.6613839e-01   5.1064136e-01  -3.1091592e-01
   1.3185945e-01   5.8529756e-01  -3.1824466e-01
   1.1523582e-01   5.2720775e-01  -2.9768963e-01
   1.1732351e-01   6.1029730e-01  -3.1679196e-01
   1.2270331e-01   5.7874660e-01  -2.9692358e-01
   1.1285037e-01   5.8022655e-01  -3.0070388e-01
   3.6600501e-01   2.6601093e-01  -3.5287645e-01
   8.1868455e-02   5.0413419e-01  -2.8383263e-01
   1.2040696e-01   5.3963217e-01  -3.0059914e-01
   1.3635134e-01   5.7008659e-01  -2.8310310e-01
   1.3274509e-01   5.6011178e-01  -2.5480514e-01
   1.3121731e-01   6.7598894e-01  -2.9616071e-01
   1.0257266e-01   5.0533532e-01  -3.1902360e-01
   2.9235218e-01   2.3152908e-01  -3.5891800e-01
   1.4631352e-01   5.7112115e-01  -2.9367588e-01
   1.2285330e-01   5.8474530e-01  -3.0851855e-01
   1.1488301e-01   5.0255194e-01  -3.4297278e-01
   1.0685909e-01   5.2655811e-01  -3.0687071e-01
   3.0595948e-01   2.7589449e-01  -3.4492537e-01
   1.2829939e-01   6.2941514e-01  -3.1023752e-01
   1.2595023e-01   6.3490608e-01  -2.9390290e-01
   3.3839171e-01   2.6021928e-01  -3.3916811e-01
   8.3881565e-02   5.1442906e-01  -2.9353681e-01
   1.2779936e-01   5.0457874e-01  -2.7974756e-01
   1.4741813e-01   6.0047473e-01  -3.1756969e-01
   1.5174196e-01   5.7368820e-01  -2.8506701e-01
   1.5803720e-01   6.2516454e-01  -3.0424120e-01
   3.4741209e-01   4.2006349e-01  -3.4258970e-01
   1.5179642e-01   6.8399579e-01  -2.9772299e-01
   1.5622109e-01   6.7169336e-01  -2.8236557e-01
   9.6129442e-02   6.8176728e-01  -2.5927761e-01
   8.7046468e-02   5.5938702e-01  -2.7147055e-01
   1.1379378e-01   5.9940795e-01  -2.8248034e-01
   1.0727536e-01   5.0545737e-01  -3.0207071e-01
   2.8321851e-01   4.5004313e-01  -2.9402785e-01
   1.3986847e-01   6.7910402e-01  -2.3031829e-01
   9.8973216e-02   5.9404676e-01  -2.0889012e-01
   1.3122484e-01   6.7732302e-01  -2.2950526e-01
   1.3007345e-01   6.5197631e-01  -3.0040543e-01
   1.5732862e-01   6.4088751e-01  -3.2536548e-01
   1.5163013e-01   6.2104958e-01  -3.5238159e-01
   1.5471378e-01   6.6955694e-01  -3.2080527e-01
   1.4792665e-01   6.6744295e-01  -3.1415697e-01
   1.3641779e-01   6.3154775e-01  -3.1718702e-01
   1.6501364e-01   7.4941193e-01  -3.1286392e-01
   1.4675522e-01   5.6184025e-01  -3.1344372e-01
   1.4379226e-01   5.5387321e-01  -3.3344517e-01
   3.7572253e-01   8.3018215e-01  -2.7540816e-01
