   4.1996064e-02  -1.3480241e-01  -5.2706074e-01
   5.5349168e-02  -4.2474009e-02  -5.4312654e-01
   6.7043118e-01  -7.5279597e-01  -6.4260426e-01
   2.8819411e-02  -9.6664520e-02  -5.4296338e-01
   4.0309276e-01  -8.0281963e-01  -7.9741056e-01
   9.2277525e-02  -6.3110180e-01  -8.1244255e-01
   2.8512858e-02  -5.7253656e-01  -7.4597299e-01
   3.7100013e-01  -9.8438070e-01  -8.0183700e-01
   7.4666347e-02  -4.8973975e-01  -7.2741213e-01
   1.7552162e-01  -3.1167351e-01  -7.2377430e-01
   7.1896994e-02  -2.7137385e-01  -6.8074070e-01
   8.2937620e-02  -3.0164050e-01  -6.9377816e-01
   3.6105573e-01  -5.9940620e-01  -7.4454094e-01
   5.9525549e-02  -2.7827069e-01  -6.8157865e-01
   5.2985543e-02  -1.7773295e-01  -6.8611669e-01
   2.5320585e-02  -2.4509682e-01  -6.0711565e-01
   6.5171823e-03   9.6567734e-02  -4.2828201e-01
   5.5905262e-01   7.5976639e-01  -4.0770859e-01
   1.3451706e-02   9.8067541e-02  -4.0228954e-01
   5.2103941e-03   9.4681035e-02  -3.8998057e-01
  -2.2817609e-02   8.9732876e-02  -3.9833396e-01
  -3.1965291e-02   1.6842688e-01  -3.1827176e-01
  -2.7142369e-02   2.4908469e-01  -2.7528997e-01
   1.4045363e-01   1.7077018e-02  -2.3688066e-01
  -5.2766792e-02   1.7517761e-01  -3.1334060e-01
   2.4059695e-01   5.9480800e-02  -3.4524460e-01
  -1.0311180e-02   4.4381404e-01  -3.1476745e-01
   1.2583336e-01   5.3489714e-01  -2.8988463e-01
   1.0917572e-01   6.5581038e-01  -3.0887539e-01
   1.8637894e-01   9.2119792e-01  -2.9312242e-01
   2.3630716e-03   1.8077507e-01  -3.1100477e-01
   6.0269681e-01   7.4221477e-02  -3.9452094e-01
   1.4130331e-01   4.3337672e-01  -2.7153858e-01
   3.2972883e-01   8.2007600e-01  -2.4220410e-01
  -1.4761919e-02   2.6203319e-01  -2.7382236e-01
  -3.9181339e-02   2.8700366e-01  -3.0326776e-01
   1.6666628e-02   2.1114086e-01  -3.0298887e-01
  -3.8128776e-02   2.3242343e-01  -3.1136584e-01
  -4.0277638e-02   2.7136723e-01  -3.2222234e-01
  -2.2025778e-02   2.6952555e-01  -2.9001741e-01
   1.8663635e-01   8.0892536e-02  -3.4900666e-01
   7.4917291e-01   5.0780360e-01  -3.4603453e-01
  -2.0113687e-02   2.9104464e-01  -3.2412955e-01
  -2.3205586e-02   3.4970522e-01  -3.4352508e-01
  -4.5871467e-02   3.5874469e-01  -3.1846046e-01
  -2.1454496e-02   2.1765377e-01  -3.1472737e-01
  -5.9211208e-03   2.3799621e-01  -3.3246755e-01
  -3.6572283e-02   1.9105442e-01  -2.7378391e-01
   2.5142194e-01  -3.6816233e-02  -3.7691084e-01
  -2.4823696e-02   2.0489065e-01  -3.6423752e-01
  -3.3227605e-02   2.4042316e-01  -3.0857754e-01
   8.5291238e-04   4.9699901e-01  -3.1852142e-01
  -1.6164855e-02   2.6767794e-01  -3.3456073e-01
  -2.5103658e-02   2.5840677e-01  -3.2054314e-01
   4.7841635e-01  -2.9533910e-01  -4.1853168e-01
  -4.6054181e-02   2.4676988e-01  -3.1051127e-01
  -3.1961100e-02   2.4420262e-01  -3.1235679e-01
  -4.9537920e-02   2.2734997e-01  -2.8645960e-01
  -6.5399037e-02   2.1350848e-01  -2.7179574e-01
  -4.5568249e-02   1.8382769e-01  -3.1719920e-01
  -4.3623023e-02   1.7568524e-01  -3.1475867e-01
  -2.6507728e-02   1.9689339e-01  -3.2315029e-01
  -6.1770254e-02   2.6402312e-01  -3.2171933e-01
   1.2925473e-01   5.0746585e-03  -3.4917502e-01
  -4.4928972e-02   2.2763749e-01  -2.9344234e-01
   6.2427067e-01   6.2769047e-01  -3.8285506e-01
  -1.4295871e-01   1.0309094e+00  -1.6139538e-01
  -1.7350695e-02   2.3714284e-01  -3.1787264e-01
  -4.0485768e-02   2.9129842e-01  -2.7890470e-01
   8.6962690e-02  -8.8250061e-03  -3.3961017e-01
  -8.7450360e-02   2.0010725e-01  -2.9430710e-01
  -8.3076080e-02   2.1688739e-01  -2.6503746e-01
  -6.7920195e-02   1.8460034e-01  -2.9709994e-01
  -5.2395236e-02   2.2822427e-01  -3.0203621e-01
  -1.0308221e-01   4.3437157e-01  -3.8250543e-01
  -3.4645546e-02   2.5287131e-01  -3.5270090e-01
  -3.9008322e-02   1.9857780e-01  -3.4677083e-01
  -5.0252964e-02   2.5886437e-01  -3.2789428e-01
   6.3370235e-01   4.9772500e-01  -3.8669605e-01
  -3.9489390e-02   2.4562347e-01  -3.1278636e-01
  -5.1156293e-02   2.9935572e-01  -3.1920226e-01
  -4.9734407e-02   2.7587438e-01  -3.3984408e-01
  -4.6448174e-02   2.6740877e-01  -3.3296578e-01
   2.2973387e-01  -8.5573068e-02  -3.9979997e-01
  -9.8561115e-02   5.7237984e-01  -2.6758973e-01
  -5.7738291e-02   2.8343608e-01  -3.0036270e-01
  -5.9972257e-02   2.7703359e-01  -3.3836374e-01
  -7.2007577e-02   2.2636561e-01  -3.3657814e-01
  -7.7097594e-02   2.6516179e-01  -2.8626339e-01
  -7.8603728e-02   3.1552504e-01  -2.8621453e-01
  -6.4033112e-02   2.3525226e-01  -2.8777646e-01
  -1.0923748e-01   2.5704445e-01  -2.6850014e-01
  -6.2713357e-02   2.3815272e-01  -3.1653488e-01
  -6.4484038e-02   2.6400154e-01  -3.2577387e-01
  -8.2821411e-02   2.2629852e-01  -3.4294494e-01
  -6.8164362e-02   2.5032267e-01  -3.2729850e-01
  -6.7570679e-02   2.8082164e-01  -3.7378813e-01
  -9.3849169e-02   2.6919120e-01  -3.1193189e-01
  -6.8117800e-02   2.8750185e-01  -3.1276879e-01
   1.8726395e-01  -1.0463433e-02  -3.9162558e-01
  -9.0005936e-02   2.9329297e-01  -3.1911519e-01
  -9.8050861e-02   2.9708070e-01  -2.9510033e-01
   1.2528880e-01   8.5748776e-02  -3.4606225e-01
  -1.0369490e-01   2.5813348e-01  -2.6833498e-01
   1.6290038e-01   3.9490755e-02  -3.2337001e-01
  -5.4723476e-02   2.1762969e-01  -2.8453248e-01
  -8.9020627e-02   2.8010302e-01  -3.3920251e-01
   1.0615362e-01   1.3026501e-01  -3.3765545e-01
   1.4960920e-01   3.0584310e-02  -3.9272772e-01
   1.5163405e-01   2.0314867e-01  -3.7703951e-01
  -8.1226147e-02   2.9661065e-01  -3.1305515e-01
   1.3571948e-01   9.4346273e-02  -3.9828629e-01
  -8.0373127e-02   3.1699112e-01  -3.6822293e-01
  -7.2556869e-02   3.2263546e-01  -3.5540658e-01
  -6.9725210e-02   2.5446872e-01  -3.4413255e-01
   1.5425014e-01   1.3998778e-01  -3.2777167e-01
  -1.1467861e-01   3.5526356e-01  -2.7685851e-01
   1.3305341e-01   1.4944243e-01  -3.9364527e-01
  -6.3648078e-02   3.4960008e-01  -3.3139231e-01
  -8.3215864e-02   3.5781500e-01  -3.1027884e-01
  -7.9172625e-02   3.8904461e-01  -2.9674053e-01
  -7.1694364e-02   2.9972276e-01  -2.9307695e-01
  -6.8051647e-02   4.1198667e-01  -3.3894078e-01
  -8.1851470e-02   3.6189850e-01  -3.3239379e-01
  -8.1543714e-02   3.7244634e-01  -3.4990277e-01
  -9.4019605e-02   3.5293020e-01  -3.0278664e-01
  -9.9875385e-02   5.8553941e-01  -3.0054068e-01
  -1.1428238e-01   3.6573399e-01  -2.9587140e-01
  -1.0434432e-01   3.6072180e-01  -3.2835436e-01
   3.4657520e-01   3.7336393e-01  -4.2944451e-01
  -7.8645195e-02   4.0043091e-01  -3.3946894e-01
  -8.2607060e-02   3.6890493e-01  -3.2083219e-01
  -8.2514297e-02   4.1403934e-01  -3.1821011e-01
  -1.0402241e-01   4.4899822e-01  -2.9329822e-01
  -9.1634581e-02   4.1434711e-01  -3.2378795e-01
   7.3065447e-01   4.3515627e-01  -4.1675099e-01
  -9.9681790e-02   3.6815337e-01  -3.0847961e-01
   1.4005769e-01   1.6745591e-01  -3.6304882e-01
  -7.4095202e-02   4.6381806e-01  -3.2998014e-01
  -1.0156167e-01   4.3306505e-01  -2.6717734e-01
   8.9216787e-02   2.2908872e-01  -3.0034155e-01
  -1.0511636e-01   4.6286848e-01  -3.0219832e-01
   1.1181440e-01   2.9253400e-01  -3.5647152e-01
  -1.0060101e-01   4.8948172e-01  -3.2186519e-01
  -7.9128696e-02   5.0816536e-01  -3.5951653e-01
   1.1518067e-01   2.1275685e-01  -3.5249053e-01
  -6.1039350e-02   4.0746957e-01  -3.2053231e-01
   5.7304409e-02   4.0450706e-01  -3.6119804e-01
  -8.7653481e-02   3.7045669e-01  -3.2622727e-01
  -1.0395088e-01   4.1375732e-01  -3.4463342e-01
  -7.9554458e-02   4.0161786e-01  -3.4483051e-01
  -6.9572969e-02   4.3314966e-01  -3.3729245e-01
  -1.0271608e-01   4.4126182e-01  -3.1212284e-01
   3.2970294e-02   2.1756860e-01  -3.6375088e-01
