   2.6429971e+00   3.2971225e+00  -9.5186432e-02
   9.4393762e-01   4.3129115e+00  -7.8470846e-02
   3.6840674e-01   3.7134987e+00  -1.1205266e-01
  -2.8910789e-01   4.3140315e+00   8.8570552e-02
   2.1777774e+00   3.6230933e+00  -1.8016477e-01
  -1.4355449e-01   1.6620691e+00  -3.8602772e-01
   3.4206405e-01   5.9640147e-01  -3.9723714e-01
   3.8866862e-01   4.4113859e-01  -3.7521974e-01
   3.9435022e-01   4.0897792e-01  -3.7334345e-01
   4.0304861e-01   4.6259569e-01  -3.6412310e-01
   4.1777310e-01   3.6666012e-01  -3.8580999e-01
   4.3220533e-01   3.9028304e-01  -3.9929738e-01
   4.1035269e-01   3.4466716e-01  -3.8848637e-01
   3.8121085e-01   3.0334374e-01  -3.4043056e-01
   4.3527745e-01   2.3200807e-01  -3.5649291e-01
   4.4249232e-01   2.2703694e-01  -3.5323147e-01
   4.1686978e-01   1.9599648e-01  -3.8091904e-01
   4.2962827e-01   1.0526434e-01  -4.3177543e-01
   4.3393614e-01   2.2115978e-01  -3.7262135e-01
   4.3330243e-01   1.7645897e-01  -4.1901809e-01
   4.2007535e-01   2.4178330e-01  -4.4953958e-01
   4.1546910e-01   1.7721294e-01  -4.5413373e-01
   4.3110361e-01   1.6568064e-01  -4.1918547e-01
   4.1898292e-01   2.2404422e-01  -4.2504414e-01
   6.7450051e-01  -1.7881249e-01  -4.6155162e-01
   6.1898715e-01  -1.5592202e-01  -4.5291975e-01
   4.1584093e-01   1.7428725e-01  -3.7026767e-01
   4.0137323e-01   1.8882281e-01  -3.9863974e-01
   3.9928660e-01   1.8019026e-01  -4.1133805e-01
   4.1068822e-01   1.4007024e-01  -4.0339492e-01
   4.6176892e-01   5.2416484e-01  -3.9214500e-01
   3.8312842e-01   1.1434258e-01  -4.1608128e-01
   3.7604770e-01   5.3274207e-02  -3.9305026e-01
   6.6933214e-01  -1.9552290e-01  -4.6039328e-01
   3.8695372e-01   1.0968941e-01  -4.2593638e-01
   4.1270551e-01   4.5205956e-02  -4.3730964e-01
   3.7859964e-01   1.2836884e-01  -4.0684320e-01
   6.2894014e-01  -1.7202110e-01  -4.5277558e-01
   3.9651431e-01   7.3147019e-02  -4.2127954e-01
   3.1275561e-01   7.3689259e-03  -4.5262811e-01
   4.0078463e-01   1.3451142e-01  -4.0695361e-01
   3.5278112e-01   1.0526643e-01  -4.2575667e-01
   3.7366382e-01   7.4388083e-02  -4.7494038e-01
   4.2981054e-01   8.6158691e-02  -4.1763192e-01
   3.6947344e-01   9.2018431e-02  -4.1062358e-01
   3.8286852e-01   1.8433172e-01  -4.1409129e-01
   3.6800118e-01   1.4130180e-01  -4.0457095e-01
   3.6345498e-01   6.1999921e-02  -4.0937169e-01
   3.8294510e-01   1.5758495e-01  -4.2221983e-01
   3.9491601e-01   1.5121747e-01  -4.1696424e-01
   3.6497904e-01   1.4776441e-01  -4.5360577e-01
   3.6520296e-01   1.8257262e-02  -5.2071168e-01
   3.8151725e-01   1.1829909e-01  -4.5445023e-01
   6.7789204e-01  -1.8895386e-01  -4.9824162e-01
   3.8112110e-01   1.3291998e-01  -4.3063043e-01
   3.6704123e-01   1.0474569e-01  -4.1849357e-01
   3.7187625e-01   2.2900539e-01  -4.1902997e-01
   3.6704338e-01   1.3948096e-01  -4.3112962e-01
   3.9193975e-01   1.1340354e-01  -4.2714035e-01
   3.7111550e-01   6.1502173e-02  -4.1544440e-01
   3.3365458e-01   8.7433741e-02  -4.0289708e-01
   5.3620248e-01   1.0548146e-02  -4.3451782e-01
   5.3635185e-01  -9.9992990e-04  -4.0923791e-01
   3.5462701e-01   1.0963156e-01  -3.7217082e-01
   2.8514244e-01   4.4072185e-02  -4.0202492e-01
   3.7359673e-01   1.9316818e-01  -3.8208964e-01
   3.4455544e-01   1.1285971e-01  -3.8070405e-01
   3.4160620e-01   1.7040437e-01  -3.7842996e-01
   7.2127720e-01  -1.7131724e-01  -4.5161101e-01
   3.4335402e-01   2.6027774e-01  -3.8703424e-01
   3.2712215e-01   1.2954138e-01  -3.7544297e-01
   5.9930078e-01  -1.8701037e-01  -4.6615336e-01
   3.8269768e-01   1.6484356e-01  -3.8573669e-01
   3.6405456e-01   1.6521464e-01  -4.0195331e-01
   3.2202778e-01   1.3476818e-01  -4.3557780e-01
   3.7126624e-01   1.5460805e-01  -4.3435730e-01
   3.8184743e-01   2.1135978e-01  -4.3548045e-01
   3.7072906e-01   1.3759474e-01  -4.3460610e-01
   3.7306800e-01   1.0663311e-01  -4.1930209e-01
   7.0416882e-01  -2.0877926e-01  -4.8847678e-01
   7.7731970e-01  -2.7947030e-01  -5.0945776e-01
   4.0101865e-01   1.2862770e-01  -3.9568153e-01
   3.6402793e-01   2.0466977e-01  -4.1775566e-01
   3.7051767e-01   1.6554705e-01  -4.1657866e-01
   3.5605745e-01   1.5686294e-01  -3.8224457e-01
   3.2610053e-01   1.3821082e-01  -3.9082191e-01
   3.4618889e-01   2.0511125e-01  -3.7765521e-01
   3.5596582e-01   1.6319146e-01  -3.9097813e-01
   3.5011885e-01   1.4515782e-01  -4.0591298e-01
   3.7907066e-01   2.6529449e-01  -4.0709589e-01
   8.4398571e-01   4.1151225e-01  -4.0508646e-01
   5.7656349e-01   1.5237582e-01  -4.1185079e-01
   3.6746922e-01   7.9555327e-02  -3.0968238e-01
   3.5678391e-01   4.8570870e-02  -3.4505946e-01
   5.7202479e-01   1.0089794e-01  -3.6107005e-01
   1.0976838e+00   5.0663992e-01  -4.1953371e-01
   3.7376781e-01   7.1999917e-02  -3.7458944e-01
   3.7552995e-01   9.6830061e-02  -3.7763499e-01
   3.8002045e-01   1.4794560e-01  -3.7652329e-01
   3.8524589e-01   1.1493890e-01  -3.8377588e-01
   3.9015796e-01   5.2955720e-02  -3.7180123e-01
   3.5111662e-01  -3.5550430e-02  -3.9736346e-01
   1.1605518e+00   2.9434448e+00  -2.3019077e-01
  -2.9587425e+00   4.3532697e+00  -2.1084731e-01
  -5.5690864e-01   3.3609545e+00  -3.7044846e-01
  -9.1579440e-02   4.3323084e+00  -1.8076641e-01
   6.3211855e-01   3.4410275e+00  -1.9901478e-01
  -2.6791968e-01   2.7442771e+00  -1.1400589e-01
   3.3190455e-01   1.8119939e-01  -4.3544318e-01
   3.6120553e-01   8.8004171e-02  -3.8789918e-01
   9.8638241e-02   2.9120071e-01  -4.0755593e-01
   3.8856413e-01   9.3273957e-02  -4.6155587e-01
   3.9888033e-01   1.0797402e-01  -4.1213918e-01
   3.8185021e-01   8.4912451e-02  -3.8344911e-01
   3.8300961e-01   4.0221248e-02  -3.9949063e-01
   3.8429703e-01   4.6402136e-02  -4.0054721e-01
   4.1032954e-01   1.4676281e-01  -4.0884892e-01
   4.0625441e-01   4.6703138e-02  -4.2716477e-01
   4.2430318e-01   2.3277079e-02  -4.1041664e-01
   4.0700797e-01   3.1142529e-02  -4.3568554e-01
   7.2403765e-01  -4.0288219e-01  -4.8157969e-01
   3.8241328e-01   3.6394450e-02  -4.1047893e-01
   3.8697572e-01   4.2284596e-02  -4.1297598e-01
   3.7698614e-01   5.6064564e-02  -3.7467720e-01
   3.7478824e-01   5.0309089e-02  -3.8169605e-01
   3.7843811e-01   8.2913761e-02  -3.9804820e-01
   3.4061503e-01   9.4409160e-02  -3.5553980e-01
   3.6177068e-01   6.9637558e-02  -3.8896034e-01
   3.6868297e-01   1.3581630e-01  -4.0884999e-01
   3.4052283e-01   1.0072439e-01  -3.5348872e-01
   3.5831257e-01   3.3603074e-02  -3.7721773e-01
   3.2600254e-01   7.4978457e-03  -4.3217533e-01
   1.9015454e-01  -2.6821942e-01  -4.8309106e-01
   3.6509911e-01  -2.5783393e-02  -4.4722968e-01
   4.7057836e-01  -4.7876977e-02  -4.9504240e-01
   2.0065221e-01  -9.9127986e-02  -5.0624336e-01
   3.1677620e-01   3.2294329e-02  -4.3432424e-01
   3.1968522e-01   1.1967162e-01  -4.7352383e-01
   3.4550475e-01   5.3381251e-02  -4.4161102e-01
   3.5413806e-01   1.6119138e-01  -4.3949907e-01
   3.3728306e-01   1.1143463e-01  -4.5436740e-01
   6.0097534e-01  -1.4552074e-01  -5.2002733e-01
   3.3098684e-01  -3.0861581e-02  -4.5685676e-01
   5.1310200e-01  -9.8221529e-02  -4.8182435e-01
   3.8146986e-01   1.5393980e-01  -4.7923060e-01
   3.4452571e-01   9.0355025e-02  -4.6537096e-01
   3.1771857e-01   2.6201303e-01  -4.5912132e-01
   3.3848425e-01   1.2142802e-01  -4.6560983e-01
   5.8014438e-01  -1.6910566e-01  -5.0625066e-01
   1.0609059e+00  -4.6069934e-01  -5.6534924e-01
   3.7967232e-01   1.7386185e-01  -4.2745744e-01
   7.2522722e-01  -2.8772143e-01  -4.9306085e-01
   3.5655192e-01   1.6575777e-01  -3.9730137e-01
   4.0940817e-01   3.6893689e-01  -3.9952487e-01
