   5.0830055e-01   6.3194951e-02  -2.8939105e-01
   4.8872228e-01   3.1090658e-02  -2.9104595e-01
   5.0923413e-01   3.3654548e-04  -2.7953973e-01
   4.9671822e-01  -3.9106157e-02  -2.4574944e-01
   5.2875106e-01   7.0296951e-02  -4.2855609e-01
   3.7595580e-02  -3.9476991e-02  -4.5096122e-01
   5.0849573e-01   1.3528257e-01  -4.3807900e-01
   5.3159794e-01  -4.5098054e-02  -4.3813436e-01
   5.3644144e-01  -5.8115693e-02  -4.4441653e-01
   8.1418125e-01  -3.3169736e-01  -4.7042535e-01
   5.3416330e-01  -2.4628020e-03  -3.8412251e-01
   5.4985077e-01  -3.2580663e-02  -4.0925874e-01
   6.2235466e-01   4.0876203e-02  -4.3067691e-01
   5.3534085e-01   3.7419893e-04  -4.2518677e-01
   5.4723109e-01   4.7339586e-02  -3.7143428e-01
   5.5948346e-01  -4.6692678e-02  -3.4064344e-01
   6.3463768e-01   6.2993921e-01  -3.4099575e-01
   6.6634793e-01   6.8480341e-02  -2.8130259e-01
   5.3632797e-01   1.6318123e-01  -2.9504997e-01
   5.2944456e-01   8.4701650e-02  -3.2394182e-01
   5.5660409e-01   1.1709680e-01  -3.4703081e-01
   5.5105745e-01   5.6359121e-02  -3.9736162e-01
   5.7002141e-01   6.7867108e-02  -3.9858771e-01
   5.5197521e-01   6.8611341e-02  -3.7731050e-01
   7.9742461e-01  -1.7784861e-01  -4.4586905e-01
   5.5177223e-01   5.4276312e-02  -3.8200490e-01
   5.6171999e-01   3.2073371e-02  -3.9164738e-01
   5.5057089e-01   3.5471563e-02  -3.6902054e-01
   5.3190065e-01   1.8903014e-01  -3.3258132e-01
   5.4807782e-01   8.7719309e-02  -3.7425278e-01
   5.5441550e-01   9.2330576e-02  -3.8018716e-01
   5.7779995e-01   2.1956092e-02  -4.1749483e-01
   5.7092400e-01  -3.1619005e-02  -4.1434301e-01
   5.5130114e-01   1.6517250e-02  -4.2290511e-01
   5.4866433e-01   6.8569090e-02  -3.7754539e-01
   5.4787354e-01   3.7989205e-02  -3.6361327e-01
   5.5493355e-01   5.5339150e-02  -3.8177170e-01
   5.4818161e-01  -9.0433139e-05  -3.9383650e-01
   5.4627343e-01   6.9368657e-02  -3.7033012e-01
   5.5617713e-01   6.0301674e-02  -3.6513078e-01
   5.5311589e-01   1.2072257e-01  -3.2818394e-01
   5.4369075e-01   1.0921686e-01  -3.5179677e-01
   5.3694678e-01   6.0206264e-02  -3.2211592e-01
   5.3283514e-01   9.0678887e-02  -3.6140178e-01
   5.3282847e-01   8.4816483e-02  -3.3442325e-01
   5.3836155e-01   1.2361871e-01  -3.4002578e-01
   5.4681120e-01   4.0774994e-03  -3.3491849e-01
   8.7271511e-01  -3.0233125e-01  -4.8824155e-01
   7.7822508e-01  -1.8188015e-01  -4.4378934e-01
   8.1871550e-01  -3.0105740e-01  -5.2216354e-01
   7.6989195e-01  -1.2240316e-01  -4.4757841e-01
   5.4651368e-01   4.3574208e-02  -4.0834893e-01
   7.5781111e-01  -1.6874018e-01  -4.3654364e-01
   5.5882565e-01   4.3138536e-02  -4.0632850e-01
   1.0353493e+00  -6.2553241e-01  -5.5003926e-01
   5.3951314e-01   1.9511505e-02  -4.1420740e-01
   5.5399510e-01  -2.1813030e-02  -4.0346904e-01
   5.4444942e-01   1.1734579e-02  -3.7145047e-01
   4.9044198e-01   7.9809666e-02  -3.8841200e-01
   5.3560652e-01   6.6969498e-02  -3.8433117e-01
   5.5645221e-01   3.9678547e-02  -3.6540499e-01
   5.3088160e-01   1.0072309e-01  -3.7200895e-01
   7.7739890e-01  -2.4331085e-01  -4.5796815e-01
   4.9224360e-01   2.1643875e-01  -4.8306295e-01
   5.6123718e-01   1.6549234e-02  -3.5552062e-01
   5.5323162e-01   1.2741041e-02  -3.8469014e-01
   5.4700705e-01   7.2217804e-02  -3.6885050e-01
   5.3273425e-01   7.2760406e-02  -3.7094040e-01
   5.5398225e-01   7.2334826e-02  -3.6131448e-01
   5.3106298e-01   4.9164998e-02  -4.0326737e-01
   5.3470871e-01   5.5425321e-02  -3.8237753e-01
   8.4251832e-01  -3.3366896e-01  -4.6824506e-01
   5.8412650e-01  -2.8481185e-02  -4.0224502e-01
   5.3209260e-01   6.6677883e-02  -4.0045750e-01
   7.8432188e-01  -1.9622955e-01  -4.7055367e-01
   5.4049586e-01   1.1395544e-01  -4.1011666e-01
   5.5977819e-01   1.2595107e-01  -4.3009069e-01
   5.7592648e-01   1.7106845e-01  -4.2458687e-01
   5.4797633e-01   1.2223844e-01  -4.3943142e-01
   5.7198039e-01   1.0799548e-01  -4.2419916e-01
   5.6297879e-01   1.4000379e-01  -3.9952563e-01
   6.8190185e-01   1.1204372e-01  -4.2840039e-01
   5.5308115e-01   1.7982181e-01  -4.0296992e-01
   5.4223008e-01   2.0330898e-01  -3.8132393e-01
   5.3386762e-01   1.3069391e-01  -3.5983839e-01
   7.1636647e-01  -1.5984090e-01  -3.8965471e-01
   5.3822390e-01   1.2410857e-01  -3.5009885e-01
   5.4777961e-01   6.9502672e-02  -3.9032835e-01
   5.6740463e-01   8.7634322e-02  -4.1033024e-01
   5.4807102e-01   1.3796416e-01  -4.0433982e-01
   5.6387420e-01   2.2264578e-01  -3.8589712e-01
   5.4925658e-01   1.0033908e-01  -3.8952426e-01
   5.4639808e-01   1.2915622e-01  -3.7702831e-01
   5.3466670e-01   1.7895421e-01  -3.4991345e-01
   5.4984774e-01   1.5496315e-01  -3.7649068e-01
   5.6148311e-01   1.5491730e-01  -3.4555797e-01
   5.5778719e-01   1.8972280e-01  -3.5222310e-01
   5.3433709e-01   1.7501515e-01  -3.6245569e-01
   5.5444480e-01   1.9804003e-01  -3.4298550e-01
   7.5985444e-01  -1.5293419e-01  -4.2275969e-01
   5.5755104e-01   1.5902781e-01  -3.5429519e-01
   5.5403307e-01   1.8353292e-01  -3.6111987e-01
   7.6900182e-01  -1.9586215e-01  -4.0591390e-01
   5.3908798e-01   1.0639936e-01  -4.0010648e-01
   7.5692803e-01  -2.1715110e-01  -4.0170575e-01
   4.7494280e-01   6.0775916e-02  -3.4188234e-01
   5.1735364e-01   6.3818185e-02  -3.2944318e-01
   5.2231672e-01   7.3794627e-02  -3.1392644e-01
   5.5447893e-01   1.1932623e-01  -3.3413303e-01
   5.1963436e-01   1.4968073e-05  -3.4910807e-01
   5.1984356e-01   1.2097211e-01  -3.4942504e-01
   8.5352750e-01  -2.6157160e-01  -4.4414479e-01
   5.2863094e-01   3.4855560e-02  -3.7440941e-01
   5.3219363e-01   2.3511292e-03  -3.5937356e-01
   5.5302583e-01   2.9427958e-02  -3.5103864e-01
   5.1525240e-01   7.5154036e-02  -3.9391057e-01
   5.4984165e-01   3.9829195e-02  -4.0959179e-01
   5.4778262e-01   1.7752281e-02  -4.1456107e-01
   8.0122522e-01  -1.5721073e-01  -4.0725313e-01
   4.8516951e-01   7.7201728e-02  -3.1744396e-01
   7.9752865e-01  -2.1230989e-01  -3.5260565e-01
   5.4081818e-01   1.2230096e-01  -3.1157743e-01
   5.4561777e-01   1.8205885e-01  -3.4441202e-01
   5.2935323e-01   1.3842468e-01  -4.2683093e-01
   6.9018869e-01  -4.9089055e-02  -4.6580135e-01
   5.3617768e-01   1.2300244e-01  -4.2174002e-01
   5.3986665e-01   1.4526894e-01  -3.7418935e-01
   5.2348677e-01   1.3641669e-01  -3.7347830e-01
   5.0778274e-01   9.0564249e-02  -3.7672671e-01
   5.1971259e-01   1.2288089e-01  -4.2329213e-01
   5.2823410e-01   1.5096331e-01  -4.6448932e-01
   5.2926080e-01   1.5525120e-01  -3.7825796e-01
   8.0799127e-01  -1.9231936e-01  -4.5039955e-01
   5.3850199e-01   1.6613495e-01  -3.8369153e-01
   5.2865309e-01   9.2109599e-02  -3.9179620e-01
   5.4378827e-01   1.6155676e-01  -4.2486268e-01
   5.1815443e-01   1.7466914e-01  -4.3099375e-01
   5.3588469e-01   1.4728798e-01  -4.2238395e-01
   5.7099030e-01   1.9825533e-01  -3.8211328e-01
   8.0528015e-01  -2.7381526e-01  -4.2065788e-01
   5.5125177e-01   9.8289043e-02  -4.1315343e-01
   6.3131751e-01   1.7677986e-02  -4.2023488e-01
   5.2487932e-01   1.7382428e-01  -4.1579130e-01
   9.6625838e-01  -4.4949356e-01  -5.1653580e-01
   5.4059920e-01   8.5696081e-02  -4.2981376e-01
   5.3069059e-01   3.3541620e-01  -4.1151193e-01
   5.3320632e-01   2.1471242e-01  -3.9712662e-01
   7.7514175e-01  -1.2907770e-01  -4.6260475e-01
   5.2860328e-01   1.2503407e-01  -3.8775624e-01
   5.2648424e-01   1.0145092e-01  -3.8411064e-01
   5.1902270e-01   1.4288572e-01  -3.9488719e-01
   5.1025191e-01   1.3474155e-01  -3.8057950e-01
   8.4708141e-01  -2.5035661e-01  -4.8815438e-01
   5.8220540e-01   4.1167596e-02  -3.9118843e-01
