   1.8185655e-01   3.6731657e-02  -3.2133640e-01
   1.7913525e-01   1.3832133e-01  -2.9269804e-01
   1.8906502e-01   1.4250631e-01  -2.6918430e-01
   2.0546629e-01   1.6253089e-01  -2.7445471e-01
   2.2575656e-01   1.4099168e-01  -4.2062707e-01
   2.4218935e-01   2.8064457e-02  -4.1172941e-01
   2.3749928e-01   8.4373055e-02  -3.9584237e-01
   2.8432709e-01   7.8711367e-02  -4.1011677e-01
   6.5399577e-01  -3.9231343e-01  -5.2936522e-01
   7.6937450e-01  -5.6167723e-01  -5.8363093e-01
   4.5043849e-02   5.6865696e-02  -4.9177363e-01
   5.1424480e-01  -2.3622172e-01  -5.6651174e-01
   2.3620097e-01   6.7802665e-02  -4.7250220e-01
   5.5056584e-01  -2.7263318e-01  -5.2909686e-01
   2.4456859e-01   7.8564249e-02  -4.3796296e-01
   2.1339523e-01   2.7307907e-02  -4.2716620e-01
   2.3020235e-01   7.1960293e-02  -4.4346839e-01
   2.0910764e-01   7.3313083e-02  -4.2014047e-01
   2.2170600e-01   2.2853422e-02  -4.2658162e-01
   2.2063156e-01   1.3668514e-02  -4.3182475e-01
   2.1299967e-01   2.0918025e-02  -4.3249571e-01
   2.2325057e-01   8.6511350e-02  -4.3458399e-01
   2.1427629e-01   7.2966162e-02  -4.3427643e-01
   2.3154573e-01   4.8838983e-02  -4.2506140e-01
   2.5139650e-01   6.4994870e-02  -4.4274543e-01
   2.4674001e-01   2.8171234e-02  -4.1711083e-01
   2.3770203e-01   4.7570736e-02  -4.2494231e-01
   2.4215758e-01   4.3204673e-02  -4.2965851e-01
   4.3234205e-01  -2.1968908e-01  -4.7269054e-01
   4.8783857e-01  -2.9898219e-01  -4.7231165e-01
   2.1654150e-01  -3.0116568e-02  -4.3719994e-01
   2.0176281e-01   5.1179122e-02  -4.0860571e-01
   1.8488601e-01   4.6006305e-02  -3.7178306e-01
   2.1016538e-01   5.1286561e-02  -4.3556952e-01
   2.1132366e-01   5.7614368e-02  -4.3648505e-01
   6.9112827e-01  -5.0364156e-01  -5.2932809e-01
   1.7030658e-01   1.5742085e-01  -4.9497476e-01
   2.1903301e-01   1.7304330e-02  -4.6340851e-01
   2.2704062e-01   1.3199210e-01  -4.8996216e-01
   2.4887258e-01   2.6740667e-02  -5.0213874e-01
   1.6110790e-01   2.1319223e-01  -4.9756033e-01
   2.1756354e-01   4.5494946e-02  -4.5981618e-01
   1.9255359e-01   3.6832504e-02  -4.6843503e-01
   2.4812688e-01   3.0714334e-01  -5.0922559e-01
   3.9738291e-01   2.3859047e-01  -4.9229317e-01
   1.9951757e-01   1.2130773e-01  -4.7862014e-01
   2.1082982e-01   1.0441813e-01  -4.5901523e-01
   2.1429724e-01   8.9302857e-02  -4.6188635e-01
   4.4967718e-01  -1.3921012e-01  -5.1043577e-01
   1.8723721e-01   5.7634961e-02  -4.5178181e-01
   2.0556941e-01   1.0478454e-01  -4.6640972e-01
   2.2817287e-01   9.7976538e-02  -4.5704341e-01
   1.8932332e-01   5.8785596e-02  -4.6012198e-01
   2.3264739e-01   1.0102697e-01  -4.4237703e-01
   1.9274156e-01   3.9344462e-02  -4.8348328e-01
   2.0812301e-01   2.3364878e-02  -4.6057917e-01
   4.0298807e-01  -9.8639460e-02  -4.9579187e-01
   2.0259390e-01   2.1764717e-02  -4.7026950e-01
   3.0830489e-01  -5.9861665e-02  -4.9625586e-01
   4.4626626e-01  -1.7129343e-01  -5.0404570e-01
   5.3272973e-01  -2.3411533e-01  -5.1338249e-01
   3.1192169e-01   4.6316568e-01  -4.5340845e-01
   1.9791267e-01   1.3975183e-01  -4.8026929e-01
   2.1878496e-01   4.9917383e-02  -4.8322473e-01
   2.6996973e-01   1.4160609e-01  -4.6808184e-01
   2.1715254e-01   4.3085137e-02  -4.6698922e-01
   2.2606724e-01   7.4327204e-02  -4.6273682e-01
   2.0310720e-01   3.3452985e-02  -4.5967494e-01
   2.0134137e-01   1.7816592e-02  -4.5761583e-01
   2.1370954e-01   1.0462839e-02  -4.6487816e-01
   1.9076213e-01   6.1634644e-02  -4.7361464e-01
   2.0245673e-01   2.4051046e-02  -4.4022312e-01
   4.4475497e-01  -2.1747117e-01  -4.8187149e-01
   2.2240623e-01   4.1899840e-02  -4.0877009e-01
   5.4561164e-01   3.4335652e-01  -4.7866116e-01
   2.4850779e-01   4.5158462e-02  -4.8485231e-01
   2.2837208e-01   5.3992668e-02  -4.9371413e-01
   2.3422419e-01   4.7799781e-02  -4.9128653e-01
   2.2961265e-01  -6.2806749e-03  -4.6653404e-01
   2.4748896e-01   3.8990210e-02  -4.6554496e-01
   2.1415198e-01   8.6900772e-02  -4.5531343e-01
   5.5110950e-01  -3.3923802e-01  -5.4112575e-01
   2.0518452e-01   9.2520307e-02  -4.7895295e-01
   2.3105445e-01   5.6728772e-02  -4.8434851e-01
   2.7369536e-01   1.9355642e-01  -4.5084894e-01
   5.2492887e-01  -2.5873836e-01  -4.8107775e-01
   2.0380849e-01   8.7489526e-02  -4.3514934e-01
   2.0767895e-01   6.2608053e-02  -4.5528152e-01
   6.3647538e-01   2.8369283e+00  -2.9529687e-01
  -2.3540970e-01   3.1706873e+00  -2.8543329e-01
   2.6755621e+00   4.3404735e+00  -2.8437664e-02
   2.9718815e+00   3.8415934e+00  -9.4175197e-03
   3.1068348e+00   2.1741912e+00  -4.0876960e-01
   1.3875655e+00   4.3434557e+00  -4.5435281e-02
  -2.0330590e+00   2.8944126e+00  -4.5781116e-01
   1.7157227e-01   5.2682582e-01  -4.9743999e-01
   2.1188566e-01   1.7975612e-01  -4.5961056e-01
   2.4034231e-01   1.5187155e-01  -4.5314407e-01
   2.1079774e-01   1.6186020e-01  -4.2630289e-01
   2.5267005e-01   4.7426206e-02  -4.3259357e-01
   2.5295901e-01   1.4920513e-01  -4.2123163e-01
   1.8716780e-01   1.5752291e-02  -4.3923191e-01
   2.1178527e-01   6.9227773e-02  -4.4471764e-01
   4.9272036e-01  -2.6841744e-01  -4.9223918e-01
   1.9656460e-01   3.1053268e-02  -3.9109539e-01
   1.8910013e-01   3.5622958e-03  -4.2946176e-01
   2.2497831e-01  -6.9392057e-02  -4.2558821e-01
   4.7738536e-01  -2.9766533e-01  -4.9227274e-01
   1.8481795e-01  -2.3736332e-02  -4.4992368e-01
   2.0284266e-01   2.7148268e-02  -4.2209635e-01
   2.1754270e-01   6.3504906e-02  -4.4696924e-01
   2.0456324e-01   2.3715860e-02  -4.3678354e-01
   1.2754631e-01   3.4518447e-02  -4.4789558e-01
   1.9860270e-01   4.8502168e-02  -4.3498152e-01
   4.8324390e-01  -3.2461719e-01  -5.0837490e-01
   1.7362666e-01   1.1152266e-02  -4.2775863e-01
   1.8438469e-01   7.6779696e-02  -4.4316999e-01
   1.9294990e-01  -1.3707311e-02  -4.5262006e-01
   4.7050382e-01  -3.1462447e-01  -5.1853296e-01
   1.8149566e-01   2.2745852e-02  -4.5043717e-01
   1.8519881e-01   8.1766743e-02  -4.7530539e-01
   1.8992064e-01   3.5647834e-02  -4.7141581e-01
   1.8056991e-01   2.9837549e-02  -4.6107772e-01
   2.0265931e-01   3.5696335e-02  -4.7726562e-01
   1.7409977e-01   5.9004960e-02  -4.6729732e-01
   1.2192090e-01  -3.3789463e-02  -4.4553754e-01
   1.8686616e-01   2.8159087e-02  -4.4182286e-01
   3.0586022e-01  -1.6860803e-01  -4.6642867e-01
   3.3011150e-01  -1.3423649e-01  -4.4012661e-01
   1.9877605e-01   9.1808275e-03  -4.1091347e-01
   1.8900493e-01   3.7612586e-02  -4.3171770e-01
   1.9583091e-01   5.6944029e-02  -4.1552534e-01
   2.1199812e-01   6.7714735e-02  -4.0739380e-01
   2.1413294e-01   8.2956593e-02  -4.5459371e-01
   2.1879056e-01   5.4875174e-02  -4.4353688e-01
   2.1183714e-01   9.9865095e-02  -4.0450914e-01
   2.0658984e-01   1.0818255e-01  -4.2747742e-01
   2.0415053e-01   5.2682002e-02  -4.3648829e-01
   2.2058143e-01   7.6654951e-02  -4.1760547e-01
   3.9214530e-01  -1.6227573e-01  -4.6554472e-01
   2.0812002e-01   7.1071952e-02  -4.3505252e-01
   1.7005129e-01   6.7844443e-02  -4.4877079e-01
   2.2059173e-01   2.6384205e-01  -4.3544403e-01
   1.9913212e-01   1.2291969e-01  -3.9543633e-01
   2.3261042e-01   8.0114086e-02  -4.3746369e-01
   2.0726522e-01   6.5532623e-02  -4.4525665e-01
   3.4379596e-01   1.7057088e-01  -4.2853707e-01
   2.1835637e-01   1.2576977e-01  -4.2728000e-01
   1.9319435e-01   1.1371854e-01  -4.2555211e-01
   5.0107996e-01  -2.9409802e-01  -4.9867010e-01
   1.9657873e-01   1.9832524e-02  -4.2642343e-01
   2.1370338e-01   1.2029911e-01  -4.2032549e-01
   2.0020276e-01   1.4001771e-01  -4.4476905e-01
   3.0200523e-01   1.7926731e-01  -4.4130631e-01
