   4.1422777e-01   3.8373043e-01  -2.0828807e-01
   3.7716870e-01   3.6355185e-01  -2.0576622e-01
   4.4441373e-01   2.8651227e-01  -2.2152797e-01
   4.3011133e-01   3.3349237e-01  -2.3253317e-01
   4.7499688e-01   2.5670719e-01  -3.7308552e-01
   4.8300790e-01   2.8033105e-01  -3.7321436e-01
   4.7347825e-01   3.5816761e-01  -3.3086550e-01
   4.6656781e-01   2.6187988e-01  -3.4852792e-01
   4.6352371e-01   2.8579226e-01  -3.5340220e-01
   4.6183607e-01   2.5464800e-01  -3.6041095e-01
   4.5035657e-01   2.6517811e-01  -3.7707073e-01
   4.5615965e-01   2.5435321e-01  -4.1489435e-01
   4.7513234e-01   2.7348686e-01  -4.1284931e-01
   7.2039007e-01  -1.4626898e-01  -4.7373310e-01
   4.5552423e-01   1.2431719e-01  -3.6203857e-01
   6.2454250e-01   3.9723508e-02  -3.9197188e-01
   4.7118547e-01   2.0901614e-01  -3.5656614e-01
   4.6732479e-01   2.0861650e-01  -3.5710399e-01
   4.6304225e-01   1.9220793e-01  -3.7775563e-01
   4.5589964e-01   2.8022833e-01  -3.6885362e-01
   4.6150286e-01   1.2033349e-01  -3.4635996e-01
   4.5766442e-01   1.6307139e-01  -3.5741747e-01
   4.1961631e-01   1.6408733e-01  -3.6201195e-01
   4.3374606e-01   1.8780334e-01  -3.5685329e-01
   4.3556056e-01   1.3134028e-01  -3.8783562e-01
   4.1828898e-01   1.9023927e-01  -3.5995428e-01
   4.3143979e-01   2.2724146e-01  -3.1670990e-01
   4.3359929e-01   2.4644038e-01  -3.3059721e-01
   4.2692811e-01   2.3138885e-01  -3.3984950e-01
   4.6305345e-01   1.7824109e-01  -3.4937958e-01
   4.2242634e-01   2.5789736e-01  -3.3442746e-01
   6.0644458e-01   6.6632342e-02  -3.6405967e-01
   4.2973770e-01   2.9520995e-01  -3.1014085e-01
   4.2495149e-01   2.0547148e-01  -3.6292756e-01
   4.0313448e-01   2.9059139e-01  -3.3583667e-01
   4.2660810e-01   1.6006204e-01  -3.8478003e-01
   6.7680952e-01  -1.4347031e-01  -4.5368634e-01
   4.1254632e-01   1.2723245e-01  -3.9670780e-01
   4.2024827e-01   1.3917498e-01  -3.9300767e-01
   3.7907852e-01   1.8320439e-01  -3.8886353e-01
   4.2223723e-01   2.3411052e-01  -3.3074340e-01
   4.2060503e-01   2.1658735e-01  -3.4256724e-01
   4.1509812e-01   1.8952940e-01  -3.5158174e-01
   3.9790115e-01   2.3120181e-01  -3.5708802e-01
   4.0067164e-01   2.6336887e-01  -3.3291629e-01
   4.1844184e-01   1.9690047e-01  -3.4100906e-01
   4.0860847e-01   2.9968831e-01  -3.3578268e-01
   4.1426511e-01   2.3741608e-01  -3.3563108e-01
   4.1549328e-01   3.5334953e-01  -3.2758936e-01
   5.8152035e-01   1.4746965e-01  -3.3524897e-01
   4.0017655e-01   3.9642965e-01  -2.7721641e-01
   4.1777860e-01   2.6178245e-01  -2.6702913e-01
   4.1613015e-01   2.9914780e-01  -3.2005014e-01
   4.1583415e-01   2.2437013e-01  -3.2648624e-01
   4.0464072e-01   2.4347489e-01  -3.5658407e-01
   3.8639749e-01   2.7237247e-01  -3.5128162e-01
   4.1208108e-01   2.3406692e-01  -3.7070225e-01
   4.0982762e-01   2.7790818e-01  -3.6423455e-01
   3.8974050e-01   2.4997839e-01  -3.3024103e-01
   4.0870690e-01   2.7223140e-01  -3.4856972e-01
   4.0666288e-01   2.4565378e-01  -3.6972711e-01
   4.0811145e-01   2.9365566e-01  -3.0765527e-01
   4.0461779e-01   3.5992811e-01  -3.1321812e-01
   5.9995812e-01   8.1307438e-03  -3.7442871e-01
   4.1056285e-01   2.5533077e-01  -3.1683569e-01
   4.1517608e-01   3.0482507e-01  -2.7614024e-01
   4.0952143e-01   3.3384484e-01  -2.7428352e-01
   3.9090124e-01   3.6223168e-01  -2.6668858e-01
   4.1166146e-01   4.0226127e-01  -2.9379661e-01
   3.9392521e-01   2.3997973e-01  -3.0010979e-01
   3.9951370e-01   2.6689500e-01  -3.2117360e-01
   4.0847352e-01   3.2720399e-01  -3.3866322e-01
   4.1525923e-01   3.0013291e-01  -4.1038136e-01
   4.1976194e-01   2.9194393e-01  -3.4954906e-01
   4.0786295e-01   3.1123941e-01  -3.7380083e-01
   5.7812658e-01   2.4654281e-01  -4.0037779e-01
   4.5316957e-01   3.6359161e-01  -3.1301488e-01
   4.5862056e-01   4.4071748e-01  -3.1701760e-01
   4.4781529e-01   3.2074480e-01  -3.4663435e-01
   3.8882361e-01   3.2274055e-01  -3.0111305e-01
   6.6398604e-01   1.8722114e-02  -3.7747473e-01
   4.2236402e-01   2.4345675e-01  -3.2320694e-01
   3.9384258e-01   3.3046222e-01  -3.4211279e-01
   4.2967927e-01   3.5343235e-01  -3.4338260e-01
   4.0314481e-01   2.7190578e-01  -3.1817312e-01
   3.6794074e-01   2.2851873e-01  -3.2478347e-01
   6.1617068e-01   5.9256407e-02  -3.9927457e-01
   3.9225550e-01   2.2628914e-01  -3.3830487e-01
   4.1530849e-01   2.5568084e-01  -3.3187947e-01
   3.9935572e-01   3.1434125e-01  -3.0285267e-01
   4.3130099e-01   3.2303180e-01  -3.1985012e-01
   4.3491932e-01   2.4799970e-01  -3.3890796e-01
   4.2036876e-01   2.9621656e-01  -4.0862823e-01
   4.3016316e-01   3.5512911e-01  -3.2096555e-01
   3.9513290e-01   3.9021852e-01  -3.0271747e-01
   4.1825890e-01   2.9559882e-01  -2.9395738e-01
   3.9940530e-01   3.0743699e-01  -3.0784066e-01
   5.7724612e-01   1.0049205e-01  -3.7152526e-01
   4.0642386e-01   3.3083474e-01  -3.0426137e-01
   4.1089539e-01   3.4117459e-01  -3.4607715e-01
   4.1595163e-01   4.0275540e-01  -3.5245507e-01
   4.0827889e-01   3.5029976e-01  -3.1635154e-01
   4.0810079e-01   3.1638491e-01  -3.1660852e-01
   5.7725514e-01   1.2016657e-01  -3.7236071e-01
   4.3184197e-01   2.7347392e-01  -3.4617393e-01
   4.1012152e-01   3.0616202e-01  -3.1647201e-01
   4.1127400e-01   2.6808904e-01  -3.2165160e-01
   4.0361284e-01   2.6612386e-01  -3.2565568e-01
   3.9187179e-01   3.5118678e-01  -3.0366042e-01
   3.8242380e-01   4.3482390e-01  -2.7395724e-01
   5.7311684e-01   8.5852611e-02  -3.2580919e-01
   6.9324981e-01  -3.5489062e-02  -3.1154151e-01
   3.6561745e-01   3.3007616e-01  -2.4705859e-01
   3.8155094e-01   2.7964515e-01  -2.6732125e-01
   4.0133397e-01   2.7835549e-01  -2.8975395e-01
   6.5677361e-01   3.6883987e-01  -3.1063381e-01
   1.7181779e+00   1.9308719e+00  -2.3421553e-01
   2.3705417e+00   3.6123790e+00   1.1217832e-01
   4.4259757e+00   4.3495298e+00   4.4834080e-01
   3.5542478e+00   4.3392098e+00   2.7033143e-01
   1.5043656e+00   3.5209876e+00   2.4491283e-01
   4.2716409e+00   3.9648863e+00   3.9718044e-02
   1.9483883e+00   4.3226025e+00   3.9743630e-01
   2.1520392e+00   4.3278635e+00   1.9418264e-01
   2.4659345e+00   3.8452608e+00   1.5277648e-01
   1.9002051e+00   2.9718527e+00  -1.6296372e-01
   3.6642332e-01   1.2289499e+00  -3.4644906e-01
   3.3031012e-01   1.6669256e+00  -2.9473406e-01
   4.2809264e-01   2.1751823e+00  -3.2954464e-01
   3.7301408e-01   1.1031579e+00  -2.3544029e-01
   5.4629103e-01   8.0491818e-01  -2.8562966e-01
   3.7634196e-01   6.2791100e-01  -2.3646657e-01
   3.7547402e-01   6.9830999e-01  -2.5841516e-01
   4.0528890e-01   8.1570251e-01  -2.6154384e-01
   3.8289916e-01   6.7822842e-01  -2.7028635e-01
   3.9321627e-01   7.2068221e-01  -2.6871300e-01
   3.5935763e-01   6.1101781e-01  -2.5377046e-01
   3.8490369e-01   5.9106118e-01  -2.6887009e-01
   4.0101829e-01   6.6950523e-01  -2.8801463e-01
   3.8461759e-01   6.7253755e-01  -3.0984840e-01
   3.6565012e-01   7.0495165e-01  -2.7408332e-01
   4.0149244e-01   6.9422189e-01  -2.6046340e-01
   3.9621825e-01   6.8832254e-01  -3.0096199e-01
   5.9573959e-01   4.5401611e-01  -3.4391844e-01
   4.1170859e-01   6.2194719e-01  -3.1915808e-01
   3.8296482e-01   5.4665382e-01  -3.1110691e-01
   3.8256997e-01   3.3934494e-01  -3.0515052e-01
   3.6009258e-01   3.0490383e-01  -3.0723980e-01
   3.7254657e-01   4.1075460e-01  -3.1854117e-01
   3.7357259e-01   4.4471877e-01  -3.3097754e-01
   3.9297539e-01   3.2182897e-01  -3.0559398e-01
   3.7032664e-01   3.6499341e-01  -3.1897318e-01
   3.5647985e-01   3.1910826e-01  -3.2619704e-01
   5.7920651e-01   5.5842541e-01  -2.9790891e-01
