   5.5579763e-01  -2.3450576e-03  -3.3388345e-01
   5.3813257e-01   1.2783852e-02  -3.2772891e-01
   7.8959646e-01  -3.2177561e-01  -3.7325020e-01
   5.6870673e-01  -2.0303609e-02  -3.4414552e-01
   7.3225906e-01   5.3950345e-02  -5.1080356e-01
   5.7469117e-01   1.8075962e-02  -4.8416358e-01
   5.5805852e-01  -5.1131157e-02  -4.6665553e-01
   5.5008567e-01  -8.8367505e-02  -4.7439945e-01
   5.7939010e-01  -9.1680505e-03  -4.6590834e-01
   9.9592356e-01  -4.9753006e-01  -5.5595113e-01
   5.6045048e-01   3.4349691e-02  -4.5995988e-01
   5.6501282e-01   3.5509266e-02  -4.4980302e-01
   5.5037317e-01   9.0907833e-02  -4.3202820e-01
   5.6453040e-01   1.6824765e-01  -4.2569666e-01
   5.6441440e-01   7.5172155e-02  -4.2298766e-01
   5.4174839e-01   1.2897968e-01  -4.1414030e-01
   5.4060138e-01   1.3816825e-01  -4.2253712e-01
   5.3913535e-01   1.7138160e-01  -4.2847539e-01
   5.3877859e-01   1.3179558e-01  -4.1410283e-01
   5.6082533e-01   1.2753661e-01  -4.1405661e-01
   5.0476322e-01   4.4571779e-02  -4.6438680e-01
   5.5377899e-01   1.1020593e-01  -4.5189400e-01
   5.3674945e-01   3.4896072e-02  -4.7083067e-01
   5.5329607e-01   5.9173259e-02  -4.6260277e-01
   9.3468530e-01  -4.9220066e-01  -5.5497217e-01
   7.2081967e-01  -2.0940974e-01  -4.9185679e-01
   5.2366978e-01   9.7274363e-02  -4.3893926e-01
   6.8377283e-01  -9.4702493e-02  -4.5539702e-01
   8.4372578e-01  -1.9856905e-01  -4.9594038e-01
   5.3621333e-01   4.4507813e-02  -4.3875018e-01
   5.4048469e-01   1.2929912e-01  -4.1457122e-01
   5.4217546e-01   1.1752974e-01  -3.9735352e-01
   5.3769951e-01   7.1059725e-02  -4.1055184e-01
   7.7589260e-01  -2.1032011e-01  -4.6141696e-01
   8.3720138e-01  -3.5869915e-01  -4.9926745e-01
   5.3182390e-01   2.0120475e-02  -4.3604868e-01
   5.4910093e-01   1.5958327e-02  -4.5260814e-01
   5.4853527e-01   4.9100077e-02  -4.4558716e-01
   5.3293389e-01   5.8780074e-02  -4.6291034e-01
   5.5840745e-01   9.5761408e-02  -4.8063364e-01
   5.2605978e-01   2.2104620e-02  -4.2191885e-01
   5.3647110e-01   7.4774498e-02  -4.3878759e-01
   5.2534911e-01   3.9900147e-02  -4.3327533e-01
   5.4467055e-01   1.6325195e-01  -4.3201486e-01
   5.6199596e-01   6.3420428e-02  -4.0493585e-01
   5.4695919e-01  -1.5045409e-02  -4.2483549e-01
   5.8621306e-01  -1.7779396e-02  -4.5646366e-01
   7.3530385e-01  -2.4640053e-01  -5.0602169e-01
   5.3936267e-01   5.0161762e-02  -4.2382387e-01
   5.2948424e-01   3.5299647e-02  -4.1583137e-01
   5.4270679e-01  -9.1960015e-02  -4.3144254e-01
   5.2661028e-01   2.2480365e-02  -4.3395295e-01
   5.4992963e-01   2.8423519e-02  -4.2528946e-01
   7.7004706e-01  -2.6518823e-01  -4.7826994e-01
   5.3013847e-01   9.1792336e-03  -4.2206395e-01
   7.7767607e-01  -2.6497898e-01  -4.7956486e-01
   7.0441485e-01  -1.6268387e-01  -4.8465529e-01
   6.7848664e-01  -2.0155043e-01  -4.2647404e-01
   5.2504480e-01   7.4346796e-02  -4.3936837e-01
   5.7278644e-01   4.6752368e-02  -4.3059608e-01
   5.8188728e-01   1.8435554e-01  -4.0359703e-01
   5.5057666e-01   2.7200715e-01  -4.0540827e-01
   7.8723999e-01  -3.1450062e-02  -4.4203801e-01
   5.9336078e-01   2.0129353e-01  -4.2227564e-01
   5.3138347e-01   1.8064459e-01  -4.1700796e-01
   5.1105825e-01   1.0600641e-01  -4.2059680e-01
   5.0849255e-01   1.4139823e-01  -4.0633049e-01
   4.8407309e-01   5.9856699e-02  -4.1309147e-01
   5.1282038e-01   1.3965887e-01  -4.2169054e-01
   7.2307909e-01  -1.1308863e-01  -4.4970926e-01
   5.0044928e-01   8.3141564e-02  -4.3519788e-01
   5.3272917e-01   1.5192993e-01  -4.0796638e-01
   5.3695160e-01   1.2851265e-01  -3.9083968e-01
   7.4737125e-01  -1.0501011e-01  -4.6294986e-01
   5.0812198e-01   9.9156575e-02  -4.5037297e-01
   5.4037472e-01   1.1093509e-01  -4.3814151e-01
   6.6534241e-01   1.4989089e-01  -4.3205018e-01
   5.3472912e-01   9.1150570e-02  -4.2904287e-01
   5.2367159e-01   4.8599622e-03  -4.3818469e-01
   5.3245415e-01   4.3739468e-02  -4.4942448e-01
   5.3121577e-01   7.5117868e-02  -4.3098754e-01
   5.3915738e-01   7.9545088e-02  -4.3964850e-01
   7.8035931e-01  -1.8908497e-01  -4.8796605e-01
   5.4992062e-01  -2.0401269e-02  -4.3589561e-01
   5.2319882e-01   6.3053621e-02  -4.3584718e-01
   5.2585680e-01   9.9681854e-02  -4.1356276e-01
   5.2977261e-01   1.0682228e-01  -3.9565593e-01
   5.4127333e-01   4.4899240e-02  -4.2141171e-01
   5.3335380e-01   1.0342634e-01  -4.2529561e-01
   5.2390045e-01   1.0802390e-01  -4.0120870e-01
   6.9782359e-01  -1.0774071e-01  -4.7099989e-01
   5.2164755e-01   4.5930915e-02  -4.2050492e-01
   8.4032884e-01  -2.7807821e-01  -4.9755036e-01
   5.2716545e-01   1.5160546e-01  -4.2767435e-01
   5.5354484e-01  -1.9803788e-02  -4.3303695e-01
   4.5921851e-01  -5.6710539e-02  -4.3310340e-01
   5.0635498e-01   1.0210809e-02  -4.3490263e-01
   7.7101465e-01  -2.2322491e-01  -4.9323029e-01
   5.1025452e-01   1.1356642e-01  -4.3409393e-01
   5.0433402e-01  -8.6389585e-03  -4.2022194e-01
   5.0592243e-01   1.3158581e-01  -4.2454692e-01
   5.0714549e-01  -3.2128901e-02  -4.1231567e-01
   5.0488987e-01   1.4360400e-02  -4.1590609e-01
   5.0726306e-01   2.0676307e-02  -4.3468640e-01
   5.1113352e-01   7.6843762e-02  -3.8096545e-01
   7.7227884e-01  -2.5116577e-01  -4.5883545e-01
   4.9889651e-01   2.3748978e-02  -4.5484969e-01
   4.8223774e-01   6.4771462e-02  -4.2089949e-01
   5.1112665e-01   6.1543229e-02  -4.1396509e-01
   4.9687298e-01   1.0829025e-01  -3.9507564e-01
   5.1108677e-01   1.2070078e-01  -4.1025611e-01
   5.0640900e-01   1.1267475e-01  -4.0870995e-01
   7.3218366e-01  -1.1024240e-01  -4.3931844e-01
   5.2429974e-01   1.8220460e-01  -3.9624657e-01
   5.2969841e-01   1.1701064e-01  -4.1519553e-01
   8.6007960e-01  -4.3234041e-01  -4.9274615e-01
   5.2304942e-01   7.3690655e-02  -4.1349457e-01
   5.1573132e-01   9.1856738e-02  -4.1981327e-01
   9.8585664e-01  -3.7610703e-01  -5.0466562e-01
   5.2469054e-01   1.3940983e-01  -4.1778010e-01
   5.7169728e-01   1.1806389e-02  -3.7770557e-01
   5.8562365e-01   2.4606016e-01  -3.9081305e-01
   5.0048099e-01   1.4818220e-01  -3.7189127e-01
   4.9845807e-01   9.0846990e-02  -3.5954429e-01
   5.1348589e-01   8.6299035e-02  -3.9144355e-01
   7.3544418e-01  -1.8517480e-01  -4.3292393e-01
   6.1703570e-01   1.9111589e+00  -3.6078938e-01
   1.7382357e+00   2.8723780e+00  -1.8695570e-01
   2.3728046e+00   3.3585719e+00  -1.7266456e-01
   2.3354952e+00   3.3942865e+00  -2.8985835e-01
   2.3223360e+00   4.3504904e+00  -5.3192746e-02
   8.3409103e-01   9.2015029e-01  -3.7314974e-01
   5.4488161e-01   1.7516111e-01  -4.5657206e-01
   5.5232119e-01   1.7948220e-01  -4.0792988e-01
   1.2620548e+00   1.2596397e+00  -4.7757219e-01
   6.8845373e-01   5.5640008e-01  -4.4263093e-01
   5.6437535e-01   9.1076084e-02  -4.0495233e-01
   5.3281556e-01   5.4106564e-02  -4.0967502e-01
   5.3751123e-01   9.6942002e-02  -4.2201645e-01
   5.5446343e-01   1.0468478e-01  -3.9344791e-01
   5.4295914e-01   1.9767682e-01  -4.2968339e-01
   5.0463375e-01   1.6529689e-01  -3.9915364e-01
   5.5349965e-01   1.5295288e-01  -4.4817431e-01
   7.8291160e-01  -1.2602616e-01  -5.0336079e-01
   4.9462691e-01   1.9338398e-01  -4.7084246e-01
   7.0954568e-01  -1.4484114e-01  -4.7949251e-01
   5.0848029e-01   1.7269070e-01  -4.2195066e-01
   5.1029894e-01   2.1660672e-01  -4.1664727e-01
   4.8035228e-01   1.9038829e-01  -4.3364441e-01
   7.4542180e-01  -4.9312954e-02  -4.8659342e-01
   5.2690348e-01   2.5220047e-01  -4.3474087e-01
   1.5436238e+00   2.7775787e+00  -4.0550509e-01
  -7.9948527e-02   3.5178088e+00  -2.6820462e-01
   6.3526824e-01   1.8508894e-01  -4.2620582e-01
