  -2.7635123e-02   4.6130623e-01  -1.5724910e-01
  -3.3443551e-02  -1.1780993e-01  -1.6165668e-01
  -4.7407071e-02  -1.1103480e-01  -1.7189187e-01
  -7.1070523e-02  -2.8510086e-01  -1.5972633e-01
   4.0745600e-02  -2.8368192e-01  -3.2842624e-01
   3.0388751e-02  -3.3723976e-01  -2.9092989e-01
  -2.0435363e-02   1.1892819e-01  -2.7492998e-01
   5.6323593e-01   1.1308697e+00  -2.6806274e-01
  -4.1828186e-03  -3.6904369e-03  -3.0891742e-01
  -9.6067044e-03   2.1590172e-02  -2.9975958e-01
   1.3568842e-02  -1.5071554e-01  -2.9907899e-01
  -4.0478283e-02  -1.5823619e-01  -2.7148164e-01
   5.1603415e-02  -2.5694333e-01  -2.9402742e-01
   3.2567236e-02  -3.7196764e-01  -2.8567579e-01
   1.3460736e-01  -2.8211244e-01  -2.5756130e-01
   1.5527545e-02  -3.5835793e-01  -2.6455088e-01
   1.9466448e-03  -3.4784820e-01  -3.0372756e-01
   2.7497667e-02  -3.6857293e-01  -3.0858044e-01
   3.9012062e-03  -3.6854363e-01  -3.2280178e-01
   2.0855021e-02  -3.8816290e-01  -3.5143043e-01
   2.4212387e-02  -3.6227047e-01  -3.4192611e-01
   2.4422219e-02  -4.1878830e-01  -3.4289436e-01
   4.5875142e-02  -3.7520892e-01  -3.5196094e-01
   1.8331396e-02  -2.2590636e-01  -3.1247362e-01
  -7.6418069e-04   6.1535687e-03  -3.0112912e-01
  -1.0590584e-02  -9.2209522e-02  -3.0525426e-01
   8.5876306e-03  -1.8989189e-01  -3.0628693e-01
  -1.2943460e-02  -1.9928259e-01  -3.1400982e-01
   1.7093748e-01  -2.3239184e-01  -3.0640026e-01
  -6.3290786e-02  -1.6220454e-01  -2.3824044e-01
  -3.2962927e-02  -1.0319530e-01  -2.4803539e-01
   2.1478995e-02  -1.7007162e-01  -2.5237721e-01
   2.2150041e-02  -1.4885838e-01  -2.6811807e-01
   4.7779181e-02  -1.4091425e-01  -2.7023823e-01
   8.0217542e-03  -2.6571990e-01  -2.6451581e-01
  -1.8237293e-03  -1.9991807e-01  -2.6901272e-01
  -1.0201031e-01   1.2215825e-01  -2.6653317e-01
  -9.3776212e-02  -1.4011385e-02  -3.0968345e-01
  -6.9915895e-02  -1.2630365e-01  -2.3832259e-01
   1.6583896e-01  -1.3436140e-01  -2.7947633e-01
  -1.8691082e-03   2.8730211e-01  -2.0699502e-01
   2.8168994e+00   2.6126407e+00  -1.5136626e-01
   8.0686467e-01   3.4724934e+00   1.5080435e-01
   1.4859412e+00   4.3018702e+00   3.7203532e-01
   4.4851369e-01   3.8396039e+00   2.9054639e-01
   4.2104670e+00   3.2894316e+00   2.5994020e-02
   2.5662239e+00   2.0671747e+00  -3.9438912e-01
   9.3303589e-01   4.3363033e+00   6.0481541e-02
   1.6615804e+00   4.1457525e+00   8.1034746e-02
   1.0890282e+00   3.1695529e+00  -9.7719208e-02
   1.4713274e+00   2.0357794e+00  -2.3162861e-01
  -6.4274179e-03  -1.8541607e-01  -3.4103765e-01
   3.1262549e-03  -2.1158618e-01  -3.0912624e-01
   4.1404895e-02  -3.4427556e-01  -3.1219254e-01
   1.5855714e-02  -3.3864715e-01  -2.6648373e-01
   2.7652555e-02  -3.7877005e-01  -2.8188681e-01
   3.6138954e-02  -4.5271909e-01  -3.0670402e-01
   1.6409163e-02  -4.1832003e-01  -2.6871793e-01
   2.9624505e-02  -3.7031255e-01  -2.9803762e-01
   1.9401644e-02  -4.8039424e-01  -2.8654878e-01
   2.9755414e-02  -5.4996580e-01  -3.0155109e-01
  -5.5209671e-04  -5.7343966e-01  -3.0930602e-01
   1.8104306e-02  -6.3675012e-01  -3.3087452e-01
   2.1645586e-02  -5.7560057e-01  -3.4899102e-01
   3.0690748e-01  -8.0516485e-01  -4.2815778e-01
   1.9001768e-02  -5.7957640e-01  -4.0720343e-01
   1.9143163e-02  -6.8302138e-01  -4.1123322e-01
   1.7179282e-02  -5.1684498e-01  -3.6381207e-01
   8.7998792e-02  -6.5761021e-01  -3.1875732e-01
   6.1822266e-03  -5.5917778e-01  -3.3970785e-01
   8.2242575e-03  -7.3848770e-01  -3.6014210e-01
   3.3265846e-01  -9.1703326e-01  -4.6924373e-01
   2.0053460e-02  -6.2673722e-01  -3.8247193e-01
   3.5065534e-02  -5.7512703e-01  -3.6863516e-01
   1.0587587e-02  -5.8112873e-01  -3.8588826e-01
   3.3652934e-02  -5.1317223e-01  -3.8431903e-01
   2.0960504e-02  -5.3263980e-01  -3.8394702e-01
  -3.8177689e-03  -5.8970619e-01  -3.7131306e-01
   9.5812399e-03  -5.4926447e-01  -3.7778100e-01
   2.5132650e-01  -7.9207907e-01  -4.3378686e-01
  -1.3779427e-01  -2.1024007e-01  -3.9577240e-01
   2.1629413e-02  -5.1716429e-01  -3.7405063e-01
   4.8215728e-02  -4.8838074e-01  -3.8068263e-01
   3.6501965e-02  -5.6715284e-01  -3.8815373e-01
   5.2753014e-02  -5.0370726e-01  -3.7348998e-01
   2.7729785e-02  -5.3223009e-01  -3.9604658e-01
   3.8545436e-01  -9.5000473e-01  -4.2652019e-01
   6.4242077e-04  -4.9213871e-01  -3.7581614e-01
   3.5863001e-02  -6.0837243e-01  -3.4286081e-01
   2.9011746e-01  -8.2934227e-01  -4.3222775e-01
   1.2499991e-02  -5.4342638e-01  -3.8682728e-01
   1.7998248e-02  -5.8734636e-01  -4.0267758e-01
   4.3960996e-02  -5.4458263e-01  -4.0816699e-01
   2.8648481e-03  -5.5002358e-01  -4.0370062e-01
   2.3941891e-02  -5.4088238e-01  -3.7133968e-01
   2.7145552e-02  -6.0109043e-01  -3.9004883e-01
   4.1281628e-02  -5.1640896e-01  -4.0314763e-01
   4.4307605e-02  -5.7352422e-01  -3.9618934e-01
   3.5756410e-01  -8.3825440e-01  -4.6198039e-01
   3.2243631e-01  -8.7713215e-01  -4.2667304e-01
   1.1012396e-02  -6.8568805e-01  -3.9629466e-01
   4.1825217e-02  -6.1833366e-01  -4.2267784e-01
   3.3613718e-02  -6.3477554e-01  -4.0497214e-01
   3.0594661e-02  -6.1277094e-01  -3.9338603e-01
   4.3074480e-01  -1.0214279e+00  -4.9628809e-01
   1.0827888e-01  -5.2574190e-01  -4.2839967e-01
   1.9729894e-02  -6.3644082e-01  -4.2334844e-01
   3.5159183e-02  -6.2199089e-01  -4.2031360e-01
   2.6319091e-02  -6.0469191e-01  -3.9877044e-01
   3.3390778e-01  -8.6462966e-01  -4.2599014e-01
   3.2520119e-01  -8.1399320e-01  -4.6111689e-01
   6.8728798e-03  -5.6192381e-01  -3.9941115e-01
   2.8169275e-01  -6.9272674e-01  -4.1722213e-01
   2.8900943e-01   2.5487545e-01  -3.7788769e-01
  -9.4721974e-01   2.6933084e+00  -2.7006289e-01
  -1.0457254e-01   4.3294523e+00  -6.4148190e-02
  -3.2765682e-01   9.4819099e-01  -1.8515238e-01
   5.1678425e-03  -3.8004485e-01  -3.4102198e-01
   3.7964266e-02  -4.4572387e-01  -3.4411895e-01
   4.3414614e-02  -4.8632285e-01  -3.8601264e-01
   5.7980459e-03  -5.3048031e-01  -3.5687680e-01
   3.4674335e-02  -4.9647126e-01  -3.8385040e-01
   3.0007272e-02  -5.2531584e-01  -4.2121873e-01
   3.3739286e-02  -4.7512777e-01  -3.9379340e-01
   4.0555244e-02  -5.4832233e-01  -3.9731164e-01
   2.9932174e-01  -7.7080881e-01  -4.3502263e-01
   3.2887141e-03  -5.6280383e-01  -3.6685479e-01
   5.0464005e-03  -5.9602305e-01  -3.5742731e-01
  -1.8621703e-02  -6.6713945e-01  -3.5173765e-01
   7.8985549e-03  -6.1635859e-01  -3.6006072e-01
   2.5175890e-01  -8.2736125e-01  -4.2520990e-01
  -1.4617336e-02  -6.1839944e-01  -3.8952266e-01
  -8.0208929e-02  -5.0193018e-01  -3.9702479e-01
  -1.5404219e-02  -4.6058054e-01  -3.6057442e-01
   2.6579809e-02  -5.7104671e-01  -3.6143720e-01
   8.8613149e-03  -4.8146731e-01  -3.5402922e-01
   3.7004859e-02  -5.0450540e-01  -3.7285307e-01
   1.1351428e-02  -5.1660793e-01  -3.8204264e-01
   2.1781590e-02  -5.2359237e-01  -3.4393251e-01
   1.1135235e-02  -4.7271827e-01  -3.3489179e-01
   7.2068658e-03  -5.1134089e-01  -3.6318459e-01
   2.3809205e-01  -6.9512285e-01  -4.3845906e-01
   6.6265447e-02  -5.3753512e-01  -4.5119052e-01
   4.2822787e-02  -4.4940313e-01  -4.2182058e-01
   2.8614575e-02  -5.2670953e-01  -4.4555438e-01
   3.3249014e-02  -5.7283562e-01  -4.4809840e-01
   3.0613555e-01  -8.3286006e-01  -4.9769639e-01
   3.4367934e-01  -8.6433601e-01  -5.2236935e-01
   8.0532942e-04  -5.0137389e-01  -3.8665742e-01
   1.8644440e-01  -6.3813907e-01  -4.2106564e-01
   1.9447938e-01  -6.0731113e-01  -4.1959725e-01
   8.8699771e-03  -5.1588754e-01  -3.8786992e-01
   1.1170818e-02  -4.0918654e-01  -4.1122629e-01
   1.5863111e-01  -1.3625811e-01  -3.2660029e-01
