  -7.5175575e-02   4.9151479e-01  -1.9571458e-01
  -6.0626177e-02   5.3538995e-01  -2.1075593e-01
   1.2097561e-01   2.3226681e-01  -2.5712411e-01
  -7.4274809e-02   4.8839103e-01  -2.1349790e-01
   6.7396823e-01   7.8152537e-01  -3.8116214e-01
   1.7463797e-01   5.4245915e-01  -3.9225030e-01
  -3.8897465e-02   4.6860186e-01  -3.8933709e-01
  -3.2244826e-02   4.5495570e-01  -3.5180945e-01
  -3.5468243e-02   4.3332484e-01  -3.9134203e-01
  -3.0813473e-02   4.6983871e-01  -3.6946696e-01
  -2.9839422e-02   4.5910855e-01  -3.7059892e-01
  -3.7512279e-02   5.1759191e-01  -3.2519720e-01
   2.8075636e-01   2.4617349e-01  -3.9022665e-01
  -4.0784312e-02   5.2319482e-01  -3.3234831e-01
   1.5061516e-01   1.9014455e-01  -3.9455071e-01
  -8.4719779e-02   4.2196473e-01  -3.0653228e-01
   1.2951847e-01   2.9973044e-01  -3.9024952e-01
  -6.9158382e-02   4.0155067e-01  -3.5245072e-01
  -7.2200793e-02   4.2747007e-01  -3.7149732e-01
  -7.5979287e-02   3.5660620e-01  -3.2972185e-01
  -2.6696523e-02   3.8519770e-01  -3.6796412e-01
  -4.2021332e-02   4.1966323e-01  -3.3088013e-01
  -7.0822857e-02   4.3505572e-01  -3.1606373e-01
  -6.0021515e-02   4.6454724e-01  -3.6999868e-01
  -2.1363476e-02   4.5527767e-01  -3.4969241e-01
  -8.9138141e-02   4.8964900e-01  -2.9883267e-01
   1.2198688e+00   1.4306627e+00  -2.9391759e-01
  -3.7493510e-02   4.5905909e-01  -3.6187947e-01
  -3.7219169e-02   5.0877789e-01  -3.3949121e-01
   4.9898564e-02   9.8056449e-01  -3.0716967e-01
  -3.5650086e-02   4.8073377e-01  -2.7668810e-01
  -4.2527060e-02   5.1210928e-01  -2.5988893e-01
  -5.0989144e-02   4.3108273e-01  -3.0103575e-01
  -4.9528600e-02   4.6380899e-01  -3.1653803e-01
   1.8893111e-01   1.6851452e-01  -3.9528759e-01
  -1.9966966e-02   4.2304689e-01  -3.2880320e-01
  -2.0789745e-02   4.1658504e-01  -3.8430298e-01
  -1.6923979e-02   4.6481983e-01  -3.3543397e-01
  -3.4243616e-02   4.8303208e-01  -3.2785106e-01
   7.5176100e-01   7.6042162e-01  -3.3217016e-01
   2.4558555e-01   3.1868996e-01  -3.4732677e-01
  -5.7521031e-02   4.4175272e-01  -3.3039366e-01
   5.4206042e-03   5.1946474e-01  -3.0169733e-01
  -4.4742742e-02   5.2902098e-01  -2.8792208e-01
  -5.4948346e-02   5.1827835e-01  -2.7659809e-01
  -7.1224196e-02   5.0681863e-01  -2.9193164e-01
  -8.4057410e-02   4.2167661e-01  -2.7228687e-01
  -7.6297052e-02   5.2453720e-01  -2.8168506e-01
  -6.9538207e-02   5.6272285e-01  -2.8149428e-01
  -6.9956508e-02   5.6088862e-01  -2.6401574e-01
  -7.4404157e-02   5.2572580e-01  -2.8105305e-01
   4.0870167e-01   6.1911742e-01  -3.3353686e-01
  -3.5738788e-02   5.0248177e-01  -3.1802749e-01
   1.7686459e-01   1.9687823e-01  -3.5750657e-01
   2.2362544e-01   1.6226843e-01  -3.5584384e-01
  -4.2148855e-02   4.9435273e-01  -3.1261507e-01
  -4.8646852e-02   4.5789454e-01  -3.0116316e-01
   4.0701152e+00   3.5732662e+00  -5.7282943e-05
   9.2161833e-01   4.2806401e+00   3.9812037e-01
  -2.2307676e-01   9.5687308e-01  -2.1387854e-01
  -2.6528897e-02   4.8744640e-01  -3.5665094e-01
   4.5579875e-03   5.5994439e-01  -3.1165451e-01
  -1.2248993e-02   5.2979162e-01  -2.9351849e-01
  -7.4772279e-02   5.1947974e-01  -2.1747791e-01
  -7.0273778e-02   4.9540480e-01  -2.7444993e-01
  -4.6010841e-02   5.4923056e-01  -3.2023210e-01
  -6.0252514e-02   4.2517536e-01  -3.0082421e-01
  -6.7197773e-02   5.4507853e-01  -2.9505048e-01
  -5.0348586e-02   5.5672544e-01  -2.9397086e-01
  -5.5937008e-02   5.5401747e-01  -2.9774592e-01
  -3.1949595e-02   5.8681157e-01  -3.1264695e-01
   2.0647932e-01   2.5174978e-01  -3.6269413e-01
   1.2225652e-02   7.0052610e-01  -3.1868558e-01
  -3.7092450e-02   5.4295325e-01  -3.1169456e-01
  -4.1006340e-02   5.4716046e-01  -3.3550313e-01
  -2.2267821e-02   5.1630376e-01  -3.4725773e-01
   2.0739842e-01   2.7718100e-01  -3.9434808e-01
   2.0733060e-01   2.5914581e-01  -3.9071365e-01
  -2.6764287e-02   5.1953671e-01  -3.6715463e-01
  -2.8924555e-02   5.8050105e-01  -3.4142895e-01
  -3.5257868e-02   5.1205301e-01  -3.4124542e-01
  -3.9055147e-02   5.2778971e-01  -3.2109021e-01
  -1.3201432e-02   5.4353492e-01  -3.1423998e-01
  -3.9697415e-02   5.1566060e-01  -3.2593183e-01
  -3.8624734e-02   5.4515496e-01  -2.9702741e-01
   3.9798383e-01   6.8915272e-02  -4.0657765e-01
  -3.7541124e-02   4.6838081e-01  -2.4995806e-01
   1.6456254e-01   3.2317222e-01  -3.1906423e-01
  -3.9656523e-02   5.3533052e-01  -2.5286541e-01
   1.8036628e-01   3.2323258e-01  -2.9381013e-01
  -6.4451463e-02   5.4994558e-01  -2.7774992e-01
  -3.1151009e-02   5.6913105e-01  -2.9788286e-01
  -3.4510151e-02   5.5494041e-01  -3.1642717e-01
  -2.9797594e-02   4.9580026e-01  -2.8870219e-01
   4.1091762e-01   1.2053105e+00  -2.6359968e-01
  -1.2618811e-03   5.2091802e-01  -3.0693936e-01
  -9.4293816e-03   4.9232571e-01  -3.0319630e-01
   2.8629628e+00   9.3289554e-01  -3.6060536e-01
  -1.7112372e-01   3.6921843e+00  -1.0212832e-02
  -4.6423534e-01   1.9488765e+00  -3.4050733e-02
  -1.9976828e-02   5.8466195e-01  -3.4124272e-01
  -2.2049462e-02   6.2357511e-01  -2.9126889e-01
  -6.1595823e-02   4.8765936e-01  -2.5233725e-01
   1.9990073e-01   2.1189982e-01  -3.4495969e-01
  -6.5735241e-02   4.5881762e-01  -2.9360363e-01
  -4.8079202e-02   4.8048327e-01  -2.8986127e-01
  -5.6589367e-02   5.2893817e-01  -2.7789899e-01
  -4.2400483e-02   4.6469296e-01  -2.9451982e-01
  -5.4169187e-02   4.4453032e-01  -2.8836615e-01
  -8.2819456e-02   4.5829716e-01  -2.8092758e-01
  -4.4574622e-02   4.9743677e-01  -3.0250104e-01
  -4.0478990e-02   4.8693729e-01  -2.5134718e-01
  -4.6987211e-02   4.7858555e-01  -2.8165051e-01
   8.4484210e-01   5.9492234e-01  -3.3693253e-01
  -5.1141205e-02   4.6350456e-01  -2.9616946e-01
  -4.1545277e-02   5.4490229e-01  -2.6458173e-01
  -2.7868162e-02   4.7291111e-01  -3.1300975e-01
  -3.5918132e-02   5.1216620e-01  -3.0004106e-01
   1.6271659e-01   1.9199211e-01  -3.4017293e-01
   3.2961433e-01   7.6137975e-01  -2.4186630e-01
  -2.5218789e-02   4.0443572e-01  -3.0907187e-01
  -3.2342322e-02   4.4018852e-01  -3.0253548e-01
  -2.5165669e-02   5.2402875e-01  -2.9607559e-01
  -2.4990138e-02   5.3360310e-01  -3.0478829e-01
  -2.4812503e-02   5.9794170e-01  -3.2258910e-01
  -2.4949000e-02   5.7837044e-01  -2.9570172e-01
  -3.2895936e-02   5.0899262e-01  -2.9767845e-01
  -3.5505798e-02   5.0220633e-01  -2.8547771e-01
  -2.4453683e-02   5.5711976e-01  -2.5444447e-01
  -3.1201696e-02   5.1653159e-01  -2.5328609e-01
   1.0027400e-02   5.1634664e-01  -2.5618302e-01
  -1.1091720e-02   4.9815841e-01  -2.6470541e-01
   1.3616459e-01   2.9054038e-01  -3.3148631e-01
  -4.3540500e-02   5.0428431e-01  -2.3236923e-01
  -1.8383437e-02   4.5363300e-01  -3.4128110e-01
  -4.2900139e-02   5.3202233e-01  -2.9196421e-01
  -4.1341016e-02   5.1515535e-01  -3.2306009e-01
  -3.7408275e-02   5.0818405e-01  -2.8608929e-01
   1.1953424e-01   3.2636422e-01  -3.5283459e-01
  -4.1896027e-02   4.6410225e-01  -2.7482165e-01
   1.6997602e-01   2.2487039e-01  -3.5023392e-01
  -2.7975404e-02   5.3176532e-01  -2.4312506e-01
  -2.2920348e-02   5.1273144e-01  -2.6275543e-01
  -2.2938065e-02   4.8495035e-01  -3.0753485e-01
   6.5702526e-03   5.1408397e-01  -3.3020420e-01
   1.7631258e-03   5.3512112e-01  -3.0552409e-01
   1.0069387e-01   5.6733744e-01  -2.9005104e-01
   1.8692026e-01   3.7814426e-01  -3.5439222e-01
   9.5952101e-03   6.2284419e-01  -2.8704035e-01
   3.2017090e-02   5.9674827e-01  -3.0689243e-01
  -6.8683168e-03   5.6946632e-01  -3.0404457e-01
  -9.7834192e-03   5.7826489e-01  -2.8329428e-01
   2.2028722e-02   5.9170844e-01  -2.8560737e-01
   7.4271499e-02   5.7258835e-01  -3.0075763e-01
