   4.9646333e-01   7.9508420e-02  -2.3805543e-01
   5.0063213e-01   9.7161989e-02  -2.4596715e-01
   7.7349571e-01  -2.3668830e-01  -3.1683691e-01
   4.8211874e-01   5.0419143e-02  -2.4697602e-01
   4.9791319e-01   2.5698953e-02  -4.0953790e-01
   5.2438379e-01   7.3265865e-02  -4.4719857e-01
   5.3283859e-01   3.2915297e-02  -4.3380169e-01
   5.1725141e-01   1.2693440e-01  -3.7559036e-01
   4.9159226e-01   2.6604041e-01  -4.0763862e-01
   5.0337325e-01   6.1604090e-02  -3.8333470e-01
   4.2720108e-01   1.1888942e-02  -3.9747100e-01
   6.9394137e-01  -6.7978752e-02  -4.5535322e-01
   5.6066885e-01   1.2176868e-01  -3.9777080e-01
   5.2989460e-01   9.3441188e-02  -4.0082608e-01
   5.1176636e-01   9.4814902e-02  -3.4864764e-01
   5.2666767e-01   1.0854508e-01  -3.4896133e-01
   5.4685926e-01   9.0837308e-02  -3.5387637e-01
   8.4661406e-01  -3.5582415e-01  -4.6238816e-01
   5.1989257e-01   7.7320639e-02  -3.6500482e-01
   5.2094276e-01   1.0565467e-01  -4.1992025e-01
   5.3214945e-01   1.3210462e-01  -3.8995761e-01
   6.0778713e-01   1.0737384e-01  -3.6353369e-01
   5.1532523e-01   6.7258468e-02  -3.7482601e-01
   5.1525044e-01   3.7792670e-02  -3.7406442e-01
   5.0752126e-01   7.4831332e-02  -3.6665640e-01
   5.2789806e-01   9.1333514e-02  -3.8643191e-01
   5.3209663e-01   2.0675403e-02  -4.1656022e-01
   5.4047274e-01   1.7444943e-01  -4.1810838e-01
   8.4613106e-01  -2.7784344e-01  -4.7879284e-01
   5.3014864e-01   6.6846988e-02  -3.7417779e-01
   5.5688830e-01   1.3292917e-01  -3.7374131e-01
   5.0872791e-01   9.8480286e-02  -3.7551266e-01
   5.4039290e-01   1.4145529e-01  -3.6450553e-01
   7.7982107e-01  -1.2296272e-01  -4.0521550e-01
   5.1806991e-01  -8.9030879e-02  -4.3163853e-01
   4.8665211e-01  -6.3147309e-03  -4.3365672e-01
   4.9577042e-01   4.7039063e-02  -4.2605596e-01
   5.3317472e-01   1.1026225e-01  -3.8593206e-01
   5.5411701e-01   9.2237559e-03  -3.8145175e-01
   5.0046120e-01   7.9788020e-02  -3.3502932e-01
   4.9139023e-01   1.9940127e-02  -3.6070604e-01
   5.0115567e-01   8.4070011e-02  -3.5421922e-01
   5.1472923e-01   4.0770851e-02  -4.6969180e-01
   5.0718168e-01   1.0855924e-01  -3.9671586e-01
   4.8954728e-01   1.6516360e-01  -4.0573095e-01
   7.2696217e-01  -1.4150205e-01  -4.4086025e-01
   7.9024911e-01  -2.4658097e-01  -4.7017674e-01
   5.1861201e-01   7.5031516e-02  -4.5314576e-01
   5.3074938e-01   1.0226148e-01  -3.7084075e-01
   5.2334048e-01   1.3319605e-01  -3.4287153e-01
   5.1087715e-01   8.3074270e-02  -3.6551027e-01
   5.0861534e-01   1.2898037e-01  -3.6570621e-01
   5.2170521e-01   1.0187276e-01  -3.4380778e-01
   5.1056973e-01   5.8303130e-02  -3.6902771e-01
   4.7758199e-01   1.1245165e-01  -3.7411718e-01
   4.7916633e-01   7.3098289e-02  -3.9250047e-01
   4.9124053e-01   1.0914273e-01  -3.6205538e-01
   6.7691349e-01  -2.0329307e-01  -4.1194740e-01
   4.6581335e-01   6.8336934e-02  -3.6303234e-01
   4.7794671e-01   1.0520660e-01  -3.2967575e-01
   4.5013985e-01   9.8051698e-02  -3.5520345e-01
   4.7990610e-01   8.7006240e-02  -3.6338956e-01
   4.6956726e-01   4.9366628e-02  -3.3410952e-01
   4.8671939e-01   1.2345397e-01  -3.3536478e-01
   4.7947372e-01   7.2010732e-02  -3.3646572e-01
   4.9912343e-01   9.8811430e-02  -3.4921966e-01
   4.5562670e-01   9.8292280e-02  -3.2732019e-01
   7.4233073e-01  -1.9532617e-01  -3.9302063e-01
   5.1046729e-01   5.8188525e-02  -3.7059340e-01
   4.8628555e-01   2.0181549e-02  -3.0898247e-01
   4.8345616e-01   1.2296154e-01  -3.5574113e-01
   4.7393418e-01   6.4788570e-02  -3.5681001e-01
   5.0776721e-01   6.5736473e-02  -3.5988477e-01
   5.0024634e-01   1.4375217e-01  -3.6343381e-01
   5.0763542e-01   1.3225886e-01  -3.9273766e-01
   5.0764242e-01   1.7523129e-01  -3.7749120e-01
   5.0098255e-01   1.3030614e-01  -3.8167716e-01
   5.1815022e-01   8.5383823e-02  -3.5614636e-01
   5.0795765e-01   1.2702913e-01  -3.7527733e-01
   5.2086098e-01   1.7804304e-01  -3.5404200e-01
   5.0397991e-01   1.2700109e-01  -3.6777043e-01
   5.0851666e-01   1.7674521e-01  -3.6757032e-01
   5.0945504e-01   1.1126252e-01  -3.5545804e-01
   5.0492892e-01   2.3604114e-01  -3.5211168e-01
   4.8498785e-01   1.3480990e-01  -2.7727383e-01
   7.0633546e-01  -9.3823246e-04  -3.6690660e-01
   4.9110845e-01   1.7516867e-01  -3.3052368e-01
   4.7438295e-01   1.0278270e-01  -3.1759359e-01
   5.1233847e-01   1.8658789e-01  -3.5501380e-01
   4.9548328e-01   1.5328214e-01  -3.0423136e-01
   4.8815121e-01   1.5353992e-01  -3.3391720e-01
   4.9445142e-01   1.1962964e-01  -3.5244094e-01
   7.0554131e-01  -1.2772690e-01  -4.2434864e-01
   4.7814391e-01   1.4980534e-01  -3.5663525e-01
   4.9052195e-01   1.4451082e-01  -2.8168389e-01
   4.9438681e-01   6.2255627e-02  -3.1323735e-01
   4.9450236e-01   8.7999552e-02  -2.6048980e-01
   4.6119689e-01   1.2519632e-01  -2.7817310e-01
   4.8189738e-01   1.2033259e-01  -3.2542217e-01
   4.5764128e-01   1.3363355e-01  -3.3294795e-01
   6.7659316e-01  -1.4543180e-01  -3.8436277e-01
   4.9634060e-01   1.4464345e-01  -3.6407111e-01
   4.9939437e-01   1.3211776e-01  -3.3129057e-01
   5.1219119e-01   9.8883253e-02  -3.2112060e-01
   4.8881788e-01   1.0886374e-01  -3.4670205e-01
   4.8734030e-01   1.7143759e-01  -3.1342023e-01
   4.8797884e-01   2.5126524e-01  -3.3156151e-01
   4.9383693e-01   1.1683865e-01  -3.6285842e-01
   5.1559108e-01   1.4950418e-01  -3.3955238e-01
   4.8534301e-01   1.5129797e-01  -3.3256939e-01
   5.0662181e-01   1.5890603e-01  -3.3757432e-01
   5.0580885e-01   1.6870394e-01  -3.3827120e-01
   5.1077029e-01   1.7211120e-01  -3.3349329e-01
   4.9523446e-01   2.4839483e-01  -3.2649838e-01
   5.1600304e-01   1.4601579e-01  -3.3006315e-01
   5.1565683e-01   1.8278025e-01  -2.9676220e-01
   4.7656610e-01   1.8568333e-01  -3.1315261e-01
   4.6755480e-01   1.6367197e-01  -3.0331598e-01
   6.9953692e-01  -1.0843481e-01  -3.7049875e-01
   4.7122176e-01   1.7768899e-01  -2.9338053e-01
   5.0851207e-01   2.6266062e-01  -3.0013402e-01
   5.1467248e-01   1.8232933e-01  -2.9561860e-01
   1.0222583e+00   9.6545941e-01  -3.3670416e-01
   5.2978346e-01   9.3633058e-02  -3.1094233e-01
   5.1129916e-01   1.9271600e-01  -3.0534038e-01
   8.2106181e-01  -1.3764430e-01  -3.9556197e-01
   7.3406848e-01  -1.7631125e-01  -3.5017161e-01
   5.0026466e-01   1.7436331e-01  -2.9545137e-01
   4.7131900e-01   1.9513015e-01  -3.0590231e-01
   4.8243297e-01   1.9441978e-01  -3.0231976e-01
   5.2340798e-01   2.2107383e-01  -3.0618666e-01
   4.7559676e-01   1.4912314e-01  -2.9592485e-01
   5.1149055e-01   1.6255812e-01  -3.2654641e-01
   5.0086305e-01   1.7850058e-01  -3.2682821e-01
   4.7105286e-01   7.7717852e-02  -3.1376319e-01
   4.9040112e-01   1.3617371e-01  -3.1513675e-01
   4.9507477e-01   9.9134898e-02  -3.1797489e-01
   5.1813813e-01   1.4030356e-01  -3.1030236e-01
   7.9366057e-01  -1.6601499e-01  -3.8400752e-01
   5.1169322e-01   1.2157972e-01  -3.4501073e-01
   4.2862498e-01   1.1036113e-01  -2.9124403e-01
   5.1831186e-01   1.9796682e-01  -3.1062838e-01
   6.5368234e-01   3.0339927e-02  -3.3941033e-01
   4.8903396e-01   1.5120578e-01  -3.3500038e-01
   5.2832936e-01   2.2190215e-01  -3.6736939e-01
   5.0173441e-01   2.2338560e-01  -3.3563479e-01
   5.0217945e-01   2.6602479e-01  -3.4651366e-01
   5.0027211e-01   2.6978086e-01  -3.2217880e-01
   4.8525476e-01   1.7645197e-01  -3.0775566e-01
   4.9318998e-01   1.2581436e-01  -3.2308750e-01
   5.0133544e-01   8.6012350e-02  -3.4058908e-01
   4.8468948e-01   1.7963997e-01  -3.5318499e-01
   4.9777799e-01   1.7698373e-01  -3.4052875e-01
   5.3237783e-01   9.6707644e-02  -3.5475476e-01
