   2.6121724e-01   5.8170003e-01  -9.7384892e-02
   9.6911543e-02   7.1743914e-01  -9.2630007e-02
   1.3818091e-01   7.9907833e-01  -8.5745528e-02
   1.1722751e-01   7.0214959e-01  -1.2281478e-01
   1.5185319e-01   7.2926214e-01  -2.9216981e-01
   1.5507146e-01   8.1283274e-01  -3.1257691e-01
   1.6625248e-01   7.5651425e-01  -3.0913312e-01
   1.6242031e-01   6.8575636e-01  -3.2781949e-01
   1.7923005e-01   6.7527536e-01  -3.1290141e-01
   1.4638222e-01   7.3652793e-01  -2.9572969e-01
   1.4362976e-01   7.4435860e-01  -3.1002996e-01
   1.5872342e-01   7.0944629e-01  -3.0592221e-01
   1.3054912e-01   7.3838782e-01  -2.7903682e-01
   1.4813519e-01   7.2333081e-01  -2.8376649e-01
   9.4144179e-02   7.2294942e-01  -2.2815500e-01
   1.3651435e-01   7.8512193e-01  -2.6304932e-01
   1.3245042e-01   7.5851830e-01  -2.6560308e-01
   1.4017090e-01   6.5336609e-01  -3.1285585e-01
   3.5383933e-01   4.8445983e-01  -3.3191470e-01
   1.2539412e-01   6.8570130e-01  -2.5887307e-01
   3.4377874e-01   4.8640576e-01  -3.2638242e-01
   1.2436301e-01   6.7213428e-01  -2.5770041e-01
   1.4211293e-01   7.8908854e-01  -2.3935510e-01
   1.0783888e-01   7.9978498e-01  -2.3795435e-01
   3.2020284e-01   5.9450793e-01  -2.4417772e-01
   1.5713202e-01   8.0645747e-01  -2.0489113e-01
   1.6705943e-01   8.5671720e-01  -1.8993439e-01
   1.5174748e-01   8.6481383e-01  -2.1386760e-01
   1.4687554e-01   8.2279398e-01  -2.2575952e-01
   1.4653470e-01   8.0076798e-01  -2.4244335e-01
   1.7070018e-01   8.7174532e-01  -2.3979243e-01
   3.1853528e-01   9.8788436e-01  -2.6630221e-01
   1.2752673e-01   8.8348289e-01  -1.8839466e-01
   1.5331981e-01   9.9129610e-01  -1.8935705e-01
   1.2967168e-01   9.2814648e-01  -1.5493957e-01
   1.3010157e-01   8.1717338e-01  -2.0377696e-01
   1.4913525e-01   8.5104052e-01  -2.2830395e-01
   1.0732361e-01   8.8229919e-01  -2.1550732e-01
   3.0905298e-01   6.7873774e-01  -2.7818537e-01
   1.1369140e-01   7.8980151e-01  -2.0693114e-01
   1.7350073e-01   8.0355302e-01  -2.5278877e-01
   1.4967322e-01   9.2873865e-01  -2.3171659e-01
   1.6099277e-01   8.9618326e-01  -2.0963958e-01
   1.1633051e-01   9.5361389e-01  -2.2056299e-01
   1.5035200e-01   7.8625220e-01  -2.7276256e-01
   1.4775342e-01   8.0076333e-01  -2.3975491e-01
   1.6647449e-01   7.7291576e-01  -2.2231777e-01
   1.3699510e-01   8.6018967e-01  -1.8347688e-01
   7.1481739e-01   1.7929521e-01  -3.0813769e-01
   2.8316082e+00   3.3098634e+00   2.7476151e-02
   2.0562783e+00   3.9245103e+00   4.1858154e-01
   4.4230675e+00   3.2535617e+00   1.6024321e-01
   3.4550387e+00   4.1102567e+00   2.9821300e-01
   4.4653115e-01   4.0308946e+00   4.4269977e-01
   3.0975901e+00   3.5236226e+00   1.5990567e-01
   1.6484531e+00   4.0442602e+00   1.3936201e-01
   2.7082438e+00   4.3357110e+00   3.3855431e-01
   2.8259590e+00   3.5755083e+00   1.6875990e-01
   3.5747715e+00   4.3436782e+00   4.9620285e-01
   1.0004088e+00   4.3069005e+00   5.4353371e-01
   1.1014092e+00   3.8938741e+00   2.9222413e-01
   1.3895757e+00   3.2305916e+00   2.5408067e-02
   1.0870125e+00   3.6313740e+00   9.7568223e-02
   2.2907245e+00   3.3939656e+00   7.0432632e-03
   4.4262612e+00   4.3498305e+00   5.3187645e-01
   1.3463892e+00   4.0655458e+00   1.7542058e-01
   1.8053138e+00   3.9009035e+00   5.1951606e-01
  -4.8020258e-01   4.2865795e+00   5.6691468e-01
   2.2108025e+00   3.9614496e+00   3.0268212e-01
   1.9088971e+00   3.8842418e+00   2.1253816e-01
   8.7307545e-01   4.3196977e+00   4.8514636e-01
   1.6309305e+00   3.9559667e+00   3.9159929e-01
   2.4486967e+00   4.3259634e+00   2.2622067e-01
   4.4262071e+00   4.3498038e+00   3.8581393e-01
   3.8810611e+00   4.3425203e+00   2.2162865e-01
   9.8703288e-01   4.3172638e+00   2.6929683e-01
   1.2881969e+00   4.3080880e+00   4.0289148e-01
   3.2935989e+00   4.0731172e+00   4.9421678e-02
   1.0502386e+00   4.3162884e+00   2.7105493e-01
   2.1861557e+00   3.4768185e+00   3.3253820e-01
   8.9295685e-01   4.2815558e+00   5.9701924e-01
   1.7487256e-01   4.3083526e+00   4.8450389e-01
   3.7890871e+00   4.3457960e+00   4.7453996e-01
   4.4259438e+00   4.3498094e+00   6.6309783e-01
   3.7098482e+00   3.9296380e+00   1.4292350e-01
   4.2127114e+00   4.3493390e+00   4.9763403e-01
   4.1136186e+00   4.3484287e+00   1.5641041e-01
   4.0397773e+00   4.0479935e+00   1.6543246e-01
   1.6020699e+00   2.6073773e+00  -2.2558371e-01
   3.3344971e-01   1.3753879e+00  -3.1471601e-01
   2.9207875e-01   1.3537200e+00  -2.5822078e-01
   2.7887845e-01   1.3039745e+00  -2.6192690e-01
   3.1061631e-01   8.3873877e-01  -2.2165505e-01
   3.1963488e-01   8.9497676e-01  -2.3427041e-01
   3.6861618e-01   1.0761221e+00  -2.4455327e-01
   3.4183704e-01   7.5773853e-01  -2.0176714e-01
   3.0195064e-01   7.9765921e-01  -2.0485397e-01
   3.0606892e-01   4.9619029e-01  -2.2621794e-01
   5.1054426e-01  -2.6587992e-01  -3.1758528e-01
   2.7255332e-01  -1.0624919e-01  -2.5317229e-01
   2.6658457e-01  -5.8234621e-02  -2.5055185e-01
   2.8163684e-01  -6.2755540e-02  -2.8964791e-01
   2.8270599e-01  -5.4609488e-02  -2.8901864e-01
   3.2484775e-01  -6.5869792e-02  -2.7791393e-01
   3.0544014e-01  -8.9812022e-02  -3.1530443e-01
   3.4073388e-01  -4.0321104e-02  -3.0368483e-01
   3.0104103e-01  -1.2158448e-01  -2.9941035e-01
   3.3371391e-01  -5.0952897e-02  -3.0724033e-01
   2.9642363e-01   4.8525000e-03  -2.4220835e-01
   3.3172485e-01   3.3748973e-02  -2.5894044e-01
   3.2581388e-01   4.8368779e-02  -2.9124186e-01
   3.1692721e-01   5.1821850e-02  -2.7988922e-01
   2.9706672e-01  -4.7098685e-02  -2.9868044e-01
   3.0337877e-01  -1.2180654e-01  -2.9421657e-01
   3.3504987e-01  -2.8559269e-02  -2.7926687e-01
   3.4849699e-01  -4.7013322e-02  -3.0164249e-01
   4.4278260e-01  -3.5785684e-01  -3.5446486e-01
   2.8480142e-01  -1.6221133e-01  -3.1599369e-01
   2.8182889e-01  -1.6213601e-01  -3.2658201e-01
   3.1637808e-01  -1.9955755e-01  -3.0246592e-01
   3.0896685e-01  -2.1227536e-01  -3.2722856e-01
   4.7324628e-01  -2.1664257e-01  -3.3874744e-01
   3.2149863e-01  -8.0144550e-02  -2.8273143e-01
   3.1579363e-01  -6.2615693e-02  -2.8257491e-01
   3.3656233e-01  -2.3783060e-02  -2.9916075e-01
   3.0490798e-01  -5.9630540e-02  -2.6695331e-01
   2.9431094e-01  -9.9798065e-02  -2.6418356e-01
   3.1274859e-01  -1.6104584e-01  -3.0923640e-01
   3.2448181e-01  -1.3778356e-01  -3.2125456e-01
   3.2049396e-01  -8.1960118e-02  -3.5676922e-01
   3.1890869e-01  -9.5595448e-03  -3.2075190e-01
   5.0282137e-01  -2.4997183e-01  -3.5662268e-01
   3.3214796e-01   5.0649159e-02  -3.3517645e-01
   3.0910595e-01  -8.2983672e-02  -3.3843977e-01
   2.9156995e-01  -1.3241299e-01  -3.2788710e-01
   3.1572561e-01  -2.6578904e-02  -3.1844368e-01
   2.8511032e-01  -4.4386003e-02  -3.4862693e-01
   3.1570056e-01   6.6844859e-03  -3.6087864e-01
   5.1423275e-01  -2.3635903e-01  -3.7916198e-01
   3.1108791e-01  -5.0766978e-02  -3.1962630e-01
   3.0858352e-01  -8.4025750e-02  -3.1246651e-01
   2.7323730e-01  -5.2506234e-02  -3.4045162e-01
   5.6208232e-01  -2.9778766e-01  -3.8845788e-01
   3.0526994e-01  -1.4772242e-01  -3.4032866e-01
   2.8782315e-01  -1.7661069e-01  -3.5849375e-01
   3.0754027e-01  -1.1949275e-01  -3.5402517e-01
   3.1032342e-01  -1.0981741e-01  -3.5046902e-01
   5.6907543e-01  -4.0005254e-01  -4.3252266e-01
   3.0424983e-01  -1.8114249e-01  -3.8566651e-01
   2.9529556e-01  -2.2650188e-01  -3.7793415e-01
   3.2319956e-01  -1.0105205e-01  -3.5829673e-01
   2.9885961e-01  -1.0319705e-01  -3.5671056e-01
   3.6878188e-01  -7.5614860e-02  -3.4485333e-01
   8.1065003e-01   1.3076706e+00  -1.2836176e-01
