  -3.8237135e-02   5.5299216e-01  -1.1160327e-01
  -5.3073694e-03   6.2019733e-01  -9.2860514e-02
  -1.2137479e-02   5.9753150e-01  -1.4520511e-01
   2.0932586e-01   3.0888213e-01  -1.9641410e-01
   6.7351338e-03   4.7318284e-01  -3.6298291e-01
   2.2852878e-01   3.0377133e-01  -4.0210886e-01
   2.4728258e-01   2.5188363e-01  -3.7902652e-01
   2.5946140e-01   3.0064702e-01  -3.6088090e-01
   1.7635549e-02   5.7154670e-01  -2.8359004e-01
   2.0666363e-01   3.4345954e-01  -3.1972350e-01
   1.0960328e-02   5.8821981e-01  -2.5928917e-01
   3.3022730e-02   7.3492009e-01  -2.7507747e-01
   1.7539270e-02   6.2541115e-01  -2.5742605e-01
   9.2705922e-03   6.0486156e-01  -2.6652707e-01
   2.6549830e-02   5.9252493e-01  -2.5149850e-01
  -1.0534079e-02   5.8484488e-01  -2.2993993e-01
  -3.0346672e-02   5.4926965e-01  -2.2937487e-01
  -3.2318178e-02   5.5758431e-01  -2.4121031e-01
  -1.7418623e-02   6.3275701e-01  -2.2078705e-01
  -5.0159922e-02   5.8025004e-01  -2.0671075e-01
  -9.9510451e-03   5.1891563e-01  -2.6939042e-01
  -1.1363892e-02   6.5512853e-01  -2.0250921e-01
  -2.0271533e-02   6.9426699e-01  -2.1972875e-01
  -1.2153306e-02   6.4510041e-01  -2.2214783e-01
   1.7172113e-01   4.7714227e-01  -2.9750485e-01
   1.1234966e-02   6.7198456e-01  -2.6895670e-01
   1.6416325e-04   6.9326006e-01  -2.0609583e-01
   3.2507048e-03   7.0428767e-01  -2.3573889e-01
   1.5013294e-01   5.4764393e-01  -3.0841928e-01
  -1.2748387e-02   5.5031171e-01  -2.4162345e-01
   1.5122524e-01   3.6365869e-01  -2.8866558e-01
  -2.7691365e-02   5.7554076e-01  -2.0339916e-01
  -3.5197675e-02   5.5745915e-01  -2.6203824e-01
  -4.3678987e-03   5.9661683e-01  -2.4797249e-01
  -3.7445962e-02   5.6013525e-01  -2.3479919e-01
  -2.8191646e-02   5.8400972e-01  -2.4859589e-01
   1.3827965e-02   6.6314076e-01  -2.7431108e-01
   2.2981953e-01   3.8392933e-01  -3.0519084e-01
  -4.1350402e-03   5.2561571e-01  -2.3849023e-01
  -1.0826335e-02   5.8738895e-01  -2.6091015e-01
  -1.0684365e-02   5.3287910e-01  -2.5278598e-01
   1.8798012e-01   3.4834870e-01  -3.0081386e-01
  -2.8457803e-02   5.6575256e-01  -2.4609992e-01
  -1.9821514e-03   5.9972669e-01  -2.8485316e-01
   2.5824446e-01   3.0399814e-01  -3.0968267e-01
   2.9404258e-01   3.0088614e-01  -3.1280044e-01
   1.1157711e-02   1.0766778e+00  -1.9076602e-01
  -3.1556983e-02   9.3628272e-01  -1.5116553e-01
  -5.6647729e-02   7.8471380e-01  -1.4239259e-01
   2.0456994e-01   5.4145248e-01  -2.3187202e-01
  -2.4223389e-02   7.6027466e-01  -1.9279781e-01
  -5.7644215e-02   6.6287744e-01  -1.0220105e-01
   9.6915216e-01   1.6341065e+00  -1.3322492e-01
   1.7423999e+00   4.0452738e+00   2.4016620e-01
   2.6224323e+00   4.1025480e+00   2.6017330e-01
  -8.7609722e-02   3.9163468e+00   5.5887228e-01
  -7.3511288e-02   3.5528515e+00   4.8995313e-01
  -1.0996851e+00   3.9076179e+00   3.1799011e-01
  -5.7925493e-01   3.9689846e+00   5.3318040e-01
   4.4262547e+00   3.8275871e+00   3.4866324e-01
   4.4261357e+00   4.3499497e+00   4.8692456e-01
   3.7466886e+00   3.9759067e+00   4.0294008e-01
   2.8122112e+00   4.0623937e+00   1.5653143e-01
  -6.2280714e-01   3.7643555e+00   4.5664345e-01
  -9.7680748e-01   2.7494260e+00   1.8201321e-01
   1.1546223e-01   1.0798904e+00  -2.3986942e-01
   1.3160711e-01   1.0542830e+00  -2.1594682e-01
   1.1142940e-01   9.7196333e-01  -2.2979099e-01
   1.1725614e-01   9.8148821e-01  -2.1396398e-01
   1.3894942e-01   9.9330873e-01  -1.5116900e-01
   1.2441777e-01   1.0225893e+00  -1.1393470e-01
   9.8170782e-02   8.3180699e-01  -1.6750236e-01
   8.5650155e-02   9.3001055e-01  -2.3623646e-01
   1.1008012e-01   9.2753131e-01  -2.0525106e-01
   1.1261011e-01   7.6306671e-01  -2.0629927e-01
   1.0736534e-01   8.6759793e-01  -2.3068143e-01
   1.2220426e-01   8.4368076e-01  -2.4112870e-01
   1.0160891e-01   9.0593494e-01  -1.9624905e-01
   1.2179979e-01   9.3414045e-01  -2.1378462e-01
   9.4972316e-02   8.6448532e-01  -1.9124320e-01
   2.5792334e-01   6.9569716e-01  -2.1860805e-01
   8.4339257e-02   7.5599102e-01  -1.5297378e-01
   3.0735159e-01   6.9004063e-01  -2.1450317e-01
   1.0596812e-01   8.2723057e-01  -2.0728991e-01
   1.0206260e-01   8.9254057e-01  -1.5233700e-01
   2.6277510e-01   6.4567653e-01  -2.1347746e-01
   2.9303267e-01   6.0817456e-01  -2.0699906e-01
   4.0251039e-01   4.4895202e-01  -2.4458443e-01
   9.9850265e-02   6.7274190e-01  -1.7027945e-01
   2.9008344e-01   3.9082314e-01  -2.7703006e-01
   8.4258476e-02   5.5333591e-01  -1.7586468e-01
   8.5041464e-02   7.0721711e-01  -1.5815603e-01
   7.7367885e-02   7.3727987e-01  -2.4755131e-01
   1.1018477e-01   8.0365694e-01  -2.3330584e-01
   1.0797373e-01   6.6938074e-01  -1.6892937e-01
   8.6158389e-02   8.5617715e-01  -1.7884403e-01
   5.9934070e-02   7.4365975e-01  -1.9352721e-01
   7.4437924e-02   7.4457611e-01  -2.2595027e-01
   1.2601142e-01   6.9117305e-01  -2.5901724e-01
   1.6232513e-01   6.8111262e-01  -2.8213475e-01
   1.2270103e-01   7.4648324e-01  -2.2756583e-01
   1.0933477e-01   6.8416836e-01  -2.4411417e-01
   1.1233056e-01   7.2893657e-01  -2.6691885e-01
   1.3449332e-01   7.7809873e-01  -2.2037797e-01
   1.4719490e-01   8.1051487e-01  -1.9748786e-01
   1.1233986e-01   7.6823981e-01  -2.0667535e-01
   8.8598456e-02   7.0251796e-01  -2.3946167e-01
   3.4098509e-01   3.8015066e-01  -3.0240356e-01
   3.2529722e-01   3.6541278e-01  -3.2058760e-01
   1.0891450e-01   6.2949233e-01  -2.9797633e-01
   6.8220777e-02   6.8432935e-01  -2.8309135e-01
   9.5247216e-02   6.8596268e-01  -2.3962416e-01
   1.1795462e-01   7.0572456e-01  -2.8047136e-01
   1.2985258e-01   6.6041477e-01  -2.8119910e-01
   1.2245231e-01   7.1049062e-01  -2.8776821e-01
   3.9337343e-01   4.8530804e-01  -3.3457652e-01
   9.1058212e-02   5.8782120e-01  -2.4905993e-01
   1.0283701e-01   5.8449524e-01  -2.9084740e-01
   8.6463169e-02   6.3864631e-01  -2.9623913e-01
   7.6469666e-02   6.0202411e-01  -2.8933986e-01
   7.0363262e-02   6.4517536e-01  -2.8250020e-01
   7.2251671e-02   6.8902315e-01  -2.8946307e-01
   8.2087163e-02   6.6438833e-01  -2.8496487e-01
   1.4344074e-02   7.3485946e-01  -2.8146165e-01
   2.6155435e-01   4.0424676e-01  -3.4123714e-01
   9.7929985e-02   6.3254175e-01  -2.9346269e-01
   9.4295797e-02   6.2023842e-01  -2.6293394e-01
   2.9666638e-01   3.6233374e-01  -3.0606906e-01
   1.2343632e-01   6.1824133e-01  -3.3438658e-01
   2.9044611e-01   3.8392991e-01  -3.6436586e-01
   1.1960390e-01   6.2288584e-01  -3.0169209e-01
   1.2104004e-01   6.5430126e-01  -2.8200345e-01
   9.6574632e-02   5.8382764e-01  -3.3798216e-01
   1.0950769e-01   5.7425939e-01  -3.3374841e-01
   1.1550840e-01   5.9983404e-01  -3.2141968e-01
   8.3420346e-02   6.1273966e-01  -3.1346339e-01
   3.1978333e-01   3.7841506e-01  -3.4510932e-01
   1.2811514e-01   5.4356648e-01  -3.0638696e-01
   1.2502808e-01   5.6001775e-01  -3.0532552e-01
   3.6612178e-01   2.1732742e-01  -3.7455754e-01
   9.6007293e-02   5.5057640e-01  -3.5460635e-01
   8.5168231e-02   5.2601194e-01  -3.1163737e-01
   9.1130577e-02   6.0988971e-01  -3.4644757e-01
   8.2778112e-02   5.5331361e-01  -3.2840982e-01
   9.8799935e-02   5.7741606e-01  -3.4672738e-01
   1.1524915e-01   6.1884198e-01  -3.4684160e-01
   4.4899590e-01   1.4138435e-01  -4.1768737e-01
   7.6403694e-02   5.4331776e-01  -3.3028557e-01
   7.5363161e-02   5.8282112e-01  -3.2098433e-01
   2.8515494e-01   3.6710185e-01  -3.6392916e-01
   9.2382915e-02   5.8283708e-01  -2.9843937e-01
   4.0473138e-01   2.5007034e-01  -3.7446716e-01
   1.0059634e-01   5.5066188e-01  -3.0627236e-01
   2.1205280e-01   8.8551854e-01  -2.0814117e-01
