   5.3457021e-01  -3.2569454e-02  -3.0443376e-01
   5.6326639e-01   1.3252613e-02  -3.1963179e-01
   5.3121654e-01  -6.3623203e-02  -3.2255887e-01
   5.3422805e-01  -7.9408043e-02  -3.2327576e-01
   5.5848589e-01  -2.5511500e-02  -4.9146906e-01
   5.6526352e-01   2.0953131e-02  -4.8581370e-01
   5.5159755e-01   4.1308227e-02  -4.5431283e-01
   8.7125939e-01  -4.2916138e-01  -5.2521260e-01
   5.6405154e-01   2.2805052e-02  -4.3924830e-01
   5.4014425e-01  -6.5849455e-03  -4.5895705e-01
   5.4837298e-01   4.5796324e-02  -4.4772778e-01
   5.3359062e-01  -4.0524621e-03  -4.3083916e-01
   5.3941638e-01  -1.9392391e-02  -4.3097547e-01
   5.4633377e-01  -3.7619778e-02  -4.5977878e-01
   5.3478775e-01  -2.3707258e-02  -4.2089450e-01
   5.0740589e-01   7.4707324e-02  -3.9941978e-01
   5.5045601e-01  -1.1215982e-02  -3.9752797e-01
   8.2903122e-01  -3.0928637e-01  -4.3414445e-01
   5.2486017e-01  -4.2410584e-02  -3.9991514e-01
   5.5029076e-01   2.6148547e-02  -4.5042243e-01
   5.2794441e-01   1.5311392e-02  -4.6778877e-01
   5.3645379e-01   5.8325218e-02  -4.2233301e-01
   7.9411197e-01  -2.7181576e-01  -4.8580578e-01
   5.5615483e-01  -3.9037655e-02  -4.5042487e-01
   5.9259079e-01  -2.9768548e-02  -4.4160293e-01
   5.4397616e-01   2.8648784e-02  -4.3588690e-01
   4.4889637e-01   3.7238431e-01  -4.3318731e-01
   5.1137604e-01   7.8910496e-02  -4.3847548e-01
   5.0095308e-01   1.3024901e-01  -4.6387222e-01
   5.6498785e-01   1.3430596e-01  -4.7389291e-01
   5.5269584e-01   3.8044544e-02  -4.6144943e-01
   5.9295924e-01   3.2995897e-02  -4.5893506e-01
   7.9630609e-01  -2.6279154e-01  -5.0862725e-01
   5.5034944e-01   2.4637629e-02  -4.3871245e-01
   5.2391411e-01   7.2952373e-02  -4.4653061e-01
   5.3801346e-01   9.8090699e-02  -4.2826873e-01
   5.3207954e-01   1.2568760e-01  -4.8468010e-01
   5.3706589e-01   4.0941485e-02  -4.7295894e-01
   5.6941118e-01   5.9532606e-02  -4.3521296e-01
   5.3820967e-01  -1.7302122e-02  -4.5587030e-01
   5.3234754e-01   4.1313816e-02  -4.4491235e-01
   5.3190133e-01   2.0532447e-02  -4.5503282e-01
   5.2259623e-01   7.0508312e-02  -4.7845717e-01
   5.2479520e-01   1.1668876e-01  -4.6557498e-01
   8.9492700e-01  -2.8122325e-01  -5.2627327e-01
   5.2878403e-01  -3.0845085e-03  -4.5442475e-01
   8.2568767e-01  -3.0667405e-01  -5.2339525e-01
   5.5270680e-01   6.4965204e-02  -4.4954527e-01
   5.4731986e-01   4.6377320e-02  -4.3056914e-01
   8.0360914e-01  -2.0324425e-01  -4.8509374e-01
   5.4514738e-01   8.2133190e-02  -4.1845475e-01
   4.5905970e-01   1.0743100e-01  -4.5432251e-01
   5.2771850e-01   4.8599222e-02  -4.5433865e-01
   5.7867796e-01   1.3434398e-01  -4.6280242e-01
   5.4301561e-01   1.1152730e-01  -4.2771315e-01
   5.3999519e-01   8.2563472e-02  -4.2386665e-01
   5.3986095e-01   1.8863345e-01  -4.2988200e-01
   5.3502123e-01   1.7554609e-01  -4.2103347e-01
   5.2162992e-01   1.0793553e-01  -4.3990537e-01
   5.3822026e-01   8.6165233e-02  -4.5978804e-01
   5.2719731e-01   9.7011902e-02  -4.8370350e-01
   5.2504415e-01   7.8736804e-02  -4.7205249e-01
   5.3342786e-01   1.6401902e-01  -4.6460412e-01
   5.4553169e-01   2.0518632e-01  -4.6111408e-01
   5.1700608e-01   1.6419755e-01  -4.5044958e-01
   6.9579134e-01  -5.2800117e-02  -4.9602757e-01
   5.4264768e-01   4.6111655e-02  -4.7355149e-01
   8.1767749e-01  -2.3982011e-01  -5.4482328e-01
   5.3043597e-01  -1.9284754e-02  -4.5497592e-01
   8.0935129e-01  -2.3266160e-01  -4.6967361e-01
   5.3409849e-01   4.8048023e-02  -3.7968426e-01
   4.7337983e-01   5.4952552e-02  -3.9368731e-01
   5.1133103e-01   3.3498659e-02  -3.9820434e-01
   5.2740889e-01   3.8296730e-02  -4.1142687e-01
   5.4032714e-01   7.4935566e-02  -4.4361081e-01
   5.4367561e-01   2.7336408e-02  -4.4818085e-01
   8.2198801e-01  -2.6280220e-01  -4.9095867e-01
   5.2101787e-01   1.3510998e-01  -3.9313067e-01
   5.2257203e-01   1.9766019e-01  -4.1123891e-01
   7.1432998e-01  -1.6829181e-01  -4.3135153e-01
   5.3408889e-01   1.3550333e-01  -3.6083870e-01
   5.2654894e-01   8.4130679e-02  -4.1634357e-01
   5.3908247e-01   1.3904908e-01  -4.2558964e-01
   5.3033507e-01   1.3763903e-01  -4.1065431e-01
   5.3377787e-01   1.2525703e-01  -3.9339494e-01
   5.1628078e-01   2.1220909e-01  -3.8090594e-01
   5.4529740e-01   9.1243625e-02  -3.8157329e-01
   5.2077640e-01   1.0522840e-01  -3.7504237e-01
   6.8787898e-01  -1.2290379e-01  -4.0696269e-01
   5.4516681e-01   1.7499470e-01  -3.6842615e-01
   5.5912946e-01   2.8393796e-01  -4.0051054e-01
   4.3511936e-01   1.8418960e-01  -3.9443398e-01
   5.4050829e-01   1.9159244e-01  -3.4501445e-01
   7.9478597e-01  -9.0220609e-02  -4.2743627e-01
   5.3483605e-01   1.7442800e-01  -3.7275951e-01
   5.2303722e-01   2.0873128e-01  -3.8132388e-01
   5.3622813e-01   2.4310881e-01  -3.6309382e-01
   5.0495789e-01   2.9337270e-01  -3.5011243e-01
   6.7344937e-01  -3.9978887e-02  -3.8811913e-01
   5.2955839e-01   1.8895455e-01  -3.5520492e-01
   5.3408633e-01   1.0332646e-01  -3.9915794e-01
   5.3441961e-01   9.3262797e-02  -4.1348926e-01
   5.0090439e-01   2.3187948e-03  -4.1302355e-01
   5.2035127e-01   7.5368609e-02  -3.8588221e-01
   7.3658146e-01  -8.6471957e-02  -4.3486825e-01
   5.0726890e-01   2.7327921e-01  -3.5861527e-01
   5.0405012e-01   2.1170424e-01  -3.0663888e-01
   5.0513226e-01   2.0257697e-01  -3.4093254e-01
   5.1659756e-01   1.8146015e-01  -3.6120801e-01
   5.3551155e-01   1.6955873e-01  -3.4361822e-01
   5.2525431e-01   2.7039908e-01  -2.9283923e-01
   4.8051622e-01   2.1307613e-01  -3.3997359e-01
   5.5845595e-01   2.5485110e-01  -3.2941575e-01
   6.1229480e-01   3.5039577e-01  -3.3678980e-01
   5.5006683e-01   2.2224697e-01  -3.4455307e-01
   5.5453696e-01   2.1622963e-01  -3.2191789e-01
   5.3760687e-01   2.1439699e-01  -3.1591792e-01
   5.3565084e-01   3.0251467e-01  -3.4450784e-01
   5.6281590e-01   2.4680477e-01  -3.2121219e-01
   5.2235042e-01   1.6826128e-01  -2.8999825e-01
   5.0889863e-01   1.8473069e-01  -2.6565851e-01
   5.1433674e-01   2.5742554e-01  -2.8768633e-01
   5.1137729e-01   2.6256618e-01  -3.1437584e-01
   7.4115256e-01   1.2603408e-02  -4.0627346e-01
   5.3003354e-01   2.1792984e-01  -3.1559726e-01
   1.9704010e+00   3.2310833e+00  -1.2533461e-01
   1.0672857e+00   4.3146867e+00   2.5176715e-01
   8.1058828e-01   2.4833370e+00   7.5053412e-02
   5.4729383e-01   2.8609049e-01  -3.7502860e-01
   5.4136261e-01   1.3893359e-01  -3.3694258e-01
   5.5100172e-01   1.7867941e-01  -3.3829524e-01
   5.4842221e-01   8.1515558e-02  -3.2049365e-01
   5.5458099e-01   1.5471095e-01  -3.4870269e-01
   5.5374998e-01   1.5755885e-01  -3.2546073e-01
   5.4671144e-01   2.0726270e-01  -3.2469679e-01
   5.3637351e-01   2.0465991e-01  -2.8545493e-01
   5.2838140e-01   1.6498476e-01  -3.1567222e-01
   5.3528974e-01   1.9373461e-01  -2.8710502e-01
   5.4483120e-01   2.3565449e-01  -3.1526623e-01
   5.3124096e-01   1.7639691e-01  -3.1119407e-01
   9.1650111e-01  -2.7650618e-01  -4.4905737e-01
   5.3771015e-01   1.4336078e-01  -2.8154216e-01
   5.3675113e-01   1.5946249e-01  -2.9769240e-01
   5.1596839e-01   1.7711146e-01  -3.0217598e-01
   5.4727431e-01   2.4515657e-01  -3.5528719e-01
   5.6868353e-01   2.4438275e-01  -3.5760135e-01
   5.5669536e-01   2.6128800e-01  -3.6929285e-01
   8.3872820e-01  -1.3104482e-01  -4.4559372e-01
   4.6545906e-01   2.5812345e-01  -3.6537430e-01
   5.4802521e-01   1.1837879e-01  -3.3269735e-01
   5.4163561e-01   2.1863464e-01  -3.5727028e-01
   5.2805334e-01   1.3568166e-01  -3.3652351e-01
   5.2037125e-01   1.3762084e-01  -3.3095262e-01
   5.8088109e-01   1.4492439e-01  -3.9297183e-01
