  -1.1109963e-02   4.9460356e-01  -1.5925856e-01
  -3.7804782e-02   4.8223030e-01  -1.8498173e-01
  -3.9209904e-02   4.7225103e-01  -1.7396452e-01
  -3.1489105e-02   5.4988404e-01  -1.8197812e-01
   6.5522886e-03   5.4411225e-01  -3.7744781e-01
  -3.7902394e-03   5.4667040e-01  -3.6538773e-01
   3.2336776e-03   5.8417091e-01  -3.7128419e-01
   2.8041516e-01   2.6735927e-01  -4.0815194e-01
   3.4530672e-02   5.0769526e-01  -3.4668614e-01
   3.8677913e-02   4.9667757e-01  -3.7343798e-01
   3.7330529e-02   5.1403283e-01  -3.6339880e-01
   2.5005377e-01   1.8421127e-01  -3.8812825e-01
   3.1748320e-02   4.8880277e-01  -3.3009578e-01
   3.2859311e-02   5.3245360e-01  -3.3100356e-01
   5.7704672e-03   5.3165787e-01  -2.8989970e-01
   1.0719101e-01   4.9846149e-01  -2.7505438e-01
   1.7189867e-02   5.5634300e-01  -3.0254534e-01
   5.7399301e-03   5.2993744e-01  -3.1331196e-01
   2.1927077e-02   5.2665356e-01  -3.0512312e-01
   4.5700005e-03   5.4498313e-01  -2.5948296e-01
   2.3247392e-02   5.1363658e-01  -2.6876201e-01
  -1.1017447e-02   5.5374326e-01  -2.7724980e-01
  -1.6782173e-02   5.1680482e-01  -2.7762350e-01
  -1.5785819e-02   5.5128301e-01  -2.7924626e-01
  -1.5431963e-02   5.5051847e-01  -2.6736533e-01
   2.9574412e-01   1.9945833e-01  -4.0110462e-01
  -1.0442566e-02   5.5887951e-01  -2.9277495e-01
   8.2895068e-03   5.5388687e-01  -3.2722018e-01
   5.9233169e-01  -1.3807099e-01  -4.4054906e-01
  -5.5518737e-02   4.6512160e-01  -2.6892819e-01
   1.0757101e-03   5.6274193e-01  -2.9654726e-01
  -5.2732660e-03   5.5205818e-01  -2.8831684e-01
  -1.0311394e-02   5.4340325e-01  -2.7261865e-01
   2.4006336e-01   2.3730986e-01  -3.3180938e-01
   4.0299904e-02   5.1684748e-01  -3.1764174e-01
  -3.2541949e-03   5.7474505e-01  -3.0924173e-01
  -4.3525771e-02   4.6887284e-01  -2.9190729e-01
   1.7253171e-01   2.8518697e-01  -3.2268972e-01
   2.0969645e-01   2.2815169e-01  -3.2849414e-01
  -3.0757165e-02   5.3601225e-01  -3.0513362e-01
  -2.4705754e-02   5.3208494e-01  -3.1469651e-01
  -1.3979178e-02   5.7344583e-01  -3.0961404e-01
  -4.7150990e-02   4.9174423e-01  -2.7607235e-01
  -1.7377912e-02   5.1013133e-01  -3.0656897e-01
  -1.3793703e-02   4.9550342e-01  -3.0364721e-01
  -3.4393064e-02   5.8442729e-01  -2.7791196e-01
  -4.8827922e-02   5.3126642e-01  -2.8698379e-01
  -1.8906580e-02   4.9211770e-01  -3.0508283e-01
  -3.5425379e-02   4.8570408e-01  -2.9525327e-01
   2.3088096e-01   2.5819365e-01  -3.6399402e-01
  -2.8675935e-02   5.7796374e-01  -3.0443079e-01
  -1.0510740e-02   5.7358731e-01  -3.1164680e-01
  -7.3545170e-02   6.2254583e-01  -3.0529120e-01
  -4.7317759e-02   6.2443722e-01  -2.8745789e-01
  -1.8879872e-02   6.5217612e-01  -2.7442980e-01
  -1.9623004e-02   6.6208734e-01  -2.6516519e-01
  -2.0855011e-02   5.3356974e-01  -2.5688347e-01
  -2.4859476e-02   5.6386118e-01  -2.8119758e-01
  -1.0707358e-02   5.7450403e-01  -2.6742830e-01
   3.4329813e-01   2.1892062e-01  -3.8807962e-01
  -1.0136355e-02   5.9527596e-01  -2.5765927e-01
   2.3891056e-01   3.8264016e-01  -3.4708538e-01
   2.0986364e-01   3.5926058e-01  -3.2698219e-01
   1.1157505e-02   5.3973847e-01  -3.2960776e-01
  -2.0881373e-02   6.0257147e-01  -3.3292323e-01
  -1.2333177e-02   5.9862065e-01  -3.6216638e-01
  -1.5432291e-02   6.0809282e-01  -2.9788401e-01
   1.8398307e-01   2.4463709e-01  -3.5837693e-01
  -2.0400239e-02   5.0099871e-01  -3.1021363e-01
   1.6920121e-01   2.5026432e-01  -3.7268393e-01
  -1.6090879e-02   4.6246300e-01  -3.2775036e-01
  -3.0745430e-02   6.9154747e-01  -3.3668216e-01
  -1.5870281e-02   5.8573034e-01  -3.1508587e-01
  -2.1787019e-02   5.5872247e-01  -3.1095559e-01
   2.5470234e-01   2.6057904e-01  -4.0641362e-01
  -8.7186646e-04   5.4561950e-01  -3.3434731e-01
   2.7149372e-01   2.5026410e-01  -3.7871586e-01
   1.7699598e-02   5.6045168e-01  -3.2466661e-01
   6.2099694e-03   6.1012479e-01  -3.0332938e-01
   6.8734387e-03   5.7670715e-01  -2.8363597e-01
  -2.5599567e-02   5.5979809e-01  -2.8388967e-01
  -3.4189329e-02   5.1632074e-01  -2.9426552e-01
   2.2560187e-01   2.9665924e-01  -3.5035212e-01
  -2.2667421e-02   5.1087697e-01  -3.1947634e-01
  -1.6042772e-02   5.4977068e-01  -3.1581861e-01
  -2.4377175e-02   5.7463315e-01  -3.4020755e-01
   1.5865115e-02   6.1524625e-01  -2.7005545e-01
   7.4729407e-03   6.0892250e-01  -2.8728203e-01
  -1.4571974e-02   5.1026726e-01  -3.1040909e-01
  -6.8837661e-03   5.5376193e-01  -3.0911468e-01
   1.0545216e-02   5.4984766e-01  -3.1006229e-01
   4.7384147e-01  -4.6362438e-02  -4.1416906e-01
  -1.8055598e-02   4.9017869e-01  -3.0170690e-01
  -2.6085138e-02   6.1004250e-01  -2.9186632e-01
  -9.6216277e-03   5.3706422e-01  -2.8054477e-01
  -1.9942789e-02   5.8621438e-01  -2.4937325e-01
  -1.3141952e-02   5.8405977e-01  -2.6059308e-01
  -2.2533258e-02   5.8387553e-01  -2.8699398e-01
  -1.6195543e-01   3.3922452e-01  -3.0087055e-01
  -6.1268361e-02   4.8073303e-01  -3.4561336e-01
   1.0576782e-04   4.9269893e-01  -3.4954000e-01
  -4.7927241e-03   4.1664159e-01  -3.5211006e-01
  -1.4858511e-02   5.4709295e-01  -3.0178452e-01
   5.0651041e-03   5.3101247e-01  -3.5049234e-01
   6.1532618e-01  -1.7696567e-01  -4.8581795e-01
  -2.1344164e-02   5.2455604e-01  -3.0516891e-01
  -2.6042455e-02   5.7796246e-01  -2.8076660e-01
  -4.0748959e-02   5.7488919e-01  -2.4783297e-01
  -1.9465042e-02   5.8164940e-01  -2.4279382e-01
  -8.4605569e-03   5.6971281e-01  -2.6895629e-01
   3.6682492e-03   5.7754925e-01  -2.8030956e-01
  -1.5488797e-02   5.1492796e-01  -3.0668581e-01
   1.7982659e-01   2.9334556e-01  -3.5759846e-01
   2.1530801e-02   5.2873252e-01  -3.2145312e-01
   2.9376347e-02   5.8882432e-01  -3.2069563e-01
  -3.3359056e-02   5.9496500e-01  -3.1592324e-01
  -3.8469451e-02   5.9204275e-01  -2.9747150e-01
   1.9808418e-01   3.5271340e-01  -3.3656843e-01
  -4.1635820e-02   5.3448509e-01  -2.0042374e-01
  -5.4427733e-02   5.8473486e-01  -2.6961646e-01
  -5.7744126e-02   5.9992000e-01  -2.5495308e-01
  -1.9965569e-02   6.2245567e-01  -2.5465497e-01
  -5.4914802e-03   6.1076596e-01  -2.4324254e-01
  -1.9254326e-03   6.0717741e-01  -2.7939937e-01
   2.1148631e-01   3.1609185e-01  -3.1269144e-01
  -2.9387281e-02   5.9252990e-01  -2.7921972e-01
  -1.3355219e-02   5.9717444e-01  -2.6546075e-01
  -5.8198947e-03   6.2421940e-01  -2.5361216e-01
  -9.9110410e-03   6.0090662e-01  -2.8094273e-01
  -3.3008323e-02   6.0596470e-01  -2.6254466e-01
  -4.3901342e-02   5.5108742e-01  -2.5214057e-01
   4.0340786e-01   9.7319508e-02  -3.7409975e-01
  -4.4742183e-02   5.0753039e-01  -2.3251825e-01
  -3.3174797e-02   5.5526008e-01  -2.5149128e-01
  -2.0381273e-02   5.5890343e-01  -2.8010163e-01
  -8.9129940e-03   5.9185001e-01  -2.6548738e-01
  -4.1931791e-02   5.8070768e-01  -2.4711805e-01
   1.9025798e-01   3.3509816e-01  -3.4811502e-01
  -1.4975071e-02   5.9957601e-01  -2.2739668e-01
  -9.4758468e-04   6.3031696e-01  -2.4327456e-01
  -6.6661948e-04   6.7681436e-01  -2.3730189e-01
   2.4081083e-01   3.5103741e-01  -3.2102716e-01
   1.5962462e-02   5.7318790e-01  -2.3967074e-01
   2.1094983e+00   1.9978383e+00  -1.5573868e-01
   1.9704118e-02   3.8301163e+00  -1.2534614e-01
   1.2695735e+00   3.8827594e+00  -4.9534814e-02
   4.4575097e-01   4.2941108e+00   2.0455614e-01
  -3.5803225e-02   1.1479191e+00  -2.8537718e-01
  -6.9216006e-03   6.0133153e-01  -3.6806146e-01
   1.9638940e-02   5.9755239e-01  -3.4110877e-01
   1.5220988e-03   6.6537602e-01  -3.1296523e-01
   2.9897085e-03   6.6254247e-01  -2.8580149e-01
   2.2927983e-01   3.5341827e-01  -3.1928226e-01
   5.9548707e-02   5.8338516e-01  -2.9689311e-01
