   1.9845422e+00   3.8955337e+00  -5.3747181e-02
   2.6979229e+00   3.0227259e+00  -6.0364274e-01
  -6.3827003e-01   3.9605150e+00  -2.7099820e-01
   1.7910634e-01   4.3262812e+00   9.2951623e-02
   1.5224341e+00   3.0369892e+00  -2.4861991e-01
  -1.6941489e-01   2.0463512e+00  -3.8204170e-01
   9.5508263e-02   1.5176630e+00  -4.3019181e-01
   4.9304052e-01   9.7045069e-02  -4.1937522e-01
   3.9769097e-01   1.8197904e-01  -4.0181502e-01
   3.9297647e-01   9.7903728e-02  -4.1112637e-01
   3.7277749e-01   1.1927714e-01  -4.1470668e-01
   3.6334065e-01   1.1488469e-01  -4.2544688e-01
   4.2870781e-01   2.9892861e-01  -4.4557809e-01
   3.7588944e-01   6.6730706e-02  -4.0863873e-01
   3.6351568e-01   3.8215634e-02  -4.0943342e-01
   6.3663127e-01  -2.8143336e-01  -4.7772647e-01
   3.8459642e-01  -4.6193268e-02  -4.4377490e-01
   3.7276605e-01  -1.7575576e-02  -4.2803113e-01
   2.9599490e-01   1.5416308e-03  -4.3699637e-01
   3.7927628e-01   7.0666341e-02  -4.3423319e-01
   3.9191612e-01   3.0298582e-02  -4.5897015e-01
   3.7925355e-01   1.0950440e-02  -4.4665408e-01
   4.5084718e-01   1.5311936e-01  -4.3037334e-01
   3.7580098e-01  -2.8367270e-02  -4.3706525e-01
   6.1473069e-01  -1.2570588e-01  -4.8389562e-01
   3.6978377e-01   1.3226420e-01  -4.0341183e-01
   4.1953792e-01   1.9086489e-01  -3.9960121e-01
   3.7301221e-01   1.3247638e-01  -3.9644924e-01
   4.4921142e-01   3.0082427e-01  -3.9877192e-01
   3.8957614e-01   2.2048646e-01  -4.2318520e-01
   3.8359313e-01   9.2332629e-02  -3.9616732e-01
   3.7951195e-01   5.8657892e-02  -3.9879681e-01
   3.8697649e-01   5.5061011e-02  -4.3624465e-01
   3.7422733e-01   3.4731380e-02  -4.2529547e-01
   3.7650288e-01   1.4938975e-01  -4.2152038e-01
   5.8978721e-01  -1.1514637e-01  -4.7194189e-01
   3.8773172e-01   7.7413829e-02  -4.4706971e-01
   3.5707889e-01   1.4478448e-01  -4.5346929e-01
   3.9079592e-01   3.2942514e-02  -4.5768777e-01
   3.3532165e-01   4.5439361e-02  -4.6780874e-01
   3.5272930e-01   5.4029682e-02  -4.5761052e-01
   3.7786315e-01   5.6979891e-02  -4.3196928e-01
   3.5648755e-01   1.9253715e-02  -4.3538024e-01
   3.7676232e-01   6.2536148e-02  -4.5751274e-01
   3.9076625e-01   8.2819322e-02  -4.5608280e-01
   3.8785528e-01  -2.6531391e-02  -4.4331917e-01
   3.8061771e-01   1.3741781e-02  -4.6506253e-01
   3.6240054e-01   4.4373650e-02  -4.6282316e-01
   5.9191524e-01  -2.1565044e-01  -5.3494785e-01
   3.7803013e-01   9.1411451e-02  -4.6048464e-01
   4.2303010e-01   2.1322876e-01  -4.9407199e-01
   3.6290454e-01   4.8365459e-02  -4.9240520e-01
   3.7794918e-01   7.1802380e-02  -4.7341526e-01
   3.6968192e-01   7.3768825e-02  -4.5104402e-01
   3.4049955e-01   1.3159229e-01  -4.7533269e-01
   3.4117856e-01   1.0653218e-01  -5.0791348e-01
   3.5405879e-01   5.9702287e-02  -4.8596592e-01
   3.7302052e-01   6.9558111e-02  -4.5938316e-01
   3.7333904e-01   6.4840918e-02  -4.2359865e-01
   3.6235684e-01   8.5008156e-02  -3.9989826e-01
   6.7219382e-01  -2.8445061e-01  -4.9548211e-01
   3.1673217e-01   3.6601883e-02  -4.1975907e-01
   5.5852313e-01  -1.6674414e-01  -4.6256182e-01
   3.3223522e-01   6.8359752e-04  -4.3217607e-01
   3.3078900e-01   5.1358710e-02  -4.6545490e-01
   3.5139357e-01   7.5627254e-02  -4.6638206e-01
   3.9746699e-01   1.0999498e-01  -4.7562353e-01
   3.5688604e-01   1.5387801e-01  -4.4097402e-01
   3.2191186e-01   8.0047670e-03  -4.4282660e-01
   2.9021536e-01   3.5548267e-02  -4.6421606e-01
   3.6350138e-01   6.9499714e-02  -4.5294482e-01
   3.6061181e-01   5.3754683e-02  -4.7234718e-01
   3.5197670e-01  -2.1836775e-03  -4.4396968e-01
   3.6070583e-01   4.1201334e-02  -4.6883949e-01
   3.4786471e-01   5.0545466e-02  -4.8451972e-01
   3.1601098e-01   9.7947201e-02  -4.4896949e-01
   3.4238323e-01   1.1502747e-01  -4.2215639e-01
   2.3055986e-01   1.2312670e-01  -4.4234181e-01
   4.7602667e-01  -2.4230872e-02  -4.5814862e-01
   5.6834668e-01  -1.1489806e-01  -5.2365699e-01
   4.6141166e-01   2.1247242e-01  -4.5908893e-01
   3.2211257e-01   1.6061293e-01  -4.6682100e-01
   5.9712266e-01  -2.2064881e-01  -5.2164302e-01
   6.6569434e-01  -2.9914617e-01  -4.8752015e-01
   3.4844951e-01   3.0487081e-02  -4.2733994e-01
   3.6260181e-01   3.8869689e-02  -4.1086924e-01
   3.4969914e-01   9.0532298e-02  -4.4367842e-01
   3.4252489e-01   8.6978627e-02  -4.5364300e-01
   3.3750933e-01   8.9754390e-02  -4.3945877e-01
   6.1843406e-01  -2.3582311e-01  -4.9860395e-01
   3.4009252e-01   4.3615709e-02  -4.3379632e-01
   3.2246619e-01   4.1275553e-02  -4.3227845e-01
   3.7375305e-01   3.4895042e-03  -4.3746875e-01
   2.6021950e-01  -7.3963834e-02  -4.4489945e-01
   3.2940389e-01   1.3252015e-01  -4.3346725e-01
   3.4852176e-01   1.2014253e-01  -4.4736180e-01
   3.2925715e-01   8.1086362e-02  -4.5456299e-01
   2.3487537e-01   5.9033986e-02  -4.7350021e-01
   3.1082925e-01   9.7378022e-02  -4.4572869e-01
   3.1210069e-01   7.8737791e-02  -4.3337993e-01
   3.3309087e-01   1.4458217e-01  -4.3482482e-01
   2.9980063e-01   1.8495176e-01  -4.5257208e-01
   3.3147497e-01   7.9023342e-02  -4.2596933e-01
   6.0496335e-01  -1.6785009e-01  -4.9552336e-01
   3.6451537e-01   6.4501836e-02  -4.4911631e-01
   3.2894181e-01   2.7622465e-02  -4.4427899e-01
   3.4784583e-01   1.0766802e-01  -4.3902957e-01
   3.5733616e-01   1.2183013e-01  -4.2349926e-01
   3.2677980e-01   7.5799726e-03  -4.4343855e-01
   4.6723813e-01   2.6367489e+00  -2.8239585e-01
   3.6392742e-01   2.1247436e-01  -4.5270573e-01
   3.6991537e-01   3.1683469e-01  -4.5332902e-01
   3.9090946e-01   2.2923854e-01  -4.2700174e-01
   5.3991221e-01  -1.0619818e-02  -4.2583011e-01
   3.4406072e-01   1.6072853e-01  -3.9837819e-01
   3.4088507e-01   1.4612558e-01  -4.0558686e-01
   3.6040615e-01   1.9722300e-01  -3.9506198e-01
   5.6936462e-01  -1.0546657e-01  -4.7099569e-01
   3.4438610e-01   1.3134038e-01  -4.4003919e-01
   3.0369530e-01   1.4524138e-01  -4.3351642e-01
   2.9512056e-01   1.9904315e-01  -4.6938925e-01
   3.4264933e-01   1.6836962e-01  -4.3325521e-01
   3.5702082e-01   1.9041215e-01  -4.1145091e-01
   3.3647504e-01   1.2881695e-01  -4.4093192e-01
   5.8402687e-01  -7.9758883e-02  -4.9711041e-01
   3.3123570e-01   1.6757245e-01  -4.4031013e-01
   3.3998955e-01   1.5491051e-01  -4.5875399e-01
   3.2400309e-01   1.3041560e-01  -4.4906436e-01
   1.0025709e+00  -4.0469507e-01  -5.3701834e-01
   3.1471445e-01   4.2811236e-02  -4.7203306e-01
   2.9947372e-01   9.6007595e-02  -4.8710836e-01
   3.3578952e-01   6.2914165e-02  -4.2938958e-01
   3.2210593e-01   3.8880175e-02  -4.3411260e-01
   3.4350947e-01   1.3213468e-01  -4.2434598e-01
   3.5674777e-01   8.8304908e-02  -4.2136676e-01
   3.5822176e-01   1.1477172e-01  -4.2759162e-01
   3.5936204e-01   5.4311502e-02  -4.3138424e-01
   4.1838467e-01   1.7540609e-01  -4.4936092e-01
   3.7563507e-01   1.2949528e-01  -4.3045639e-01
   3.4459677e-01   1.1750578e-01  -4.3492503e-01
   3.6172136e-01   1.4064075e-01  -4.4055831e-01
   3.6000511e-01   1.4007902e-01  -4.2533697e-01
   3.6572109e-01   1.1576907e-01  -4.2546386e-01
   3.2929518e-01   6.4187063e-02  -4.2493115e-01
   5.3307914e-01  -1.8942364e-01  -5.0301814e-01
   3.4108462e-01  -2.1715322e-02  -4.7877076e-01
   3.3458169e-01  -1.4613856e-03  -4.8067401e-01
   3.5239666e-01   8.0885240e-02  -4.5955461e-01
   3.3654941e-01   7.9178855e-02  -4.4389069e-01
   3.5996868e-01   2.1890031e-01  -4.7214315e-01
   3.3203744e-01   7.8298635e-02  -4.6338195e-01
   6.3839568e-01  -2.4403158e-01  -5.0894311e-01
   3.5195223e-01   1.0433046e-01  -4.4292509e-01
   4.0770563e-01   2.1646375e-01  -4.3886456e-01
