   8.6050531e-02   3.4214051e-01  -1.2946891e+00
  -1.9903512e-01   7.5561980e-01  -1.1773123e+00
  -1.9690624e-01   7.1511268e-01  -1.1712828e+00
  -1.6383477e-01   7.3720476e-01  -1.1876193e+00
  -4.8320063e-02   8.0432016e-01  -1.3733748e+00
  -1.2979802e-01   7.3893146e-01  -1.3090213e+00
  -1.6806299e-02   9.6660167e-01  -1.3256098e+00
  -2.5501037e-01   7.0864806e-01  -1.3254636e+00
  -1.3877479e-01   7.0014111e-01  -1.2900383e+00
  -1.2967546e-01   7.4317017e-01  -1.3161091e+00
  -7.3202899e-02   8.2248233e-01  -1.3322300e+00
   2.9054781e-01   3.5613015e-01  -1.4199488e+00
  -1.2328670e-01   7.5274437e-01  -1.2780139e+00
  -1.0739853e-01   6.8829654e-01  -1.3070572e+00
  -9.4991600e-02   6.8853171e-01  -1.3040455e+00
  -1.7384531e-01   7.8505237e-01  -1.2792046e+00
  -1.4513095e-01   6.9139894e-01  -1.2522423e+00
  -1.6681509e-01   7.6342343e-01  -1.2410849e+00
  -2.2138432e-01   7.6807919e-01  -1.1705139e+00
  -1.9891841e-01   8.7571944e-01  -1.2380497e+00
   1.7369875e-01   7.5732246e-01  -1.2526198e+00
   3.0151925e+00   3.4815001e+00  -1.0443382e+00
   1.4917528e-01   2.0752187e-01  -1.1436072e+00
  -1.5369573e-02  -3.8230094e-02  -1.2946674e+00
  -3.6544310e-02   5.4098070e-02  -1.2844336e+00
  -6.2926756e-02  -1.1806105e-01  -1.2574856e+00
  -5.4083427e-02  -1.1198666e-01  -1.2189896e+00
  -5.2417127e-02  -1.3331693e-01  -1.2459939e+00
  -4.0135668e-02  -1.7725760e-03  -1.3039373e+00
  -3.8516227e-02  -3.8496991e-02  -1.2338479e+00
  -8.9366166e-02  -1.0848381e-01  -1.2993896e+00
  -6.3176236e-02  -1.2328469e-01  -1.2359699e+00
  -1.8500195e-02  -1.3295681e-01  -1.2856471e+00
   3.2757258e-01  -3.9549697e-01  -1.4099680e+00
  -6.7320480e-02  -1.4222365e-01  -1.2267581e+00
  -3.9030610e-02  -1.0897410e-01  -1.2648063e+00
   1.7618992e-01  -3.8372898e-01  -1.3665568e+00
  -4.2059413e-02  -1.1495088e-01  -1.2751553e+00
  -6.6082277e-02  -9.5014737e-02  -1.2459043e+00
  -9.3429980e-02  -2.0052378e-01  -1.2415367e+00
  -8.4437828e-02  -1.8135630e-01  -1.2348262e+00
  -6.1000135e-02  -1.3525925e-01  -1.2780485e+00
  -4.8383095e-02  -4.7367998e-02  -1.3175666e+00
  -7.4371137e-02  -1.9857136e-01  -1.3148396e+00
  -7.2125306e-02  -1.8943659e-01  -1.2973733e+00
  -5.2418837e-02  -1.9318180e-01  -1.3067829e+00
  -1.1813797e-03   1.9585328e-03  -1.3909431e+00
   6.6627800e-02  -1.9144140e-01  -1.2563495e+00
  -5.0814298e-02  -1.7494319e-01  -1.2634452e+00
  -5.0920279e-02  -8.0293539e-02  -1.2783351e+00
  -3.7193825e-02  -3.1320864e-02  -1.2727076e+00
  -7.8228275e-02   2.5280817e-02  -1.2830652e+00
   1.7257067e-03  -1.6205133e-01  -1.2643209e+00
  -8.0430847e-02  -8.0986444e-02  -1.2984915e+00
  -4.1889092e-02  -7.0075149e-02  -1.3267063e+00
  -1.6782992e-01   1.5310248e-01  -1.3047828e+00
  -7.1103295e-02  -1.2126906e-02  -1.2623266e+00
  -5.2359883e-02  -2.7357276e-02  -1.3185542e+00
  -4.0800107e-02  -8.3163724e-02  -1.3133853e+00
   1.7990285e-01  -3.2623804e-01  -1.3966562e+00
  -5.9230555e-02   6.2987926e-03  -1.2849597e+00
  -4.6846998e-02  -1.1401906e-01  -1.2629262e+00
  -3.7420948e-02  -1.7078890e-01  -1.2421403e+00
  -8.3908669e-02  -1.4082552e-01  -1.2589367e+00
  -6.1142088e-02  -5.8624883e-02  -1.3374976e+00
  -1.0973824e-01  -9.8006577e-02  -1.2879253e+00
   4.1335335e-01  -5.5591856e-01  -1.3725976e+00
   1.4718285e-01  -3.5032872e-01  -1.3355612e+00
  -4.6092032e-02  -1.2171874e-01  -1.2989396e+00
  -6.5531802e-02  -3.9023568e-02  -1.2598571e+00
  -7.9677229e-02  -1.4708714e-01  -1.2822204e+00
  -7.2757607e-02  -8.1561025e-02  -1.3415986e+00
  -5.0288316e-02  -1.7313154e-01  -1.3113119e+00
  -1.0449011e-01  -5.0478865e-02  -1.2841415e+00
   1.1629349e-01  -3.0668734e-01  -1.3886426e+00
  -6.4718342e-02  -1.2322044e-01  -1.3179632e+00
  -2.5698165e-02  -7.2185124e-02  -1.3615642e+00
  -2.6251893e-02  -5.8384251e-02  -1.3365511e+00
  -6.5927175e-02  -3.6269137e-03  -1.3196493e+00
  -5.5085138e-02  -1.5936302e-01  -1.3136222e+00
  -8.1829067e-02  -1.2002326e-01  -1.3029420e+00
  -6.8608482e-02  -1.3633250e-01  -1.2687819e+00
  -9.7533683e-02  -3.7503442e-03  -1.3320989e+00
  -1.1306546e-01  -2.2545833e-01  -1.2376353e+00
  -1.2392826e-01  -1.9430315e-01  -1.2340997e+00
  -9.2368442e-02  -1.6093781e-01  -1.2872859e+00
  -4.5148156e-02  -1.4965759e-01  -1.2915053e+00
  -1.2938261e-01  -1.0853639e-01  -1.2644130e+00
  -1.3637409e-01  -1.7470609e-01  -1.2653633e+00
  -9.7256563e-02  -1.1232065e-01  -1.2595530e+00
   3.6742385e-01  -5.5726858e-01  -1.4446523e+00
  -9.4460421e-02  -9.4530103e-02  -1.3068103e+00
  -1.1712845e-01  -1.9635036e-01  -1.2349137e+00
  -8.7562829e-02  -1.2944428e-01  -1.2126217e+00
  -4.0796524e-02  -1.9471951e-01  -1.2781528e+00
  -4.3176238e-02  -1.3978907e-01  -1.2973953e+00
   4.8104019e-02   1.8497410e-02  -1.3051618e+00
  -5.4482760e-02  -1.6057790e-01  -1.2711767e+00
  -1.7996989e-02  -1.7199320e-01  -1.2931417e+00
   5.2802119e-03  -2.0565212e-01  -1.3074102e+00
  -5.0037051e-02  -4.2603915e-02  -1.2753049e+00
  -6.7540189e-02  -1.4534181e-01  -1.2124831e+00
  -1.7833786e-01  -4.6112646e-01  -1.3798495e+00
  -6.2643080e-01  -4.9160667e-01  -1.3455448e+00
  -5.5567470e-02  -3.2566531e-01  -1.3718133e+00
  -1.2257755e-01  -5.7000199e-02  -1.3065578e+00
  -6.5989054e-02  -1.4206702e-01  -1.3443325e+00
  -6.8879570e-02  -7.2201560e-02  -1.3192225e+00
  -5.6649915e-02  -1.6643957e-01  -1.3100681e+00
   3.4794127e-01   6.3076790e-01  -1.2385710e+00
   2.9209596e+00   3.7867131e+00  -9.9566228e-01
   1.6630617e+00   2.6092383e+00  -9.9563777e-01
   2.0701733e+00   2.8257615e+00  -9.8114457e-01
   1.4598464e-01   5.4845813e-01  -1.3952182e+00
  -5.8383844e-02   6.2621589e-01  -1.2527642e+00
  -1.9491494e-01   7.0277191e-01  -1.1530652e+00
  -1.8538688e-01   7.1494461e-01  -1.2051900e+00
  -1.5429089e-01   6.7613319e-01  -1.1999662e+00
  -1.5064048e-01   8.7010710e-01  -1.2181911e+00
  -2.1609034e-01   7.6653042e-01  -1.2083007e+00
  -1.6325925e-01   7.1732645e-01  -1.2280329e+00
  -1.6702561e-01   6.9482180e-01  -1.2278170e+00
  -1.9967194e-01   7.8557146e-01  -1.2769184e+00
  -1.5773298e-01   7.5364495e-01  -1.3082588e+00
  -1.7865039e-01   6.8096099e-01  -1.2846623e+00
  -1.6330265e-01   7.3007415e-01  -1.2965664e+00
  -1.7385601e-01   6.9310528e-01  -1.2598352e+00
  -2.4538820e-01   8.0600980e-01  -1.2113787e+00
   4.4993852e-02   4.3579742e-01  -1.3113330e+00
  -2.0765030e-01   6.9647720e-01  -1.2294173e+00
  -1.4966290e-01   6.7100126e-01  -1.2902862e+00
  -1.2154798e-01   7.9505081e-01  -1.2878173e+00
  -1.9776519e-01   7.0323217e-01  -1.2362761e+00
  -2.1305353e-01   6.8932085e-01  -1.2060874e+00
  -2.3918982e-01   6.8333364e-01  -1.1945116e+00
  -9.2694405e-02   6.9488860e-01  -1.3023559e+00
  -1.8842996e-01   8.6654683e-01  -1.2482969e+00
  -2.2614820e-01   8.0634439e-01  -1.1986436e+00
  -2.0853909e-01   7.5106775e-01  -1.2500400e+00
  -1.6687621e-01   6.9128674e-01  -1.3077133e+00
   1.5202581e-02   5.9840251e-01  -1.3589705e+00
  -2.6856338e-01   8.1392529e-01  -1.2549744e+00
  -1.9648998e-01   6.9366446e-01  -1.2218828e+00
  -1.9507700e-01   7.3741276e-01  -1.2376302e+00
  -3.1572420e-01   6.5239218e-01  -1.3207644e+00
  -1.4969361e-01   8.7900276e-01  -1.2967727e+00
   4.6597925e-02   6.0353029e-01  -1.3477017e+00
  -1.7690350e-01   8.4931344e-01  -1.2809137e+00
   1.4784194e-01   5.9498881e-01  -1.3460885e+00
   2.5176642e+00   2.8238337e+00  -1.2290669e+00
  -2.1778910e+00   2.9906799e+00  -1.1029432e+00
  -4.6245911e-02   4.4359418e-02  -1.3322771e+00
  -6.8884993e-02  -5.4642030e-02  -1.2798246e+00
  -4.8782860e-03   3.1399765e-01  -1.2749850e+00
