   9.3335466e-02   3.5323613e+00  -6.6916180e-01
   8.2861200e-01   1.4644647e+00  -9.3616053e-01
  -1.1418168e+00   4.1524326e+00  -1.6611248e-01
   6.4718355e-01   3.4193336e-01  -1.1158875e+00
   3.1828821e+00   3.2747173e+00  -1.0483947e+00
   4.4267741e+00   4.3500117e+00  -6.2079600e-01
   2.5975342e+00   4.3172242e+00  -7.7894944e-01
   2.6979957e+00   3.1540587e+00  -7.6358572e-01
  -1.1196016e-01   3.5833561e-01  -1.3208547e+00
  -1.3382083e-01   3.3329568e-01  -1.2677879e+00
  -1.1498516e-01   2.1915504e-01  -1.2710400e+00
  -9.2802388e-02   2.7277840e-01  -1.2715556e+00
  -1.0000624e-01   2.2985860e-01  -1.2615535e+00
  -1.1300128e-01   3.6571437e-01  -1.2501342e+00
  -1.7759574e-01   2.4039037e-01  -1.2525615e+00
  -1.7395420e-01   2.1623372e-01  -1.2415274e+00
  -1.1499309e-01   1.9017077e-01  -1.3074827e+00
  -1.8780795e-01   2.9869143e-01  -1.2569678e+00
  -2.3789248e-02   5.8580098e-02  -1.3094771e+00
  -1.9921910e-01   1.5705615e-01  -1.2203195e+00
  -1.7524018e-01   1.1193966e-01  -1.2348061e+00
  -1.6199777e-01   1.3787578e-01  -1.2448089e+00
  -1.9913026e-01   2.2051627e-01  -1.2418924e+00
  -2.5106629e-01   1.1676835e-01  -1.1937162e+00
  -1.9256235e-01   1.5090973e-01  -1.2147889e+00
  -1.1488698e-01   1.2276725e-01  -1.2581534e+00
  -1.7444163e-01   2.4867206e-01  -1.2358634e+00
  -1.6397115e-01   1.2307109e-01  -1.2296608e+00
   5.9033538e-02  -1.2474484e-01  -1.3179825e+00
  -1.5990461e-01   8.0520503e-02  -1.2559337e+00
  -1.0047331e-01   8.1776571e-02  -1.2808012e+00
  -1.5912816e-01   2.1588164e-01  -1.2733094e+00
  -2.0341400e-01   1.2711514e-01  -1.2077022e+00
  -2.0939327e-01   1.6958991e-01  -1.2631488e+00
  -1.4485510e-01   7.4868952e-02  -1.3013707e+00
  -1.7098703e-01   1.9528353e-01  -1.2896946e+00
  -2.0287738e-01   1.8273818e-01  -1.2448795e+00
  -2.0445506e-01   1.1383854e-01  -1.2199092e+00
  -2.0043797e-01   1.3628943e-01  -1.2712676e+00
   3.1196814e-02  -3.0354545e-02  -1.3726235e+00
  -1.8710842e-01   2.6251018e-01  -1.2798202e+00
  -2.2159594e-01   1.5502088e-01  -1.2341643e+00
  -2.1857230e-01   1.9532577e-01  -1.2308468e+00
  -1.8064333e-01   1.7002350e-01  -1.2638858e+00
  -1.9697691e-01   2.4320457e-01  -1.2332918e+00
  -2.1439411e-01   1.7188298e-01  -1.2214544e+00
   1.9404007e-02  -1.6825855e-02  -1.3246163e+00
  -1.6307229e-01   1.7152587e-01  -1.3423717e+00
  -1.4896066e-01   1.3441109e-01  -1.2663707e+00
  -1.8767562e-01   2.4641029e-01  -1.2743221e+00
  -1.8483663e-01   1.6229693e-01  -1.2268927e+00
  -2.1184062e-01   1.7359684e-01  -1.2180913e+00
  -2.0489221e-01   1.6352497e-01  -1.2026119e+00
  -2.1077571e-01   1.8847179e-01  -1.2465299e+00
  -2.1389470e-01   1.1595340e-01  -1.2740690e+00
  -2.1415001e-01   1.3345262e-01  -1.2637631e+00
   5.6401766e-03  -1.3307271e-01  -1.3389339e+00
  -2.3295907e-01   1.2391818e-01  -1.2276026e+00
  -2.5671880e-01   2.7229232e-01  -1.2220847e+00
  -2.4657999e-01   1.6105062e-01  -1.1708181e+00
  -2.3370486e-01   1.3949731e-01  -1.2089231e+00
  -2.1063698e-01   1.0763446e-01  -1.2596842e+00
  -1.9579162e-01   1.9264599e-01  -1.2573301e+00
  -2.0420223e-01   1.7101536e-01  -1.1962871e+00
  -2.1989352e-01   1.2537725e-01  -1.2186071e+00
  -2.1307841e-01   9.0816387e-02  -1.2588842e+00
  -2.5171798e-01   1.6406633e-01  -1.2108754e+00
   5.4174388e-01   2.6146105e+00  -9.9397525e-01
  -1.4215656e-01  -4.6908363e-01  -1.1411553e+00
   4.9186008e-01   4.2463590e-01  -1.1572934e+00
   7.4574666e-01   1.1384453e+00  -1.1304874e+00
   8.5042968e-02   8.4305201e-01  -1.0302904e+00
  -1.1255785e-01  -8.6934780e-01  -1.2381444e+00
  -5.9173458e-02  -8.1509063e-01  -1.2533427e+00
  -7.8158045e-02  -3.8660163e-01  -1.2702328e+00
  -7.4534571e-02   9.7613957e-03  -1.2805577e+00
  -1.1757954e-01   1.9160803e-01  -1.2240419e+00
  -1.2370623e-01   4.6798349e-02  -1.2874478e+00
  -1.0383812e-01   6.7194534e-02  -1.2859477e+00
  -5.9140241e-02   2.1850708e-02  -1.3073586e+00
   1.5024244e-01  -9.2696544e-02  -1.3932886e+00
  -1.2128715e-01   4.0224141e-02  -1.2337149e+00
  -8.4485243e-02   6.1144362e-03  -1.3172971e+00
  -9.0344818e-02   8.1819976e-02  -1.3449539e+00
  -1.0355076e-01   4.5725370e-03  -1.2887172e+00
  -1.1495885e-01   6.4370566e-02  -1.2916529e+00
  -1.0919320e-01  -2.8538972e-02  -1.2719760e+00
  -1.3480193e-01  -8.6611141e-02  -1.2161671e+00
  -9.6821843e-02  -1.5846957e-01  -1.2845667e+00
  -1.2405119e-01   1.2316182e-02  -1.2656279e+00
  -1.5116750e-01  -6.2535979e-02  -1.2340773e+00
   7.2661149e-02  -3.2345031e-01  -1.3350461e+00
  -1.1306816e-01  -1.1517760e-01  -1.2464015e+00
  -8.2152204e-02  -1.2454248e-01  -1.3067476e+00
  -1.3036533e-01  -2.8918451e-02  -1.2710620e+00
  -1.3495892e-01  -8.6461363e-02  -1.1978510e+00
  -1.2511628e-01  -3.8797613e-02  -1.2422737e+00
   6.7939760e-02  -5.4209061e-02  -1.2806591e+00
  -1.2867197e-01  -2.4083894e-02  -1.2778244e+00
  -1.1826390e-01  -6.9155960e-02  -1.2076867e+00
  -1.2571600e-01  -1.1389189e-01  -1.2521956e+00
  -1.2696778e-01  -8.0308035e-02  -1.2266282e+00
  -1.1065131e-01  -2.5201838e-02  -1.2723409e+00
  -1.4861007e-01   8.4376211e-02  -1.2122921e+00
   7.7275019e-02  -2.6197750e-01  -1.3214124e+00
  -1.4373930e-01   7.4907695e-04  -1.2430733e+00
  -1.0469838e-01  -3.9202255e-02  -1.2738361e+00
  -1.2237038e-01   6.3856414e-02  -1.3079195e+00
  -1.6816939e-01  -2.1207859e-02  -1.1891038e+00
  -1.6077150e-01  -5.5529630e-02  -1.2074738e+00
  -1.0924759e-01   7.2039017e-01  -1.2336893e+00
   7.4541620e-01   1.4786537e+00  -1.1908561e+00
   2.3136866e+00   4.3212429e+00  -5.8105873e-01
   4.7179947e-02   2.4456561e+00  -8.0531202e-01
   1.7474196e-02   1.6841387e+00  -1.1799743e+00
  -2.5513285e-01   9.6716307e-01  -1.2358960e+00
  -2.6790784e-01   1.1114067e+00  -1.1851668e+00
  -2.5739352e-01   1.0515007e+00  -1.2024726e+00
  -2.5553618e-01   9.8841812e-01  -1.2129335e+00
  -2.5414075e-01   9.9444779e-01  -1.2150359e+00
  -2.1966194e-01   1.0637470e+00  -1.2623581e+00
  -2.5567831e-01   1.0985990e+00  -1.2678066e+00
  -2.3675646e-01   9.8034993e-01  -1.2684291e+00
  -2.5925692e-01   1.0182900e+00  -1.2773656e+00
  -2.5426177e-01   8.9439653e-01  -1.2287491e+00
  -2.6203235e-01   9.9712689e-01  -1.2767561e+00
  -1.6287110e-01   8.0815099e-01  -1.2855829e+00
  -3.0376079e-01   7.3905164e-01  -1.2578748e+00
  -2.2418023e-01   9.0329328e-01  -1.2791443e+00
  -1.9403806e-01   9.6820160e-01  -1.2854384e+00
  -2.1182220e-01   9.5397883e-01  -1.2896312e+00
  -2.1324648e-01   9.1915872e-01  -1.2757513e+00
  -2.6351365e-01   9.0466957e-01  -1.3127407e+00
  -1.9387962e-01   9.0445552e-01  -1.3018790e+00
   3.3808292e-01   3.7981257e-01  -1.4880280e+00
  -2.8451912e-01   9.4109236e-01  -1.2673390e+00
  -1.6122821e-01   9.2190940e-01  -1.2985137e+00
  -2.5631787e-01   9.7009319e-01  -1.3290068e+00
  -2.8855522e-01   9.5806156e-01  -1.2949432e+00
  -2.8731955e-01   9.8986647e-01  -1.2819234e+00
  -3.0719908e-01   8.5709445e-01  -1.2698405e+00
  -2.8202345e-01   1.0395915e+00  -1.2964342e+00
  -2.9028047e-01   8.4333005e-01  -1.2867430e+00
  -3.7072957e-01   9.8823278e-01  -1.2918509e+00
  -2.9380529e-01   9.4605224e-01  -1.3090120e+00
  -2.5401098e-01   1.0223891e+00  -1.3131420e+00
  -1.1271468e-01   1.0710924e+00  -1.3363089e+00
  -7.6612235e-02   1.1895602e+00  -1.3855806e+00
  -9.8767546e-02   8.3143151e-02  -1.3971807e+00
  -1.3663829e-02   2.5089097e-02  -1.4150127e+00
   2.4167863e-02   2.3052769e-02  -1.4363777e+00
   6.2198639e-02  -1.5617234e-02  -1.4494567e+00
   3.5559651e-02   8.0514570e-02  -1.3890056e+00
  -1.8115304e-02   5.0709103e-01  -1.2301797e+00
