   3.7165863e-01  -1.9469633e-01  -1.3205395e+00
   3.2869385e-01  -2.3186250e-01  -1.3390532e+00
   5.8664574e-02  -6.7339605e-02  -1.1928932e+00
   9.1285467e-02   5.6568772e-02  -1.1829582e+00
   1.0609497e-01  -9.2390544e-02  -1.3335963e+00
   9.4033898e-02  -2.0410758e-01  -1.3284283e+00
   2.9630359e-01  -2.4632457e-01  -1.3989905e+00
   5.7186562e-02  -6.0087891e-02  -1.3366754e+00
   1.6146623e-01  -2.4630692e-01  -1.3559373e+00
   8.5393317e-02  -8.2873752e-02  -1.3594373e+00
   8.0789810e-02   1.4471093e-02  -1.3712563e+00
   2.2060458e-01   3.0771453e-02  -1.3381826e+00
   2.7253839e-01  -2.0184810e-01  -1.3507986e+00
   8.0570692e-02  -4.9118977e-02  -1.3423121e+00
   9.5153420e-02  -1.5131429e-01  -1.3448997e+00
   5.6022877e-02  -1.0699526e-01  -1.3151644e+00
   4.5248326e-02  -1.6780625e-01  -1.2562084e+00
   2.5348739e-02  -1.7789780e-01  -1.2745397e+00
   6.0416618e-02  -2.1944471e-01  -1.2759034e+00
   4.6011656e-02  -5.5310710e-02  -1.2633081e+00
   3.8350485e-02  -1.1487455e-01  -1.2556534e+00
   4.8292989e-02  -1.5952675e-01  -1.2509388e+00
   6.4925161e-02  -1.4703545e-01  -1.3016186e+00
   7.5893290e-02  -1.4782581e-01  -1.3112866e+00
   2.6459155e-02  -1.2027070e-03  -1.2766017e+00
   2.6029350e-01  -2.7225857e-01  -1.3815827e+00
   5.5444282e-02  -1.0872236e-01  -1.3338587e+00
   7.4943449e-02  -1.1223219e-01  -1.3228499e+00
   4.0286655e-02  -9.6211966e-02  -1.3010633e+00
   1.7276712e-02  -1.0540054e-01  -1.2714954e+00
   5.8639084e-02  -1.2663022e-01  -1.2744029e+00
   5.6972522e-02  -1.0603226e-01  -1.2762107e+00
   8.6528174e-02  -6.4450568e-02  -1.3290653e+00
   1.0660688e-01   3.9211399e-02  -1.3516847e+00
   3.3667200e-02  -9.3189671e-02  -1.2468780e+00
   4.3819717e-02  -6.4259753e-02  -1.2795980e+00
   3.8181236e-01  -4.7548227e-01  -1.3806679e+00
   9.8591190e-01   8.3883244e-01  -1.2356148e+00
   1.3866388e-01  -6.3981682e-01  -1.0625003e+00
   1.8297018e-01  -1.0279243e+00  -1.1572613e+00
   1.6863345e-01  -1.0002031e+00  -1.1889570e+00
   1.9971359e-01  -9.5686290e-01  -1.2547324e+00
   1.6549055e-01  -9.9809488e-01  -1.2351622e+00
   1.4001179e-01  -1.0709416e+00  -1.2210452e+00
   1.3070316e-01  -1.0489764e+00  -1.2087277e+00
   1.5364762e-01  -1.1059985e+00  -1.2745229e+00
   1.3489750e-01  -9.9383030e-01  -1.2507683e+00
   1.5049693e-01  -1.0900089e+00  -1.2481648e+00
   2.5774850e-01  -1.0475778e+00  -1.2240479e+00
   1.9685580e-01  -1.0644127e+00  -1.2136545e+00
   2.7614501e+00   2.6113281e+00  -9.0386507e-01
   3.7148137e-01  -3.5083885e-01  -1.1456475e+00
   2.7438775e+00   4.1068193e+00  -7.7587489e-01
   3.5182782e-01   5.4583972e-01  -1.0001216e+00
   6.0351401e-02   1.5123591e-01  -1.2488130e+00
   4.6866566e-02   1.6982985e-01  -1.2596682e+00
   1.4332847e-02   1.2244232e-01  -1.2509868e+00
   2.8167496e-02   5.0970210e-02  -1.2511208e+00
   5.2954119e-02   2.3539818e-02  -1.2715705e+00
   3.4053747e-02   5.5280079e-02  -1.2348529e+00
  -2.6043162e-02   2.1699914e-01  -1.1561182e+00
  -3.5755011e-02  -3.3519413e-02  -1.1704483e+00
   1.0871449e-02   1.8491244e-01  -1.1486332e+00
  -5.4922254e-01   3.2294378e+00  -8.3740336e-01
   1.7236398e-01   7.9428236e-01  -1.0099696e+00
   1.0642268e+00   3.2452770e+00  -9.3139691e-01
  -6.5853313e-02   1.0321900e+00  -1.0010005e+00
   2.0413756e-01   2.4354371e-01  -1.1204780e+00
   1.9592230e-01   3.4448564e-01  -1.1259483e+00
   7.5652033e-02   3.7928770e-02  -1.1196527e+00
   3.5849541e-02  -2.4554764e-01  -1.2229779e+00
   4.9980177e-02  -1.9824741e-01  -1.2439871e+00
   4.9114304e-02  -2.7155750e-01  -1.2505506e+00
   2.2886187e-01  -3.7699770e-01  -1.3236969e+00
   2.5732098e-02  -2.7899048e-01  -1.2382303e+00
   3.1983348e-02  -2.8898132e-01  -1.2734982e+00
   1.6606400e-01  -4.0001812e-01  -1.2715134e+00
   6.7936099e-02  -3.6472763e-01  -1.2963786e+00
   3.2148067e-01  -1.9153631e-01  -1.3157323e+00
   3.3003682e-02  -3.3442855e-01  -1.2839013e+00
   2.7042551e-02  -2.7106813e-01  -1.2822351e+00
   6.7705262e-02  -2.5253271e-01  -1.3037302e+00
   6.0076483e-03  -3.1239261e-01  -1.3151449e+00
   2.8596729e-01  -6.4312698e-01  -1.3574519e+00
  -2.5533135e-02  -3.2853215e-01  -1.1963972e+00
   2.2195650e-02  -3.4478190e-01  -1.2390732e+00
   9.5925306e-03  -3.4217589e-01  -1.2559103e+00
   1.7267147e-02  -2.9052825e-01  -1.2601074e+00
   3.0564288e-02  -3.9959155e-01  -1.2431903e+00
   4.9582561e-03  -3.5130883e-01  -1.2319438e+00
   1.6624222e-02  -4.3392769e-01  -1.2691346e+00
  -6.4560363e-02  -2.2830769e-01  -1.2291737e+00
  -3.1919320e-02  -3.5151062e-01  -1.2296895e+00
   4.0238401e-02  -3.4058145e-01  -1.2324600e+00
   2.7065234e-01  -4.0774142e-01  -1.2691818e+00
   2.2780336e-01  -4.3623194e-01  -1.1307818e+00
   1.3698521e-01  -3.6928921e-01  -1.1987636e+00
   7.9341035e-02  -8.0440400e-01  -1.2061288e+00
   1.0175780e-01  -8.5724243e-01  -1.2374163e+00
   1.0561713e-01  -9.3169336e-01  -1.2418185e+00
   8.4399527e-02  -8.4906252e-01  -1.2415148e+00
   4.2732523e-02  -9.4736537e-01  -1.2341459e+00
   6.9199546e-02  -9.6797756e-01  -1.2236371e+00
   9.3978444e-02  -1.0324857e+00  -1.2590806e+00
   1.1042833e-01  -1.0505892e+00  -1.3022200e+00
   1.4314637e-02  -9.3713934e-01  -1.2443432e+00
   6.0520178e-02  -1.0866040e+00  -1.2716881e+00
   5.0205284e-01  -1.3143765e+00  -1.3812980e+00
   1.0417432e-01  -1.0391927e+00  -1.2315410e+00
   6.3128610e-02  -9.1412734e-01  -1.2903913e+00
   5.8367962e-02  -9.7503644e-01  -1.2093883e+00
   7.3621655e-02  -1.4367121e-01  -1.2855438e+00
   6.7855515e-02  -3.3415161e-02  -1.3110102e+00
   2.6062698e-01  -1.8574570e-01  -1.3318845e+00
   4.7215821e-02   9.5677586e-02  -1.2540939e+00
   2.2787674e-02   3.6778713e-02  -1.2351394e+00
   4.2425721e-02   5.5533502e-04  -1.2673795e+00
   7.3802543e-02  -1.2080299e-01  -1.2496975e+00
   4.2584176e-02   1.9808430e-02  -1.2323381e+00
   3.7284099e-02  -1.3141815e-02  -1.2321270e+00
   2.8563774e-02  -3.3436576e-02  -1.2110162e+00
   8.8585358e-02  -7.6679089e-02  -1.2653393e+00
   6.9020744e-02  -4.6227356e-02  -1.2806207e+00
   5.1141757e-02  -4.9814153e-03  -1.2700507e+00
   6.0852816e-02  -6.3765190e-02  -1.2199873e+00
   3.0966772e-01  -2.0482108e-01  -1.3508505e+00
   7.2357796e-02  -1.2460436e-01  -1.2262247e+00
   7.6746984e-02   4.6182592e-02  -1.2345014e+00
   4.5580569e-02  -3.2119833e-05  -1.2388563e+00
   5.7903544e-02  -5.6418989e-02  -1.2213471e+00
   7.2343596e-02  -2.6269374e-02  -1.2666986e+00
   5.9442106e-02  -4.0506891e-02  -1.2972795e+00
   7.5939304e-02   1.0350981e-01  -1.2163272e+00
   1.2263363e-01  -2.7969892e-02  -1.3200944e+00
   5.2084399e-01   8.4906372e-01  -1.3418715e+00
   7.1122311e-01   1.4344673e+00  -1.0905031e+00
   9.9571698e-02   9.7002864e-02  -1.2239279e+00
   4.9439103e-02   4.3707096e-03  -1.1822762e+00
   6.1611562e-02   4.9416346e-02  -1.1975228e+00
   1.0278164e-01   6.0798395e-03  -1.1946062e+00
   7.3458433e-02   9.4852359e-02  -1.1836437e+00
   8.3756980e-02   7.7407846e-02  -1.2254750e+00
   6.2100666e-02  -1.4938677e-02  -1.1368434e+00
   7.3356763e-02  -2.7339359e-02  -1.1911861e+00
   2.7816759e-01   9.2212184e-01  -1.2007441e+00
   8.8014860e-01   2.9748075e+00  -1.0979989e+00
   8.2425678e-01   2.4974638e+00  -1.0842923e+00
  -2.1124731e-01   2.7464406e+00  -1.0131146e+00
   6.2404384e-01   2.9033944e+00  -1.1045355e+00
   2.1125673e-01   3.0498758e+00  -9.6017153e-01
  -4.3321770e-01   2.0726390e+00  -1.2040149e+00
  -1.3905589e+00   2.3373488e+00  -1.0881101e+00
   1.3247024e-01   1.0794043e+00  -1.2213541e+00
   1.4885728e-01   2.9939445e-03  -1.2331066e+00
