   3.1311645e-01  -4.8418721e-02  -1.1164101e+00
   3.1698750e-01  -2.2449431e-02  -1.1031639e+00
   3.4026934e-01   1.5077432e-02  -1.1126219e+00
   3.0222008e-01  -1.2042229e-02  -1.1403455e+00
   1.6800611e-01   1.5634795e-01  -1.2754691e+00
   1.6554003e-01  -6.0138612e-02  -1.2881180e+00
   3.3162101e-01   2.1277601e-02  -1.2473113e+00
   6.0921681e-01   1.8396737e-01  -1.3258425e+00
   5.7819066e-01  -5.2863824e-02  -1.3987029e+00
   3.2836911e-01   1.2940924e-01  -1.2494779e+00
   3.1772757e-01   1.8514746e-01  -1.2459746e+00
   1.7394703e-01   3.3049161e-01  -1.2951174e+00
   2.9533003e-01   1.1992608e-01  -1.2693655e+00
   3.0555657e-01   1.9246015e-01  -1.2656297e+00
   2.8307135e-01   1.1461421e-01  -1.2338393e+00
   2.5850693e-01   7.0134224e-02  -1.1451754e+00
   2.8271343e-01   4.9119603e-02  -1.2045483e+00
   4.9174990e-01   2.5485301e-01  -1.1723508e+00
   6.0168969e-01   1.6651060e+00  -1.0310246e+00
   4.1892389e-01   1.0659461e+00  -1.1680528e+00
   2.7381539e-01   4.4907871e-01  -1.2203812e+00
   2.5357355e-01   5.0486722e-01  -1.2350200e+00
   2.4071106e-01   5.6398773e-01  -1.2336348e+00
   1.1315498e-01   6.0005410e-01  -1.2115686e+00
   2.4056018e-01   4.1748677e-01  -1.2312003e+00
   2.6910315e-01   4.2954228e-01  -1.2653033e+00
   2.5053252e-01   5.5179935e-01  -1.2600189e+00
   2.0936849e-01   4.6869382e-01  -1.1992388e+00
   5.5723858e-01   1.5326754e-01  -1.3684045e+00
   2.7038817e-01   4.1067502e-01  -1.2764500e+00
   2.2209192e-01   4.7597083e-01  -1.2212546e+00
   2.3183651e-01   5.4403613e-01  -1.2508384e+00
   2.2933592e-01   4.2020299e-01  -1.2306892e+00
   2.6165993e-01   5.4137350e-01  -1.2651327e+00
   3.0246012e-01   2.9972502e-01  -1.2645740e+00
   2.3089395e-01   4.6592562e-01  -1.2264034e+00
   2.2088195e-01   4.0227225e-01  -1.2050914e+00
  -1.2658411e-03   4.4049228e-01  -1.1963208e+00
   8.7657211e-01   1.5418838e+00  -1.2571983e+00
   5.8153040e-01   3.1763247e+00  -8.5655100e-01
   2.1394107e-01   5.8354583e-01  -1.2057660e+00
   2.0870632e-01   4.8797187e-01  -1.1978798e+00
   3.8842828e-01   4.0591395e-01  -1.2330434e+00
   2.4002879e-01   4.0338113e-01  -1.1838173e+00
   2.3678192e-01   5.7307350e-01  -1.1907446e+00
   2.3665798e-01   5.0168380e-01  -1.2187321e+00
   2.1727769e-01   5.0810176e-01  -1.1967726e+00
   2.4767874e-01   4.1734602e-01  -1.2499270e+00
   2.4248838e-01   4.7139074e-01  -1.2070823e+00
   4.3775828e-01   2.7923461e-01  -1.2766458e+00
   2.2769180e-01   3.5994005e-01  -1.2461480e+00
   2.1277676e-01   3.7151826e-01  -1.2202523e+00
   2.6560253e-01   3.2864471e-01  -1.2669538e+00
   2.7062099e-01   4.3491721e-01  -1.2569264e+00
   3.3165402e-01   3.0995057e-01  -1.2570202e+00
   4.0357041e-01   4.0106072e-01  -1.2196450e+00
   2.7778177e-01   3.6819710e-01  -1.2792169e+00
   2.3721953e-01   4.8881093e-01  -1.2455382e+00
   3.8615024e-01   2.7412600e-01  -1.2902972e+00
   4.1339626e-01   1.6823392e-01  -1.2973106e+00
   2.2719138e-01   3.6293935e-01  -1.2374918e+00
   2.8606806e-01   3.0761904e-01  -1.2618237e+00
   1.8947959e-01   4.9076962e-01  -1.2238167e+00
   1.6872108e-01   3.8852620e-01  -1.2402666e+00
   2.1063314e-01   4.0151470e-01  -1.2498400e+00
   2.4587777e-01   4.3053436e-01  -1.2339054e+00
   2.2912353e-01   4.6916519e-01  -1.2458256e+00
   1.7219372e-01   4.3406497e-01  -1.2169978e+00
   2.8407198e-01   3.2343539e-01  -1.2201419e+00
   2.0154743e-01   3.8335623e-01  -1.2159313e+00
   4.5824973e-01   1.9428366e-01  -1.3255706e+00
   2.2946726e-01   4.5046466e-01  -1.2912121e+00
   2.3328258e-01   3.9108812e-01  -1.2488957e+00
   2.7235406e-01   3.8122102e-01  -1.2818176e+00
   2.5721752e-01   4.3299970e-01  -1.2966119e+00
   2.9343426e-01   5.3829136e-01  -1.3150146e+00
   3.2964017e-01   3.8585349e-01  -1.3052086e+00
   3.6500544e-01   2.3768512e-01  -1.3013991e+00
   2.6631864e-01   4.1263775e-01  -1.2917491e+00
   2.6831577e-01   3.9950528e-01  -1.2725079e+00
   2.6774079e-01   5.2714850e-01  -1.2702739e+00
   2.4236346e-01   3.2118400e-01  -1.2797050e+00
   2.1248350e-01   4.0971261e-01  -1.2180361e+00
   2.7177965e-01   4.0909156e-01  -1.2671415e+00
   2.3717289e-01   5.3109079e-01  -1.2614804e+00
   2.1345211e-01   5.6225211e-01  -1.2292029e+00
   2.1084335e-01   4.0091305e-01  -1.2019605e+00
   1.0652689e+00   4.4947245e-01  -1.3397934e+00
   4.3766841e-01   2.1750551e-01  -1.0722810e+00
   3.3612809e-01  -2.5601778e-01  -1.1107811e+00
   4.6820207e-01   2.0776867e+00  -1.0301682e+00
   3.8224856e-01  -6.6452770e-01  -1.2269348e+00
   1.5549680e+00   1.8336101e+00  -1.2182130e+00
   9.1989426e-01   4.3103651e+00  -7.6858595e-01
   2.5344034e+00   2.6566560e+00  -8.3701438e-01
   2.2218230e-01   5.2809225e-01  -1.2194020e+00
   2.4081825e-01   5.4869174e-01  -1.2318517e+00
   2.3101171e-01   4.9844771e-01  -1.2073202e+00
   1.5564571e-01   6.0600198e-01  -1.2028610e+00
   1.5597359e-01   5.0584810e-01  -1.1976979e+00
   2.0376889e-01   4.8687251e-01  -1.2133863e+00
   2.0717289e-01   4.4604076e-01  -1.2491677e+00
   2.2134801e-01   4.9330161e-01  -1.2419243e+00
   1.6242010e-02   4.5314577e-01  -1.2114360e+00
   2.2220268e-01   3.9666602e-01  -1.2561956e+00
   2.0393256e-01   4.2775800e-01  -1.2525353e+00
   2.1413474e-01   3.7549050e-01  -1.2681344e+00
   1.7719708e-01   5.0903437e-01  -1.2665714e+00
   1.5356808e-01   4.0440569e-01  -1.2178671e+00
   2.4202659e-01   4.6349241e-01  -1.2688792e+00
   9.2749152e-01  -2.9639060e-01  -1.5170098e+00
   2.0681564e-01   4.2418671e-01  -1.3176588e+00
   1.7970354e-01   5.1833113e-01  -1.2388004e+00
   1.9079847e-01   4.2947249e-01  -1.2432160e+00
   2.8190540e-01   4.1282735e-01  -1.2879297e+00
   2.7734735e-01   4.3977475e-01  -1.2727822e+00
   1.7902423e-01   5.4760512e-01  -1.2630808e+00
   1.9674783e-01   4.6254622e-01  -1.2241798e+00
   1.7742283e-01   4.3038785e-01  -1.2185635e+00
   2.2053452e-01   4.3257565e-01  -1.2426974e+00
   1.8512751e-01   5.5546368e-01  -1.2629798e+00
   1.6403929e-01   4.6604004e-01  -1.2643343e+00
   1.9064870e-01   4.2573745e-01  -1.2527327e+00
   1.9100505e-01   4.3695908e-01  -1.2673852e+00
   4.0433899e-01   2.0090533e-01  -1.3407985e+00
   9.5232606e-02   5.6522719e-01  -1.2507554e+00
   1.3092959e-01   4.5718442e-01  -1.2455777e+00
   1.7959086e-01   4.4394913e-01  -1.3166686e+00
   1.3424726e-01   4.2930419e-01  -1.2807753e+00
   1.4158959e-01   4.8338244e-01  -1.2692358e+00
   6.1465023e-02   4.3290270e-01  -1.2333715e+00
   1.4502924e-01   3.9697140e-01  -1.2628615e+00
   1.9214262e-01   4.1675853e-01  -1.2807736e+00
   2.8935256e-01   4.8011666e-01  -1.3382583e+00
   2.2824623e-01   5.9851698e-01  -1.3379321e+00
   1.4627455e-01   4.1838875e-01  -1.2673378e+00
   1.0918007e-01   4.4238200e-01  -1.2268969e+00
   1.6859938e-01   3.7763014e-01  -1.2817535e+00
   1.2456283e-01   5.1831689e-01  -1.2656159e+00
   5.8075562e-01   4.9414610e-02  -1.3957039e+00
   7.0752099e-01  -6.4258439e-02  -1.4689759e+00
   1.7715643e-01   4.3582211e-01  -1.2442057e+00
   1.7379959e-01   4.3685564e-01  -1.2481256e+00
   1.7302280e-01   5.7453672e-01  -1.2523570e+00
   1.8226569e-01   4.2061033e-01  -1.2881364e+00
   1.6496386e-01   3.9105947e-01  -1.2702385e+00
   2.0459098e-01   4.3686376e-01  -1.2532737e+00
   9.0800324e-02   5.3283260e-01  -1.2697930e+00
   1.1690979e-01   5.5497972e-01  -1.2474382e+00
   1.5395253e-01   4.3274547e-01  -1.2768599e+00
   2.0964699e-01   3.9916401e-01  -1.2595821e+00
   2.8784852e-01   3.5279188e-01  -1.2688209e+00
   2.2910366e-01   4.8365991e-01  -1.2592691e+00
   2.9670049e-01   4.6982083e-01  -1.2398112e+00
