   7.7154072e-01   2.3872828e-01  -1.3067339e+00
   1.0202472e+00  -6.7249204e-02  -1.4207165e+00
   7.7529175e-01   2.9491689e-01  -1.3013886e+00
   7.9855603e-01   2.8981823e-01  -1.3008098e+00
   7.2757604e-01   2.1794534e-01  -1.5056589e+00
   1.0819226e+00   5.0013042e-01  -1.4759008e+00
   9.4557521e-01   1.4011040e+00  -1.5784351e+00
   1.4503520e+00  -1.3574591e+00  -1.5221135e+00
   1.0778092e+00   1.5463013e+00  -1.5015356e+00
   6.3010971e-01   8.1700362e-01  -1.4245666e+00
   1.2935245e+00   6.0722371e-01  -1.4987580e+00
   6.4182559e-01   6.8680264e-01  -1.4870147e+00
   8.4890300e-01   2.7511739e-01  -1.3711194e+00
   8.2802374e-01   2.8643999e-01  -1.3483592e+00
   8.9624564e-01   3.6774430e-01  -1.4832385e+00
   6.9062089e-01   1.6187110e-01  -1.3912263e+00
   8.6632834e-01   3.3548356e-01  -1.3235006e+00
   8.5733002e-01   2.7110374e-01  -1.3195365e+00
   8.5761608e-01   3.1611675e-01  -1.3876112e+00
   8.5227925e-01   2.8646076e-01  -1.3887275e+00
   8.6434347e-01   3.3345337e-01  -1.3770237e+00
   8.0137863e-01   3.2697550e-01  -1.3576160e+00
   8.2909755e-01   3.0560426e-01  -1.3623718e+00
   8.2411932e-01   3.0222681e-01  -1.3509425e+00
   8.5468622e-01   3.1382967e-01  -1.3918617e+00
   8.1941900e-01   3.4832454e-01  -1.3417761e+00
   8.0636800e-01   3.0214687e-01  -1.3443855e+00
   8.0359294e-01   3.0820249e-01  -1.3169324e+00
   9.3596854e-01   8.3045411e-02  -1.4480396e+00
   8.3762889e-01   3.2093639e-01  -1.4154581e+00
   8.0970439e-01   2.8688481e-01  -1.3525086e+00
   8.2447114e-01   2.5722782e-01  -1.4006104e+00
   8.7236253e-01   3.8271984e-01  -1.3993461e+00
   8.2780461e-01   2.8719042e-01  -1.3885188e+00
   1.1851417e+00  -5.0429153e-02  -1.4308714e+00
   5.3515594e-01   4.6299829e-01  -1.4896249e+00
   8.5255605e-01   2.4556347e-01  -1.3661381e+00
   8.5198087e-01   3.0064963e-01  -1.4149957e+00
   8.2614255e-01   3.4729666e-01  -1.4206832e+00
   9.5778453e-01   2.0676976e-01  -1.4159887e+00
   7.1387227e-01   3.2723178e-01  -1.4472611e+00
   8.9707171e-01   2.6191775e-01  -1.4038467e+00
   8.3070294e-01   2.9518189e-01  -1.3827060e+00
   8.4365834e-01   4.9430330e-01  -1.4128754e+00
   8.1635458e-01   2.6951183e-01  -1.4027835e+00
   1.2053173e+00  -6.2017464e-01  -1.4107801e+00
   6.6942922e-01  -1.8661342e-02  -1.4178308e+00
   8.5823595e-01   3.1516808e-01  -1.3588157e+00
   9.4936865e-01   1.0675766e-01  -1.4119087e+00
   8.5116390e-01   2.4416865e-01  -1.3761299e+00
   8.5137318e-01   2.8144875e-01  -1.3398927e+00
   8.4896968e-01   2.7260401e-01  -1.3558829e+00
   8.2007721e-01   3.0773063e-01  -1.3190111e+00
   7.9719535e-01   2.7231065e-01  -1.3563290e+00
   8.2245131e-01   2.8791570e-01  -1.4147971e+00
   8.3171723e-01   2.4927834e-01  -1.3736198e+00
   8.2153965e-01   3.5013540e-01  -1.3710734e+00
   9.3899394e-01   1.2444258e-01  -1.4079634e+00
   8.0888766e-01   2.9908480e-01  -1.3327887e+00
   8.3012990e-01   2.8181513e-01  -1.3504556e+00
   8.3502209e-01   2.9929416e-01  -1.4080918e+00
   8.2394056e-01   3.2385279e-01  -1.3901401e+00
   9.6827377e-01   8.2696129e-02  -1.4105292e+00
   8.2189141e-01   2.6209988e-01  -1.3516800e+00
   8.3198322e-01   2.1869527e-01  -1.3906128e+00
   8.4023985e-01   3.1103430e-01  -1.3854863e+00
   8.1429748e-01   2.4934419e-01  -1.3784911e+00
   8.0138828e-01   2.1175272e-01  -1.3137783e+00
   8.3961025e-01   2.8386378e-01  -1.3874460e+00
   8.4367846e-01   3.0487643e-01  -1.4000881e+00
   8.5731988e-01   3.1505138e-01  -1.3770720e+00
   9.4727325e-01   4.2568220e-02  -1.3472195e+00
   8.1917061e-01   2.2441874e-01  -1.3064877e+00
   7.9805769e-01   2.0224262e-01  -1.3100614e+00
   1.0591254e+00   4.3656444e-01  -1.3691681e+00
   7.6840894e-01   2.7422373e-01  -1.2789143e+00
   7.5361734e-01   3.2253990e-01  -1.2600136e+00
   7.2743331e-01   2.4576707e-01  -1.2185735e+00
   7.5834856e-01   3.3742777e-01  -1.2644527e+00
   7.8157868e-01   4.1235984e-01  -1.2551470e+00
   7.2151288e-01   3.1666849e-01  -1.2569652e+00
   6.5483031e-01   3.4878517e-01  -1.2469983e+00
   8.9177955e-01   7.3199649e-02  -1.3153085e+00
   7.1147191e-01   4.3478417e-01  -1.2365581e+00
   6.3400835e-01   2.5321184e-01  -1.1698462e+00
   6.0320192e-01   2.5402590e-01  -1.1880097e+00
   7.0244261e-01   2.3661170e-01  -1.2058785e+00
   6.6117227e-01   2.4779092e-01  -1.1636088e+00
   6.9323545e-01   3.5129805e-01  -1.2173321e+00
   6.5270663e-01   2.5522377e-01  -1.1669564e+00
   8.6715601e-01   5.0523339e-01  -1.1879679e+00
   6.7300891e-01   2.6585506e-01  -1.1500745e+00
   6.8449369e-01   3.7311178e-01  -1.1857506e+00
   6.5212271e-01   2.8372132e-01  -1.1850661e+00
   8.4692573e-01   6.6786160e-02  -1.2888237e+00
   8.3148961e-01   8.7052407e-02  -1.3002221e+00
   7.1314052e-01   3.2827960e-01  -1.1996514e+00
   7.5166139e-01   3.4746387e-01  -1.2642607e+00
   7.0247111e-01   3.0341352e-01  -1.1908397e+00
   7.1924422e-01   2.6065678e-01  -1.1881871e+00
   7.1341817e-01   2.1111513e-01  -1.2393690e+00
   7.0850010e-01   3.3358702e-01  -1.1866301e+00
   7.1205111e-01   2.4982650e-01  -1.1879543e+00
   8.6904374e-01   7.3487206e-02  -1.2502387e+00
   8.0215189e-01   2.0808205e-01  -1.2833465e+00
   7.8087330e-01   2.6451079e-01  -1.2554570e+00
   7.2628414e-01   3.1291837e-01  -1.2220318e+00
   6.8344904e-01   2.3710287e-01  -1.1811609e+00
   7.8002495e-01   2.7128916e-01  -1.2024071e+00
   8.5450416e-01   2.0739248e-01  -1.3033966e+00
   8.5426585e-01   3.5346457e-01  -1.3173058e+00
   9.5958550e-01   1.1018756e-01  -1.3083913e+00
   8.0245331e-01   2.9495534e-01  -1.2207937e+00
   8.7232745e-01   3.0468466e-01  -1.3002404e+00
   8.6240672e-01   2.8285979e-01  -1.3088572e+00
   8.1691277e-01   2.9389259e-01  -1.2830972e+00
   6.8852021e-01   2.2153907e-01  -1.1949551e+00
   6.4755096e-01  -4.6999909e-01  -1.2280501e+00
   5.1039158e-01  -2.8354071e-01  -1.2374150e+00
   5.2164683e-01   2.7390356e-01  -1.2663589e+00
   9.1671698e-01   5.7893814e-02  -1.2617804e+00
   9.7757792e-01   4.7725813e-02  -1.2297169e+00
   8.4792291e-01   2.9821645e-01  -1.1908137e+00
   8.0884587e-01   4.2018747e-01  -1.2194668e+00
   7.3528561e-01   3.7126643e-01  -1.2260972e+00
   8.3563891e-01   1.1191167e-01  -1.2418215e+00
   7.8968454e-01   1.5207904e-01  -1.1989890e+00
   7.0964432e-01   2.3843482e-01  -1.1492310e+00
   6.8413871e-01   3.8930496e-01  -1.1891392e+00
   6.9283925e-01   2.8457278e-01  -1.1669896e+00
   6.7741349e-01   2.2542285e-01  -1.1646202e+00
   7.1136458e-01   2.3489897e-01  -1.2375643e+00
   6.9252361e-01   2.9870555e-01  -1.2138660e+00
   6.2486219e-01   3.3433544e-01  -1.0970291e+00
   7.2473182e-01   2.6480213e-01  -1.2485639e+00
   7.0550612e-01   3.1630024e-01  -1.2092565e+00
   7.3681298e-01   2.2874580e-01  -1.2025863e+00
   6.8785342e-01   4.3867410e-01  -1.1692705e+00
   8.4527795e-01   1.1364305e-01  -1.2622961e+00
   6.7682339e-01   2.5455978e-01  -1.1834116e+00
   6.9693929e-01   2.9301101e-01  -1.2039078e+00
   7.0639192e-01   3.5415915e-01  -1.1866240e+00
   6.0976761e-01   3.7348398e-01  -1.1537606e+00
   6.3788394e-01   3.1270086e-01  -1.1649466e+00
   6.9352926e-01   2.7104137e-01  -1.2307422e+00
   7.6236960e-01   3.1495310e-01  -1.2207293e+00
   6.9688275e-01   5.2115998e-01  -1.2000941e+00
   6.6300376e-01   3.6317111e-01  -1.1745064e+00
   6.7694271e-01   4.3691559e-01  -1.2259530e+00
   8.7188425e-01   1.0807673e-01  -1.2842006e+00
   6.6104214e-01   3.9017820e-01  -1.1836194e+00
   5.2153173e-01   5.7913058e-01  -1.1773245e+00
   1.0624150e+00  -7.2435174e-02  -1.3027943e+00
   8.0003294e-01   2.7177598e-01  -1.3047734e+00
