   2.3745789e+00   2.3129886e+00  -1.1022797e+00
   4.4265521e+00   4.3504632e+00  -6.3984870e-01
   4.4269017e+00   4.3502556e+00  -6.7317432e-01
   4.4267456e+00   4.3501968e+00  -6.2437605e-01
   2.7808607e+00   3.2321011e+00  -9.2698006e-01
   1.4669821e+00   3.2031145e+00  -7.8223151e-01
   1.3783737e+00   2.0974502e+00  -9.0734895e-01
   2.0002720e+00  -3.2378348e-01  -1.3027745e+00
   2.0145883e+00  -3.9647493e-01  -1.2616839e+00
   1.8843966e+00  -8.1036527e-01  -1.2339525e+00
   1.9058578e+00  -9.4340969e-01  -1.2773540e+00
   1.8872810e+00  -9.5039924e-01  -1.2429619e+00
   1.8561680e+00  -1.0348244e+00  -1.2625857e+00
   1.8408248e+00  -9.5141694e-01  -1.3004616e+00
   9.2345301e-01  -1.0769747e+00  -1.2716022e+00
   1.5430296e-02  -1.1085863e+00  -1.2641059e+00
   2.1844866e-02  -1.1509524e+00  -1.2424405e+00
   1.9732278e-02  -1.1658205e+00  -1.2632760e+00
   2.1009987e-01   5.7659337e-01  -1.1110234e+00
   9.4186973e-01   6.1204128e-01  -1.2920425e+00
   7.1803243e-01   7.1611482e-01  -1.1649785e+00
   5.3242327e-01   6.4818072e-01  -1.2099212e+00
  -6.9580642e-02  -5.3711813e-02  -1.2948357e+00
  -1.0285156e-01  -9.3559864e-02  -1.2299788e+00
  -1.5038649e-01  -1.3423622e-01  -1.2763271e+00
  -7.9106522e-02  -2.0408217e-01  -1.2910807e+00
  -6.9644576e-02  -2.7443944e-01  -1.3128174e+00
  -1.3897468e-01  -1.9953998e-01  -1.2685204e+00
  -7.2473162e-02  -2.5493375e-01  -1.3128079e+00
   1.3559943e-01  -4.1723718e-01  -1.3898019e+00
  -6.9423453e-02  -3.3614994e-01  -1.3187232e+00
  -8.3004830e-02  -1.7451316e-01  -1.3005034e+00
  -8.2174852e-02  -1.1050703e-01  -1.3377235e+00
   1.4102180e-01  -5.5037419e-01  -1.3638196e+00
  -8.5524955e-03  -2.6652569e-01  -1.3664781e+00
  -5.2990529e-02  -2.4123945e-01  -1.3347463e+00
  -1.2065469e-01  -2.2453034e-01  -1.2882528e+00
  -1.1215290e-01  -3.5195307e-01  -1.2728719e+00
  -9.6475809e-02  -2.6938755e-01  -1.2816707e+00
  -6.1425632e-02  -3.3756486e-01  -1.3097511e+00
  -1.0456777e-01  -2.6702031e-01  -1.3173698e+00
  -1.1175749e-01  -3.2568237e-01  -1.2875070e+00
  -1.2156212e-01  -3.3095506e-01  -1.3088879e+00
  -1.1697498e-01  -2.9641294e-01  -1.2959427e+00
  -6.1520301e-02  -2.4433493e-01  -1.3198076e+00
  -8.3788000e-02  -1.1684485e-01  -1.2928339e+00
   1.4790143e-01  -7.4738611e-02  -1.2809463e+00
   3.7741213e-01   2.5322615e-01  -1.2890492e+00
  -6.8043033e-02  -1.2005596e-01  -1.3579245e+00
  -9.2872420e-02  -1.6547813e-02  -1.3448363e+00
  -8.3357881e-02  -1.7545877e-01  -1.3063836e+00
  -7.0376581e-02  -2.0599222e-01  -1.3121228e+00
  -7.5680932e-02  -2.8402272e-01  -1.3090788e+00
  -6.4988919e-02  -1.9216062e-01  -1.3561755e+00
  -1.0183611e-01  -1.2729551e-01  -1.3417115e+00
  -1.1688342e-01  -2.5721326e-01  -1.3187086e+00
  -1.2280564e-01  -2.1329333e-01  -1.3187204e+00
  -1.3148621e-01  -2.2904633e-01  -1.3193518e+00
  -1.5924127e-01  -1.1099792e-01  -1.3092168e+00
  -1.7529202e-01  -2.3859670e-01  -1.2610078e+00
  -1.2523490e-01  -2.5813881e-01  -1.2800912e+00
   5.6956680e-02  -3.9816391e-01  -1.3530749e+00
  -1.3293841e-01  -1.8042863e-01  -1.3579446e+00
  -1.6877466e-01  -1.6321025e-01  -1.3163821e+00
  -1.3699397e-01  -3.1606380e-01  -1.2732919e+00
  -1.5590539e-01  -2.7470097e-01  -1.2888005e+00
  -8.4802202e-02  -3.1493605e-01  -1.3211314e+00
  -1.4705476e-01  -1.5778441e-01  -1.3478085e+00
  -2.7460052e-01  -3.4145137e-01  -1.3168744e+00
   3.7506693e-02  -3.5727387e-01  -1.3836387e+00
  -7.8238924e-02  -2.5059818e-01  -1.3297184e+00
  -1.0298229e-01  -1.8477712e-01  -1.3007671e+00
  -1.1242277e-01  -1.6081947e-01  -1.3933285e+00
  -1.4236497e-01  -2.5644277e-01  -1.3042789e+00
  -9.7290781e-02  -1.9690119e-01  -1.3520086e+00
   7.1346167e-01   1.4289716e-01  -1.3850747e+00
   1.6095876e-01   2.0017094e-01  -1.1851912e+00
   1.0173166e-01  -9.4416073e-01  -1.2221741e+00
   8.2482698e-03  -1.1435169e+00  -1.3134240e+00
   2.1736028e-03  -1.1187455e+00  -1.3495486e+00
   2.0710766e-02  -1.0972477e+00  -1.3340290e+00
  -9.7507293e-03  -3.2880752e-01  -1.3338348e+00
  -2.2186337e-02  -1.8145516e-01  -1.2706456e+00
  -1.3827346e-02  -1.3472005e-01  -1.3277413e+00
  -1.1001144e-02  -2.0726739e-01  -1.2900929e+00
  -3.3366912e-02  -7.1412607e-02  -1.2900330e+00
   3.6369675e-01  -4.8405381e-01  -1.4133246e+00
  -6.1225137e-02  -1.7237358e-01  -1.2473877e+00
  -5.9400137e-02  -2.3683861e-01  -1.1978725e+00
  -1.8300044e-02  -1.5382077e-01  -1.3033325e+00
  -3.2843852e-02  -1.0334170e-01  -1.3181683e+00
  -2.2952742e-02  -1.9191855e-01  -1.3173470e+00
   2.0719149e-02  -1.4273287e-01  -1.4182422e+00
  -7.4429030e-03  -1.9904813e-01  -1.3638345e+00
  -6.6495778e-02  -6.7726874e-02  -1.3602123e+00
  -5.5872564e-02  -1.5647295e-01  -1.3320831e+00
  -4.8053743e-02  -2.0549817e-01  -1.3065611e+00
  -1.2060200e-02  -1.6886267e-01  -1.3304137e+00
   1.9973762e-01  -3.2669549e-01  -1.4115428e+00
  -5.6437371e-02  -9.8037509e-02  -1.2840368e+00
  -4.9609053e-02  -1.9443544e-01  -1.2946846e+00
  -6.7358134e-02  -1.9583981e-01  -1.2971842e+00
  -4.2783447e-02  -1.9483870e-01  -1.3240427e+00
   4.0270520e-02  -7.1984085e-02  -1.3134462e+00
  -7.6414417e-02  -1.7102327e-01  -1.2690227e+00
  -2.4956873e-02  -1.4958842e-01  -1.2801922e+00
  -2.1127315e-02  -1.2368276e-01  -1.3163483e+00
   4.7708609e-02  -1.5367285e-01  -1.3566840e+00
   1.5635283e-02  -5.1824538e-02  -1.3378370e+00
  -3.7463894e-02  -1.5653381e-01  -1.2941374e+00
   7.0701134e-02  -4.2347884e-02  -1.3414872e+00
   1.0447522e-01  -1.7449235e-01  -1.3922420e+00
   2.6507518e-01  -2.7523041e-01  -1.4357666e+00
  -2.1628697e-02  -1.4165132e-01  -1.2766833e+00
  -3.6698278e-02  -1.9473629e-01  -1.3136290e+00
  -5.3975971e-02  -1.5716107e-01  -1.2818229e+00
  -4.1227726e-02  -1.0832498e-01  -1.2911980e+00
  -4.1990713e-02  -3.7545966e-02  -1.3122821e+00
  -1.0418535e-01  -1.6346341e-01  -1.3037008e+00
  -1.9232233e-02  -1.3868850e-01  -1.3052617e+00
  -1.7751508e-02  -1.9224534e-01  -1.3272148e+00
  -6.6967461e-02  -6.9299754e-02  -1.3027651e+00
  -8.7834654e-02  -1.8846127e-01  -1.2878204e+00
  -6.7849851e-02  -2.3655368e-01  -1.2894587e+00
   6.4313958e-01  -7.8624397e-01  -1.5290950e+00
  -3.7841202e-02  -1.7940481e-01  -1.3521501e+00
  -9.1789814e-02  -1.2411522e-01  -1.2950868e+00
  -1.0430140e-01  -1.5427952e-01  -1.2238782e+00
  -7.7536684e-02  -8.8701475e-02  -1.2639369e+00
  -5.6666877e-02  -1.3502313e-01  -1.2723826e+00
  -5.5767229e-02  -5.2163686e-02  -1.3368753e+00
  -3.1386481e-02  -8.6502890e-02  -1.3021362e+00
  -3.3764390e-02  -1.5284943e-01  -1.2801064e+00
  -4.0600744e-02  -2.4244015e-01  -1.2835808e+00
  -3.7551758e-02  -1.2324143e-01  -1.2984346e+00
  -6.0407272e-02  -9.5575813e-02  -1.3152362e+00
  -4.1335100e-02  -1.5870851e-01  -1.3124378e+00
  -8.5454233e-02  -1.4683022e-01  -1.2552133e+00
  -3.8970094e-02  -1.9281375e-01  -1.3023252e+00
  -8.6349148e-02  -7.7674144e-02  -1.3396185e+00
  -3.8804293e-02  -1.5765820e-01  -1.2789822e+00
   1.7888619e-01  -3.8160744e-01  -1.3937956e+00
   1.1524273e-01  -2.9987865e-01  -1.3983227e+00
  -3.0488856e-02  -1.0898110e-01  -1.2720567e+00
  -5.5472491e-02  -5.4712210e-02  -1.3419470e+00
  -1.2152534e-02  -3.6509871e-02  -1.3352850e+00
   9.5876093e-02  -2.6284631e-01  -1.3386638e+00
  -6.2743351e-02  -1.8639839e-01  -1.3089475e+00
  -6.8187618e-02  -1.1374895e-01  -1.3275896e+00
  -7.1974181e-02  -1.8042422e-01  -1.2992648e+00
  -2.9723553e-02  -1.1579346e-01  -1.3165555e+00
  -3.2933441e-03  -2.2410834e-01  -1.3545814e+00
  -4.8753502e-02  -1.0131145e-01  -1.3611665e+00
   2.2492820e-01  -7.5418222e-02  -1.2863761e+00
