   8.5509430e-01   3.6097147e-01  -1.1503970e+00
   8.7358715e-01   3.9231605e-01  -1.1803632e+00
   8.0512264e-01   5.4159944e-01  -1.1096821e+00
   8.3103946e-01   3.2810349e-01  -1.1945834e+00
   9.5140183e-01   3.0563077e-01  -1.3607867e+00
   8.9293049e-01   2.3951758e-01  -1.3311196e+00
   9.2027933e-01   3.7603464e-01  -1.3576608e+00
   1.3738744e+00   2.8522596e-02  -1.4963777e+00
   8.9133189e-01   2.0670245e-01  -1.3175141e+00
   8.6139482e-01   2.6791282e-01  -1.3183681e+00
   8.5370957e-01   2.7578453e-01  -1.3262449e+00
   7.2875846e-01   4.4158097e-01  -1.2341555e+00
   6.8513489e-01   3.7292237e-01  -1.1751067e+00
   7.0062099e-01   3.9937968e-01  -1.1855084e+00
   7.0748884e-01   2.2992183e-01  -1.1702259e+00
   6.4412560e-01   3.6107974e-01  -1.1153118e+00
   6.2859284e-01   3.6753968e-01  -1.0795739e+00
   6.5984390e-01   2.8380261e-01  -1.1142557e+00
   6.7469708e-01   3.2538798e-01  -1.1404042e+00
   6.8968036e-01   2.8208247e-01  -1.1796439e+00
   6.4903875e-01   3.8566042e-01  -1.1505843e+00
   6.5996859e-01   3.0270505e-01  -1.0928658e+00
   7.7143113e-01   2.2120456e-01  -1.1561307e+00
   8.9900745e-01   1.9740077e-02  -1.2311534e+00
   7.1110870e-01   4.0125753e-01  -1.1614075e+00
   1.2365060e+00   1.4131069e+00  -1.0985096e+00
   1.4320475e+00   2.3376357e+00  -9.9087014e-01
   5.7118462e-01   1.2358295e+00  -1.1187035e+00
   5.8512091e-01   1.3235211e+00  -1.1355189e+00
   5.6283493e-01   1.4550524e+00  -1.1511168e+00
   5.3432110e-01   1.3247149e+00  -1.1123323e+00
   5.3250027e-01   1.3120645e+00  -1.1260458e+00
   5.4672114e-01   1.2894504e+00  -1.1510270e+00
   5.7525647e-01   1.4532654e+00  -1.1191199e+00
   5.3813133e-01   1.3283881e+00  -1.1103774e+00
   7.4612799e-01   1.4795669e+00  -9.2919610e-01
   6.5498369e-01   3.8213737e-01  -1.0185860e+00
   6.9033574e-01   3.3559457e-01  -1.1048420e+00
   6.9569068e-01   4.6854268e-01  -1.1348876e+00
   6.9771460e-01   3.6860055e-01  -1.1102632e+00
   8.9254708e-01   2.9674197e-01  -1.2412506e+00
   9.1849905e-01   5.6971741e-02  -1.2469138e+00
   6.4818686e-01   3.9715319e-01  -1.0886730e+00
   7.0268018e-01   3.6643929e-01  -1.1964201e+00
   6.9211237e-01   2.8540790e-01  -1.1480119e+00
   6.5974071e-01   3.0193166e-01  -1.1100271e+00
   7.2038951e-01   2.5470237e-01  -1.1684120e+00
   6.7687096e-01   4.0372701e-01  -1.1317994e+00
   6.6411193e-01   3.0704837e-01  -1.1279912e+00
   6.5869378e-01   3.0602717e-01  -1.1106899e+00
   6.9171026e-01   2.6835710e-01  -1.1451346e+00
   6.8234417e-01   3.3941323e-01  -1.1459072e+00
   6.8124077e-01   2.9189124e-01  -1.1774188e+00
   6.8246875e-01   2.5708435e-01  -1.1477448e+00
   7.3016172e-01   2.8346190e-01  -1.1708157e+00
   7.3630080e-01   3.0944691e-01  -1.1537763e+00
   8.0092658e-01   2.9981250e-01  -1.2340484e+00
   7.2578955e-01   2.5725619e-01  -1.1784678e+00
   7.1196481e-01   1.9726301e-01  -1.1792896e+00
   7.4703389e-01   1.9977835e-01  -1.1666733e+00
   8.3357011e-01   1.4033555e-01  -1.2725939e+00
   6.6667883e-01   2.5009341e-01  -1.1471638e+00
   6.7506504e-01   2.3273707e-01  -1.1159064e+00
   6.7062385e-01   2.3285386e-01  -1.1410109e+00
   6.9844418e-01   2.3931169e-01  -1.1690220e+00
   6.6259630e-01   4.0053335e-01  -1.1683752e+00
   6.0859528e-01   2.9667342e-01  -1.1335099e+00
   6.5999169e-01   2.4852314e-01  -1.1503731e+00
   7.0310539e-01   2.5338301e-01  -1.1976381e+00
   6.5750285e-01   3.6642716e-01  -1.1729717e+00
   6.4855666e-01   3.0690375e-01  -1.1607508e+00
   8.6552380e-01   6.1464196e-02  -1.2677741e+00
   6.8572433e-01   3.0631709e-01  -1.1688377e+00
   7.2270513e-01   3.7671094e-01  -1.1830461e+00
   8.1105051e-01   4.5323803e-01  -1.2961478e+00
   8.0313819e-01   4.2752636e-01  -1.2513435e+00
   8.2105023e-01   4.4025631e-01  -1.2612042e+00
   7.4236955e-01   2.7628320e-01  -1.1950249e+00
   7.1230767e-01   3.9047379e-01  -1.2044292e+00
   7.0391040e-01   3.4347371e-01  -1.2119586e+00
   7.6102208e-01   3.5535276e-01  -1.1893614e+00
   9.1820138e-01   7.8826564e-02  -1.3058974e+00
   7.4680838e-01   2.6017787e-01  -1.2316069e+00
   6.7388470e-01   4.1972559e-01  -1.2237486e+00
   7.0907510e-01   3.0001147e-01  -1.2238672e+00
   7.8370180e-01   2.9361431e-01  -1.3190336e+00
   7.5422987e-01   2.6736985e-01  -1.2787801e+00
   7.1830907e-01   3.6296683e-01  -1.2168313e+00
   7.3680182e-01   2.8206506e-01  -1.2778556e+00
   7.2044821e-01   3.0392870e-01  -1.2899262e+00
   7.5484589e-01   2.9843560e-01  -1.2592921e+00
   7.8681739e-01   3.0563068e-01  -1.2947305e+00
   1.1516220e+00  -1.1037080e-01  -1.4434721e+00
   8.0325104e-01   3.2251227e-01  -1.2781720e+00
   8.3172207e-01   3.2259496e-01  -1.2950446e+00
   7.8043455e-01   2.6795742e-01  -1.2413363e+00
   7.5910220e-01   3.8782664e-01  -1.2936011e+00
   8.0802053e-01   3.2516996e-01  -1.2764039e+00
   7.1155307e-01   2.3074093e-01  -1.1141743e+00
   9.0394456e-01   7.9015776e-02  -1.2846959e+00
   8.3973241e-01   2.8862022e-01  -1.3061612e+00
   8.0863224e-01   3.9266849e-01  -1.3001616e+00
   7.7272912e-01   2.7954979e-01  -1.2242596e+00
   7.8078698e-01   2.6807924e-01  -1.2832318e+00
   8.3507021e-01   2.3650403e-01  -1.3066289e+00
   1.0741839e+00   3.4580575e+00  -1.0400891e+00
   7.9280629e-01   2.5765360e-01  -1.3048311e+00
   8.3036816e-01   2.3063216e-01  -1.2805385e+00
   1.0096178e+00   9.8892692e-02  -1.3494848e+00
   8.0068223e-01   2.9640476e-01  -1.2489623e+00
   7.5549830e-01   4.0636923e-01  -1.2405641e+00
   7.3371858e-01   2.7804009e-01  -1.1575863e+00
   9.9543806e-01   1.0401611e+00  -1.1589604e+00
   2.4877403e+00   2.9844425e+00  -1.0312793e+00
   6.4075368e-01   1.2604505e+00  -1.2068870e+00
   5.9380261e-01   1.2507866e+00  -1.1712766e+00
   5.3997618e-01   1.2525424e+00  -1.2196535e+00
   5.6818322e-01   1.2175363e+00  -1.1983785e+00
   5.8795345e-01   1.2659550e+00  -1.1958564e+00
   5.7574774e-01   1.3383179e+00  -1.2013768e+00
   6.9207856e-01   1.4010200e+00  -1.2343322e+00
   5.3705207e-01   1.2016214e+00  -1.2047989e+00
   8.9441398e-01   7.8433796e-01  -1.3896076e+00
   7.0600170e-01   1.0454746e+00  -1.3768626e+00
   5.3340230e-01   1.2219106e+00  -1.2321591e+00
   5.4611916e-01   1.2571722e+00  -1.2190658e+00
   5.9591915e-01   1.2126301e+00  -1.2483339e+00
   5.7753829e-01   1.2602204e+00  -1.2551732e+00
   5.4720622e-01   1.2737754e+00  -1.2009039e+00
   8.4517769e-01   1.9949808e+00  -1.1370205e+00
   1.1154043e+00   1.2672626e+00  -1.2014628e+00
   6.9766441e-01   5.5021011e-01  -1.0859432e+00
   7.4189070e-01   3.9936434e-01  -1.1704490e+00
   7.9190214e-01   3.2383170e-01  -1.2282014e+00
   7.1172667e-01   3.0062979e-01  -1.1503830e+00
   7.8504151e-01   3.0667819e-01  -1.2245103e+00
   8.1059489e-01   3.5647322e-01  -1.2611323e+00
   7.4492092e-01   3.5718600e-01  -1.2553452e+00
   7.4810450e-01   2.5261805e-01  -1.2501948e+00
   7.6544895e-01   2.7872742e-01  -1.2471840e+00
   7.6762620e-01   2.0387424e-01  -1.2417543e+00
   7.7964067e-01   3.6266243e-01  -1.2473807e+00
   7.4585717e-01   3.2159405e-01  -1.1888969e+00
   7.8216840e-01   2.6023748e-01  -1.2387952e+00
   8.2834002e-01   1.1096635e-01  -1.3510910e+00
   8.4303713e-01   3.2488344e-01  -1.3190873e+00
   7.8389424e-01   3.9782527e-01  -1.2787793e+00
   7.5658354e-01   3.0208212e-01  -1.2929961e+00
   7.4277283e-01   3.8197120e-01  -1.2857130e+00
   7.9048616e-01   3.0888939e-01  -1.3155424e+00
   7.3900093e-01   3.4992243e-01  -1.2472500e+00
   1.1165901e+00  -9.4451163e-02  -1.4160184e+00
   7.2352008e-01   3.2319675e-01  -1.2604161e+00
   7.6417887e-01   5.2943308e-01  -1.2084977e+00
