   5.5119877e-02  -1.2246699e-01  -1.1281095e+00
   1.9469745e-01  -2.8756261e-01  -1.1994707e+00
   1.6312308e-01   1.4562162e+00  -9.3143529e-01
  -1.1383631e-02  -2.6169820e-01  -1.1081075e+00
   6.5693108e-01   1.4773840e+00  -1.1759062e+00
  -4.7023148e-02  -1.7979344e-01  -1.2587818e+00
   1.7941529e-02  -6.8039626e-02  -1.2478701e+00
   1.1534794e-01  -1.3529384e-01  -1.2475370e+00
   1.3751759e-01  -1.9282198e-01  -1.2296680e+00
   2.9634429e-01  -3.2484927e-01  -1.2625685e+00
  -1.7242165e-02   2.6715962e+00  -1.1498169e+00
   5.8890892e-01   2.6106298e+00  -1.0907538e+00
   1.3385804e-01  -1.3211063e-01  -1.2767328e+00
   3.0170226e-01  -3.6801641e-01  -1.2967695e+00
   8.7264781e-02  -1.6153309e-01  -1.2453710e+00
   6.7482018e-02  -1.3064953e-01  -1.2351695e+00
   1.1323765e-01  -1.1989616e-01  -1.2636312e+00
   1.3114991e-01  -1.4727440e-01  -1.2509388e+00
   1.5180655e-01  -1.2905740e-01  -1.2494017e+00
   1.3667905e-01  -1.6775311e-01  -1.2554459e+00
   1.2045331e-01  -1.1808880e-01  -1.2723214e+00
   1.0717009e-01  -1.8370191e-01  -1.2689786e+00
   1.0578949e-01  -2.0096251e-01  -1.2622414e+00
   2.4617217e-01  -3.4270511e-01  -1.2826543e+00
   9.7902985e-02  -2.7478305e-01  -1.2812199e+00
   1.6307223e-01  -1.9970922e-01  -1.2838641e+00
   1.2932663e-01  -2.4535659e-01  -1.2915314e+00
   1.6068640e-01  -2.2692654e-01  -1.2889681e+00
   2.8104645e-01  -4.1649964e-01  -1.3067512e+00
   1.4760612e-01  -2.5051592e-01  -1.2722516e+00
   1.1417545e-01  -2.6521830e-01  -1.2827319e+00
   1.8593377e-01  -1.6882876e-01  -1.3193466e+00
   1.2980686e-01  -1.9344829e-01  -1.3073939e+00
   1.1282479e-01  -2.6457184e-01  -1.2997113e+00
   1.3179742e-01  -2.2246642e-01  -1.3066135e+00
   2.5784385e-01  -3.3209450e-01  -1.3267209e+00
   1.4885522e-01  -1.9358582e-01  -1.2980644e+00
   1.4112891e-01  -1.8391955e-01  -1.2974841e+00
   1.3182920e-01  -2.1247081e-01  -1.2819975e+00
   2.7160208e-01  -4.2839658e-01  -1.3468478e+00
   1.2905308e-01  -2.7994538e-01  -1.3148146e+00
   2.8568348e-01  -4.2744597e-01  -1.3436334e+00
   1.2607343e-01  -2.6565716e-01  -1.3240309e+00
   1.6386064e-01  -2.2855354e-01  -1.3154691e+00
   1.1229670e-01  -2.4787499e-01  -1.3233279e+00
   1.2460286e-01  -2.6226528e-01  -1.3178034e+00
   2.7247994e-01  -4.6007354e-01  -1.3571529e+00
   2.5635552e-01  -4.4751526e-01  -1.3526404e+00
   1.2030195e-01  -3.1557823e-01  -1.3090410e+00
   1.1594952e-01  -3.0260242e-01  -1.3092678e+00
   8.3094890e-02  -2.8529787e-01  -1.3177548e+00
   2.2321969e-01  -4.2705492e-01  -1.3737815e+00
   1.0669806e-01  -2.8440954e-01  -1.3321099e+00
   8.2361620e-02  -2.8502659e-01  -1.3339214e+00
   1.1223546e-01  -3.5778881e-01  -1.3210587e+00
   1.3623458e-02  -3.5583381e-01  -1.3406408e+00
   9.2345129e-02  -1.8812910e-01  -1.3285689e+00
   1.2099190e-01  -1.8095763e-01  -1.3384797e+00
   1.8308607e-01  -2.5434172e-01  -1.3659955e+00
   9.8558186e-02  -1.2440122e-01  -1.3338950e+00
   9.7191981e-02  -1.9495896e-01  -1.3465932e+00
   9.8529404e-02  -2.2984582e-01  -1.3455587e+00
   1.0936766e-01  -2.6913999e-01  -1.3398259e+00
   9.6799994e-02  -2.2480993e-01  -1.3296575e+00
   8.7735212e-02  -2.3646605e-01  -1.3741739e+00
   4.6649094e-02  -2.1842660e-01  -1.3509262e+00
   2.4912871e-01  -4.2951192e-01  -1.3668493e+00
   8.7985823e-02  -2.6301186e-01  -1.3347016e+00
   5.6373691e-02  -1.8109683e-01  -1.3581208e+00
   2.5945853e-01  -3.8692382e-01  -1.3671013e+00
   8.7372267e-02  -2.8767821e-01  -1.3301753e+00
   9.2018868e-02  -2.3207829e-01  -1.3316064e+00
   2.1972295e-01  -3.7036000e-01  -1.3793912e+00
   1.9291903e-01  -3.2449174e-01  -1.3608058e+00
  -1.6946451e-01   6.9219577e-02  -1.3577863e+00
   2.8495547e-01  -3.9765111e-01  -1.3944761e+00
  -6.3604918e-02  -4.0262859e-01  -1.3569883e+00
   1.4612554e-01  -2.2123977e-01  -1.3483403e+00
   8.0892201e-02  -3.2757769e-01  -1.3318484e+00
  -6.9418309e-02  -3.3426052e-01  -1.3493178e+00
   5.4677387e-02  -3.6785811e-02  -1.3332397e+00
  -3.1634598e-03  -2.5078525e-01  -1.3330397e+00
   2.0578610e-02  -3.2185639e-01  -1.3316306e+00
  -8.3999812e-02  -2.1397374e-01  -1.3657100e+00
   8.1121710e-02  -2.0177888e-01  -1.3564721e+00
   1.6411798e-01  -3.5893896e-01  -1.3969937e+00
   6.9011243e-02  -2.3631252e-01  -1.3695084e+00
   1.0631565e-01  -2.1279977e-01  -1.3335138e+00
   7.3129885e-02  -2.5873103e-01  -1.3569482e+00
   2.2029723e-01  -4.7865464e-01  -1.3938407e+00
   5.6693872e-02  -3.0892183e-01  -1.3383676e+00
   3.8244772e-02  -2.9181271e-01  -1.3637453e+00
   2.0338721e-01  -4.6897567e-01  -1.3991706e+00
   2.9179432e-02  -3.0214290e-01  -1.3708444e+00
   1.9793310e-01  -4.2708074e-01  -1.4025578e+00
   4.3795901e-02  -2.9565685e-01  -1.3581244e+00
   5.0764036e-02  -2.7768400e-01  -1.3517825e+00
   5.7849750e-02  -2.7554291e-01  -1.3559321e+00
   1.3589617e-01  -2.7497225e-01  -1.3740205e+00
   2.4336817e-01  -4.1670684e-01  -1.3911929e+00
   5.1097480e-02  -2.9021420e-01  -1.3821070e+00
   7.0488632e-02  -2.4650133e-01  -1.3765333e+00
   2.0980490e-01  -4.4070428e-01  -1.3866162e+00
   3.0770571e-02  -2.0948582e-01  -1.3561829e+00
   5.6952765e-02  -2.5075811e-01  -1.3762123e+00
   2.0168497e-01  -3.6051607e-01  -1.3939047e+00
   7.2593842e-02  -2.2177378e-01  -1.3673144e+00
   1.9058433e-01  -4.2525625e-01  -1.3959197e+00
   5.6197537e-02  -3.0014884e-01  -1.3719107e+00
   2.5706682e-01  -2.4589275e-01  -1.4009041e+00
   1.5996340e-01  -8.9146691e-02  -1.3404060e+00
   7.9382714e-02  -2.1744247e-01  -1.3618678e+00
   8.1970470e-02  -2.5997551e-01  -1.3694715e+00
   2.2821815e-01  -4.4726063e-01  -1.3885965e+00
   6.3632736e-02  -2.8005357e-01  -1.3542052e+00
   3.0664880e-01  -4.8410072e-01  -1.3929346e+00
   5.5167818e-02  -1.8315370e-01  -1.3671385e+00
   2.0969373e-01  -4.7973449e-01  -1.4036567e+00
   1.6132825e-01  -4.0974646e-01  -1.4106276e+00
   7.0116024e-02  -3.4899857e-01  -1.3691518e+00
   1.7475991e-01  -4.0391439e-01  -1.4002946e+00
   1.3219612e-01  -4.0655979e-01  -1.3955546e+00
   8.0371118e-02  -2.5382933e-01  -1.4230982e+00
   2.9287557e-01  -5.1822567e-01  -1.3905850e+00
   1.6843209e-02  -3.2187794e-01  -1.3759755e+00
   1.0488530e-02  -3.0620683e-01  -1.3853215e+00
   1.4887136e-02  -3.6345774e-01  -1.3787209e+00
   2.4702786e-01  -5.0478405e-01  -1.4011885e+00
   1.6991194e-02  -3.6376787e-01  -1.3570048e+00
   2.2853468e-01  -4.3156216e-01  -1.4165625e+00
   2.9005724e-02  -3.2694513e-01  -1.3649463e+00
   2.1388896e-02  -3.1542553e-01  -1.4060316e+00
   2.0370383e-01  -5.1479686e-01  -1.4223331e+00
   3.2933896e-02  -2.9533906e-01  -1.3788630e+00
   3.6403796e-02  -2.1443854e-01  -1.3740135e+00
   1.7616355e-01  -3.8769411e-01  -1.3964822e+00
   6.3676027e-02  -2.2280616e-01  -1.3688739e+00
   1.7728127e-01  -3.7100205e-01  -1.4195504e+00
   1.7264844e-01  -4.4339788e-01  -1.4258111e+00
   2.6975760e-01  -5.6829009e-01  -1.4500227e+00
   2.3093572e-02  -2.1521178e-01  -1.3890720e+00
   2.2161628e-02  -2.4067222e-01  -1.4038112e+00
  -6.0026417e-03  -2.4230393e-01  -1.2849501e+00
   1.6283212e-01  -3.7207247e-01  -1.3820883e+00
   5.4618888e-02  -2.7753061e-01  -1.3830589e+00
   1.9061420e-02  -2.7367154e-03  -1.3906028e+00
  -1.2547126e-01  -1.4544643e-01  -1.3906754e+00
   2.7266346e-01  -4.0675328e-01  -1.4118640e+00
   2.1266501e-02  -2.4625509e-01  -1.4051825e+00
   2.0807992e-01  -4.1315371e-01  -1.4272743e+00
   3.3014085e-02  -3.2886898e-01  -1.4099768e+00
   1.1796339e-01  -1.6263017e-01  -1.3940212e+00
   6.3689027e-02  -2.1614533e-01  -1.3836211e+00
   1.2359195e-01  -2.2213079e-01  -1.3367225e+00
