  -4.5785099e-01   1.8671947e+00  -1.0751125e+00
  -3.1289739e-01   2.0850038e+00  -1.1315106e+00
  -4.5974546e-01   2.9143006e+00  -8.6940061e-01
  -5.4596686e-01   1.8222722e+00  -1.0815031e+00
  -5.6878030e-01   1.8836051e+00  -1.1441523e+00
  -4.4969428e-01   1.8245900e+00  -1.1306384e+00
  -4.5197213e-01   1.8863810e+00  -1.1233624e+00
  -4.6031000e-01   1.8670537e+00  -1.1210237e+00
  -2.4855970e-01   2.6916995e+00  -1.1322916e+00
  -8.8056747e-01   3.7063202e+00  -8.5277864e-01
  -4.5983414e-01   1.6926608e+00  -1.1743810e+00
  -3.0336262e-01   1.5111401e+00  -1.1776522e+00
  -4.3804174e-01   1.7274941e+00  -1.1282848e+00
  -3.6011620e-01   2.5186542e+00  -1.1341747e+00
  -4.7478835e-01   2.0085874e+00  -1.1711180e+00
  -3.8813750e-01   2.1660419e+00  -1.1671145e+00
  -4.5416984e-01   1.7557334e+00  -1.1908503e+00
  -4.5751800e-01   1.7356638e+00  -1.1712390e+00
  -5.4147595e-01   1.6488973e+00  -1.1765627e+00
  -5.0792691e-01   1.4231329e+00  -1.1752939e+00
  -4.1526937e-01   1.7205479e+00  -1.2132056e+00
  -4.2671570e-01   1.8868215e+00  -1.1995661e+00
  -3.2505508e-01   2.0305834e+00  -1.2155643e+00
  -4.5592328e-01   1.7440463e+00  -1.2062566e+00
  -4.6663071e-01   1.7538352e+00  -1.2020733e+00
  -1.8224201e-01   1.3462423e+00  -1.2377375e+00
  -5.1191308e-01   1.6294441e+00  -1.1672714e+00
  -4.8992448e-01   1.6426420e+00  -1.1714845e+00
  -5.2713736e-01   1.7473591e+00  -1.1898252e+00
  -4.9738285e-01   1.6774007e+00  -1.1823900e+00
  -5.2407728e-01   1.6470538e+00  -1.1740627e+00
  -2.3308164e-01   2.6756468e+00  -1.1544610e+00
  -4.6852837e-01   1.7417493e+00  -1.2335522e+00
  -6.1790389e-01   1.8218980e+00  -1.2212554e+00
  -4.2381315e-01   1.9221351e+00  -1.2264493e+00
  -4.1552032e-01   1.4848160e+00  -1.2577173e+00
  -4.4068607e-01   2.0693944e+00  -1.2105183e+00
  -4.8342607e-01   1.7093213e+00  -1.2020516e+00
  -4.9377154e-01   1.7085063e+00  -1.1983534e+00
  -2.9772152e-01   1.5090130e+00  -1.2520668e+00
  -4.8403702e-01   1.6737855e+00  -1.2263520e+00
  -4.7225567e-01   1.7025444e+00  -1.2035185e+00
  -5.3989524e-01   2.0669755e+00  -1.2076844e+00
  -4.6767507e-01   1.7459452e+00  -1.2033057e+00
  -4.7273292e-01   1.7171959e+00  -1.2107363e+00
  -6.1873870e-01   1.7559015e+00  -1.1966102e+00
  -5.1820682e-01   1.7246081e+00  -1.1817054e+00
  -4.5279067e-01   1.6742816e+00  -1.2025066e+00
  -4.7288304e-01   1.6769092e+00  -1.2017839e+00
  -2.9245725e-01   1.4590886e+00  -1.2309128e+00
  -5.2474085e-01   1.6842830e+00  -1.1921578e+00
  -5.2468359e-01   1.6603063e+00  -1.2082896e+00
  -4.8220073e-01   1.6925387e+00  -1.2149273e+00
  -4.1546989e-01   1.7140999e+00  -1.2356164e+00
  -3.1385230e-01   1.4705443e+00  -1.2718737e+00
  -2.8566278e-01   2.0048117e+00  -1.2194789e+00
  -5.5402014e-01   1.6631300e+00  -1.1856736e+00
  -5.3242372e-01   1.5896509e+00  -1.1981138e+00
  -5.0252590e-01   1.5929748e+00  -1.1892807e+00
  -5.2206422e-01   1.6054341e+00  -1.1854228e+00
  -5.3617639e-01   1.6222171e+00  -1.1828727e+00
   1.9320617e-01   1.7005339e+00  -1.2962274e+00
  -4.3106097e-01   1.6852320e+00  -1.2176296e+00
  -4.5340231e-01   1.6806538e+00  -1.2164441e+00
  -4.8285963e-01   1.6742169e+00  -1.2298371e+00
  -4.6629835e-01   1.6638000e+00  -1.2398586e+00
  -5.1430583e-01   1.7396293e+00  -1.2123350e+00
  -6.9984191e-01   1.8711762e+00  -1.2293093e+00
  -5.2206566e-01   1.6221306e+00  -1.1882702e+00
  -5.3272565e-01   1.7153759e+00  -1.2127620e+00
  -4.9329601e-01   1.6742129e+00  -1.2406877e+00
  -3.3646806e-01   1.5096557e+00  -1.2657415e+00
  -5.3636870e-01   1.7307876e+00  -1.2001381e+00
  -5.0287421e-01   1.8668093e+00  -1.1864026e+00
  -1.5110638e-01   2.8192448e+00  -1.1953223e+00
  -8.0099493e-01   4.2931281e+00  -1.0137732e+00
   9.1690355e-02   4.2947157e+00  -8.5123309e-01
  -6.7498467e-01   4.2013578e+00  -1.1602953e+00
  -1.8830721e-01   3.7656698e+00  -1.2067430e+00
  -3.9364819e-02   3.8484028e+00  -1.1532191e+00
  -3.9557295e-01   3.7441457e+00  -1.0555317e+00
  -4.8382882e-01   1.8431465e+00  -1.2215891e+00
  -4.5365933e-01   1.7192844e+00  -1.2275019e+00
  -4.4547633e-01   1.6962425e+00  -1.2199365e+00
  -4.0389065e-01   1.5166014e+00  -1.1903405e+00
  -5.0040550e-01   1.7607222e+00  -1.1989380e+00
  -5.3017716e-01   1.8201947e+00  -1.2126881e+00
  -5.1349863e-01   1.6832434e+00  -1.2084860e+00
  -2.9739622e-01   1.4136300e+00  -1.2419746e+00
  -4.9855289e-01   1.8157365e+00  -1.2054196e+00
  -4.3920102e-01   1.7167298e+00  -1.1916420e+00
  -5.2914962e-01   1.7077678e+00  -1.2184761e+00
  -4.3507803e-01   2.4074962e+00  -1.2034864e+00
  -3.2912742e-01   1.4894444e+00  -1.2481977e+00
  -3.7720680e-01   2.1586625e+00  -1.2420136e+00
  -4.6129051e-01   1.6421099e+00  -1.2536985e+00
  -4.7364287e-01   1.6255777e+00  -1.2416498e+00
  -5.1351106e-01   1.5999201e+00  -1.2320838e+00
  -4.7903408e-01   1.6008027e+00  -1.2416540e+00
  -4.9591187e-01   1.6030370e+00  -1.2271879e+00
  -3.1677684e-01   1.3306891e+00  -1.2671446e+00
  -4.8335787e-01   1.5751712e+00  -1.2140082e+00
  -5.4591149e-01   1.6175577e+00  -1.2206342e+00
  -5.3926614e-01   1.5389217e+00  -1.2307694e+00
  -5.7498645e-01   1.7161310e+00  -1.2247492e+00
  -4.0996413e-01   1.3786183e+00  -1.2493784e+00
  -4.8832788e-01   1.5640800e+00  -1.2383502e+00
  -4.9437091e-01   1.5762181e+00  -1.2508453e+00
  -5.1077156e-01   1.5753713e+00  -1.2335006e+00
  -4.7354570e-01   1.5658387e+00  -1.2297568e+00
  -3.0605567e-01   1.2529864e+00  -1.2682462e+00
  -5.6857900e-01   1.6133581e+00  -1.2159730e+00
  -4.9819152e-01   1.7254291e+00  -1.2083332e+00
  -3.7917116e-01   1.3902549e+00  -1.2805624e+00
  -6.5094194e-01   1.5907322e+00  -1.2451073e+00
  -4.4311946e-02   3.1744909e+00  -1.0971299e+00
  -8.5080457e-01   3.5383371e+00  -1.1023417e+00
  -4.0930403e-01   2.4351595e+00  -1.1147553e+00
  -6.6108714e-01   1.7055576e+00  -1.2487604e+00
  -6.8020076e-01   1.7363497e+00  -1.2468576e+00
  -5.6224955e-01   1.6200865e+00  -1.2879311e+00
  -1.5973480e-01   2.8289915e+00  -1.0573087e+00
  -1.3589561e+00   3.9531169e+00  -7.6834715e-01
  -1.4850755e+00   4.3173549e+00  -8.3749007e-01
  -5.0237239e-01   3.7812979e+00  -1.0133593e+00
  -2.9453032e-01   1.8060652e+00  -1.1751361e+00
  -4.8301269e-01   1.5917023e+00  -1.2048394e+00
  -3.4466111e-01   1.7591730e+00  -1.2078177e+00
  -3.1205323e-01   1.7587249e+00  -1.2200171e+00
  -2.0136561e-01   1.5859313e+00  -1.2591410e+00
  -3.5467353e-01   1.7579164e+00  -1.2154575e+00
  -3.3703108e-01   1.7679931e+00  -1.2218371e+00
  -3.0577297e-01   2.5363770e+00  -1.2168393e+00
  -3.5828405e-01   2.3700707e+00  -1.1777456e+00
  -1.9545006e-01   2.5915505e+00  -1.1831671e+00
  -2.6610461e-01   1.7255569e+00  -1.2051155e+00
  -3.3793430e-01   1.5902010e+00  -1.2689468e+00
  -4.6532899e-01   1.6140814e+00  -1.2578916e+00
  -3.5867285e-01   1.8110665e+00  -1.2235163e+00
  -1.7953909e-01   1.4198421e+00  -1.2410145e+00
  -3.4940604e-01   1.6672981e+00  -1.2454717e+00
  -2.5030733e-01   1.6918809e+00  -1.2446639e+00
  -1.9849789e-01   1.3932710e+00  -1.2554311e+00
  -3.8183035e-01   1.7255214e+00  -1.2582577e+00
  -1.8918737e-01   1.3908434e+00  -1.3033624e+00
  -3.8597120e-01   1.6160280e+00  -1.2428298e+00
  -3.6390881e-01   1.6619101e+00  -1.2319691e+00
  -4.4652422e-01   1.6433424e+00  -1.2062747e+00
  -4.6102023e-01   1.5714163e+00  -1.2365255e+00
  -6.5309273e-01   1.6820440e+00  -1.2432311e+00
  -2.4918825e-01   1.6028837e+00  -1.2371151e+00
   1.8497075e-01   1.5502980e+00  -1.3051333e+00
   3.9691588e-01   1.9076409e+00  -1.2366611e+00
  -4.3527288e-01   1.9249416e+00  -1.1926072e+00
