   8.9054805e-02   3.0141178e-01  -1.1845560e+00
   2.2642095e-01   1.5945524e-01  -1.2326853e+00
   7.4498128e-02   3.6650424e-01  -1.1894952e+00
   2.4212694e-03   1.5071561e-01  -1.2012448e+00
   1.1048763e-01   3.5773074e-01  -1.2930101e+00
   1.5339573e-01   2.8640159e-01  -1.2772106e+00
   1.3632642e-01   2.6070065e-01  -1.2628558e+00
   9.2235556e-02   2.4753239e-01  -1.2360849e+00
   9.2870500e-02   8.1683765e-03  -1.3066874e+00
   1.9318103e-01   2.3393565e-01  -1.2653899e+00
   1.4775263e-01   2.1754901e-01  -1.2586345e+00
   2.1998691e-01  -3.1529836e-02  -1.3241575e+00
   1.9998654e-01   3.0816145e-01  -1.2831666e+00
   1.7844904e-01   3.0885319e-01  -1.2867334e+00
   6.2204688e-02   2.4765066e-01  -1.2400338e+00
   8.8755300e-02   3.2294783e-01  -1.2571870e+00
   3.3746747e-02   3.6711109e-01  -1.2835485e+00
   7.5982337e-02   2.7593269e-01  -1.2874958e+00
   1.9475659e-01   1.6975585e-01  -1.3288479e+00
   1.1720445e-01   2.8438068e-01  -1.2697197e+00
   6.4783386e-02   2.7390729e-01  -1.2758274e+00
   5.8277912e-02   2.5418468e-01  -1.2833520e+00
   7.6193878e-02   2.2391734e-01  -1.2653261e+00
   8.6461937e-02   2.5042192e-01  -1.2780412e+00
   2.2882110e-01   1.0610114e-01  -1.3306359e+00
   6.6174620e-02   3.2410811e-01  -1.2986585e+00
   8.0099763e-02   2.9204217e-01  -1.2963901e+00
   7.2467205e-02   3.1759688e-01  -1.3107991e+00
   5.9120220e-02   3.3159541e-01  -1.2867919e+00
   6.0771624e-02   2.6332280e-01  -1.3024095e+00
   2.1763184e-01   9.4651649e-02  -1.3708122e+00
   5.0269920e-02   2.9994902e-01  -1.2541892e+00
   2.7397131e-02   2.7554723e-01  -1.3126455e+00
   2.2380422e-01   1.3979380e-01  -1.3435326e+00
   6.4840779e-02   3.5473846e-01  -1.2919994e+00
   8.4547642e-02   3.1905805e-01  -1.2658137e+00
   4.9823299e-02   3.2012896e-01  -1.3048205e+00
   1.5854683e-01   1.3009308e-01  -1.2935308e+00
   4.8114120e-02   2.8247178e-01  -1.3067295e+00
   6.9841549e-02   2.6297092e-01  -1.3163937e+00
   2.1491805e-01   7.3630121e-02  -1.3318370e+00
   4.8645398e-02   1.7006638e-01  -1.2953990e+00
  -1.3954475e-02   3.2706186e-01  -1.2583785e+00
   5.1291305e-02   3.8793228e-01  -1.2884287e+00
   3.4815813e-02   3.0959252e-01  -1.2986118e+00
   1.5441384e-01   1.9925911e+00  -1.1720683e+00
   1.2328955e-01   5.5982597e-01  -1.1522324e+00
   7.9128631e-02   2.5747129e+00  -1.0601364e+00
  -2.1543856e-01   1.1605961e+00  -1.1146594e+00
   3.3626671e-01   5.9872302e-01  -1.1018088e+00
   6.3646089e-02   2.3984041e+00  -9.9490552e-01
   3.0154620e-01   1.0018990e-01  -1.1402130e+00
   1.9231789e-01   4.2738222e-01  -1.2106570e+00
   1.7751356e-01   3.6793976e-01  -1.2510587e+00
   1.9175277e-01   3.9317203e-01  -1.2406952e+00
   4.8967234e-01   1.5906287e+00  -1.1456648e+00
   1.8161133e-01   3.0262871e+00  -8.7795669e-01
   1.2166190e-01   1.1580200e+00  -9.8998513e-01
   2.2175328e-01   3.4976684e-01  -1.1589861e+00
   2.6480397e-01   4.9118108e-01  -1.2288697e+00
   2.5781082e-01   5.0763455e-01  -1.2339959e+00
   2.7599763e-01   4.7448493e-01  -1.2208307e+00
   2.7535945e-01   1.3411358e+00  -1.1709734e+00
   7.4635632e-02   7.2541217e-01  -1.1204237e+00
   3.1813136e-01   8.4178797e-02  -1.1482867e+00
   2.5245074e-01   4.1806187e-01  -1.2184439e+00
   2.9781598e-01   3.3405295e-01  -1.2282406e+00
   2.5345234e-01   3.8066715e-01  -1.2681045e+00
   1.9406578e-01   1.0048593e+00  -1.1862715e+00
   1.3081868e-01   2.6490844e+00  -9.5391632e-01
   3.6100113e-01   2.3235531e+00  -1.0252215e+00
   2.5719905e-01   8.6065443e-01  -1.1741272e+00
   1.6589662e-01   1.7669265e-01  -1.2017156e+00
   1.5982054e-01   1.9976584e-01  -1.2310168e+00
   3.8244057e-01  -5.2957845e-02  -1.3154781e+00
   1.4891602e-01   1.7098274e-01  -1.2442585e+00
   2.0417751e-01   1.7248131e-01  -1.2323304e+00
   3.4681940e-01   5.9626781e-02  -1.2573540e+00
   1.3404534e-01   4.3113587e-02  -1.2627213e+00
   1.7388678e-01   6.1719862e-02  -1.2664132e+00
   3.9623600e-02   5.0289171e-02  -1.2713075e+00
   1.7054986e-01   2.7027666e-01  -1.2602086e+00
   1.5440375e-01   1.5082070e-01  -1.2406105e+00
   1.7576413e-01   8.9828809e-02  -1.2525930e+00
   1.0120345e-01   8.8635706e-02  -1.2560289e+00
   7.1812695e-02   5.2492188e-02  -1.2631248e+00
   6.1964038e-02   4.2444760e-02  -1.2881497e+00
   1.8628400e-01  -1.6570883e-02  -1.3429781e+00
   8.2499579e-02   3.4648637e-02  -1.2957282e+00
   2.0411353e-01  -1.3307197e-01  -1.3418399e+00
   5.0858113e-02   1.6174471e-02  -1.3119485e+00
   6.0483000e-02  -1.8698319e-02  -1.2846501e+00
   3.7293976e-02  -2.4862493e-02  -1.3045189e+00
   4.6973512e-02  -4.9096236e-03  -1.3208583e+00
   2.3460723e-01  -1.4502794e-01  -1.3400320e+00
   4.2252408e-02  -2.5637182e-02  -1.2999342e+00
   5.2620691e-02   3.3139625e-02  -1.3406918e+00
   6.1126780e-02   3.8132490e-02  -1.3053878e+00
   4.2781320e-02   1.0241724e-02  -1.3161374e+00
   3.9630220e-02  -1.5185933e-02  -1.3338621e+00
   1.5645245e-01  -1.5855460e-01  -1.3186722e+00
   4.2794106e-02  -4.3014688e-02  -1.3075420e+00
   5.4611690e-02  -1.7635335e-02  -1.3254860e+00
  -1.6356643e-02   4.5055033e-02  -1.3317219e+00
   1.7042633e-01  -1.0867395e-01  -1.3109891e+00
   7.7104340e-02   1.0156687e-02  -1.3253407e+00
   1.8693208e-02   5.3856287e-02  -1.3111938e+00
   4.1576399e-02  -2.3508431e-03  -1.3427729e+00
   2.2718068e-01  -1.1307125e-01  -1.3625392e+00
   1.0187569e-02  -2.1694272e-02  -1.2892659e+00
   1.2526140e-02  -4.0520203e-02  -1.3649194e+00
   3.6718388e-02  -6.0027211e-02  -1.3570605e+00
   5.2978278e-02   2.7200485e-02  -1.3265322e+00
   2.6209681e-02  -4.4798929e-02  -1.3322582e+00
   1.3616357e-02   3.5062992e-02  -1.3441914e+00
  -5.0950503e-02   2.9797052e-02  -1.3171590e+00
   1.6355473e-01  -1.6699815e-01  -1.3614084e+00
   3.4339544e-02  -4.6867782e-02  -1.3572830e+00
  -3.8758321e-02  -4.1972775e-02  -1.3461752e+00
   1.3482770e-02  -5.1820495e-02  -1.3503504e+00
   1.8050695e-01  -1.8125501e-01  -1.3784966e+00
   3.1763556e-02  -6.0214047e-03  -1.3136145e+00
   3.0474616e-02  -1.0661349e-02  -1.3240735e+00
  -5.8468235e-02   6.1981808e-02  -1.3421388e+00
   2.5150163e-01  -7.1231278e-02  -1.3533368e+00
   1.1008977e-02   7.2878545e-02  -1.3189157e+00
   5.7304139e-03   6.6634444e-02  -1.3451028e+00
  -1.5871971e-01   1.7939747e-02  -1.3347423e+00
   9.6378604e-03   1.3302955e-02  -1.3382062e+00
   1.1065680e-02   6.0780474e-02  -1.3282470e+00
   1.4995215e-02   7.4354668e-02  -1.3663281e+00
   1.3753719e-01  -1.0506539e-01  -1.3603056e+00
   5.4204236e-03   2.0263365e-02  -1.3412808e+00
   1.3657075e-01  -1.1604340e-01  -1.3869507e+00
   7.6871617e-03   3.8757631e-02  -1.3490353e+00
   6.3116726e-03   1.4320018e-02  -1.3440302e+00
  -1.1673159e-02  -2.2254686e-02  -1.3398209e+00
   1.9904547e-01  -2.1797545e-01  -1.3848965e+00
   2.9215410e-02  -4.0597057e-02  -1.3445320e+00
   1.1345512e-02  -3.1997252e-02  -1.3447592e+00
   1.5768926e-01  -2.2226849e-01  -1.3788046e+00
  -5.0291654e-03  -5.8352185e-02  -1.3305222e+00
  -2.0336651e-02  -3.9613768e-02  -1.3391894e+00
   1.1017768e-01  -1.0247209e-01  -1.3860359e+00
   2.2828589e-01  -2.3986254e-01  -1.3972889e+00
   3.2263392e-02  -3.5013581e-02  -1.3533450e+00
   1.8598552e-01  -2.4301907e-01  -1.3876880e+00
   2.2060797e-02  -1.7082099e-02  -1.3645005e+00
   1.3621798e-02   3.0823910e-02  -1.3519219e+00
   1.9632234e-01  -2.0288876e-01  -1.3929503e+00
  -2.0600095e-02   6.8734280e-03  -1.3377107e+00
  -5.7961417e-02  -6.8029532e-02  -1.3372345e+00
   8.1455614e-02   7.8015647e-02  -1.3544990e+00
   1.0954398e-01   2.5264306e-01  -1.2799613e+00
