   7.2244588e-02  -5.2272850e-02  -1.2403316e+00
   3.6211353e-02  -2.8066878e-02  -1.2241618e+00
  -3.8749775e-02  -6.2934392e-02  -1.1440478e+00
   4.4432663e-02  -8.9261220e-02  -1.2129581e+00
   7.0544381e-02  -6.0696203e-02  -1.3308348e+00
   1.1038080e-01  -1.0020853e-01  -1.3296351e+00
   1.2308514e-01  -3.6253776e-02  -1.3136973e+00
   1.0447653e-01  -5.3131738e-02  -1.3273647e+00
  -3.6792577e-02   3.3069394e-02  -1.3403587e+00
   2.0359918e-01  -3.1428909e-01  -1.3669616e+00
  -8.3632799e-02  -1.5835026e-02  -1.3099135e+00
   6.2861039e-02  -1.3487735e-01  -1.2966169e+00
   2.2548520e-01  -5.5656095e-02  -1.3544774e+00
   4.0898228e-02   1.0302976e+00  -1.2827776e+00
   6.6520016e-02   3.8394321e-01  -1.2654089e+00
   8.5640555e-02  -5.1374855e-03  -1.3328814e+00
   7.4797204e-02   2.2981932e-02  -1.3175541e+00
   7.4052839e-02   1.9776890e-02  -1.3033816e+00
   7.8384141e-02  -2.6953420e-02  -1.3301996e+00
   7.4825359e-02   5.5514614e-02  -1.2741162e+00
   1.8045128e-01  -1.3003620e-01  -1.3188204e+00
   6.9998492e-02  -8.1742462e-02  -1.3061954e+00
   1.7527185e-01  -1.9739100e-01  -1.3146503e+00
   7.5649944e-02  -1.2025110e-01  -1.3178038e+00
   7.6768069e-02  -1.0569917e-01  -1.3313508e+00
   7.2870829e-02  -1.0862378e-01  -1.3419929e+00
   3.3526675e-02  -4.7414592e-02  -1.2669990e+00
   1.5205918e-02  -3.5179695e-02  -1.2571623e+00
   5.8772062e-02  -6.1635032e-02  -1.2926147e+00
   2.1048532e-01  -2.8146438e-01  -1.3506773e+00
   7.7237155e-02  -1.1669636e-01  -1.3152163e+00
   5.4743601e-02  -7.8670235e-02  -1.3337940e+00
   2.6730587e-01  -3.4789344e-01  -1.3332382e+00
   5.0500706e-02  -1.4406997e-01  -1.2958305e+00
   4.1243164e-02   3.0747933e-02  -1.3281735e+00
   5.1102001e-02  -8.9113908e-02  -1.3349421e+00
  -1.1848070e-01   4.4410991e-02  -1.2708324e+00
   2.7817551e-02  -8.9433727e-02  -1.3111771e+00
   2.4342351e-01  -2.5643831e-01  -1.3802415e+00
   3.6650526e-02  -1.1690651e-01  -1.3316501e+00
   2.4524284e-02  -5.7133359e-02  -1.3133652e+00
   1.2882840e-02  -3.0390367e-02  -1.3094300e+00
   1.6650713e-01  -2.5452302e-01  -1.3663357e+00
   1.5614276e-02  -3.3808085e-02  -1.3303946e+00
   7.2381104e-03  -8.5280405e-02  -1.3446843e+00
   1.7638590e-02  -9.3232683e-02  -1.3334802e+00
   5.1091498e-02  -4.5040712e-02  -1.3237116e+00
  -2.4539870e-02  -1.4813975e-01  -1.3323406e+00
   1.1782184e-03  -1.7427399e-01  -1.3324096e+00
   3.2268289e-01  -1.5558861e-01  -1.3689937e+00
   2.5132100e-03  -1.9033302e-01  -1.3329872e+00
  -2.7487318e-02  -1.6273988e-01  -1.3183406e+00
  -2.8300433e-02  -8.0674977e-02  -1.3343732e+00
  -3.5593596e-02   3.0332450e-02  -1.2954130e+00
  -7.4994735e-03  -1.0548959e-01  -1.3360883e+00
   1.5308051e-01  -2.4787369e-01  -1.3723086e+00
  -3.2123995e-03  -1.4807650e-01  -1.3235648e+00
  -1.3954097e-02  -1.2946975e-01  -1.2915811e+00
   5.0948070e-01   2.0070166e+00  -1.2272328e+00
  -1.4012660e-01   3.3795884e-01  -1.1847086e+00
   1.8017368e-01   7.7648181e-02  -1.2678571e+00
   1.7710355e-01  -1.8191744e-02  -1.3036423e+00
   2.1244999e-01  -5.3401228e-02  -1.3006839e+00
   1.1050712e-01  -3.6387903e-02  -1.2755956e+00
   1.2996234e-01  -3.2858769e-02  -1.3335209e+00
   1.0819576e-01  -5.6941806e-02  -1.3117403e+00
   3.6988864e-01   7.0834286e-01  -1.3329468e+00
   4.7388442e-01   2.8460430e+00  -1.1399382e+00
   1.5899038e-02   8.0004347e-01  -1.1807322e+00
   1.1303237e-01   9.3600070e-03  -1.3271087e+00
   1.1464956e-01  -1.6486673e-02  -1.3390322e+00
   2.1956546e-01  -1.0444516e-01  -1.3565263e+00
   1.1373761e-01  -7.2468440e-02  -1.2892022e+00
   1.3658668e-01  -9.1590873e-02  -1.3013639e+00
   2.3330744e-01  -6.8269448e-02  -1.3504534e+00
   1.1884465e-01  -1.6846008e-01  -1.3158960e+00
   8.0645578e-02   2.3052384e-01  -1.3259094e+00
   7.1762993e-02  -1.6086426e-01  -1.3136068e+00
   3.5644093e-01  -4.4744588e-01  -1.3816543e+00
   9.2739943e-02  -1.8018384e-01  -1.3158954e+00
   1.2472370e-01  -1.2151994e-01  -1.3093975e+00
   3.2530645e-01   9.6049736e-01  -1.2808775e+00
  -1.9811498e-01  -8.0410987e-02  -1.3598712e+00
   1.1380038e-01   8.2253218e-02  -1.3246543e+00
   6.1402025e-02  -1.1993263e-01  -1.3351973e+00
   1.9633715e-02  -8.8931459e-02  -1.2991539e+00
  -4.7974325e-02   4.8575027e-02  -1.3170415e+00
   3.7691157e-02   4.7670357e-03  -1.3255743e+00
   7.8393067e-02  -2.6147226e-02  -1.3249571e+00
   1.5257510e-01   1.1444800e-01  -1.3089229e+00
   2.0265070e-01  -1.5160355e-01  -1.3575162e+00
  -1.1383186e-01   8.6860848e-01  -1.2896634e+00
  -3.5089029e+00   4.3489604e+00  -1.1275314e+00
  -1.5234781e-01   6.2907552e-01  -1.2692307e+00
   9.2493707e-02   1.0577896e-01  -1.3309157e+00
   1.1203812e-01   9.0428682e-03  -1.3152634e+00
   1.2447909e-01  -4.5413699e-02  -1.3318123e+00
   9.8316779e-02  -3.7676710e-02  -1.3196600e+00
   1.1631882e-01  -2.2216424e-02  -1.3144354e+00
   8.0121803e-02  -7.1051287e-02  -1.3367152e+00
   2.1274212e-01  -1.7604605e-01  -1.3234916e+00
   1.1485389e-01  -9.6312552e-02  -1.2944260e+00
   7.4502252e-02  -8.9035445e-02  -1.3115015e+00
   2.3240408e-01  -5.6016794e-02  -1.2727629e+00
   7.9949394e-02  -4.8937902e-02  -1.3282458e+00
   1.4291373e-01  -4.2555449e-02  -1.3471528e+00
   9.3323585e-02  -2.9823934e-02  -1.3440371e+00
   6.0480666e-02   1.1117572e-02  -1.3550776e+00
   9.6427581e-02  -6.0845010e-02  -1.3423101e+00
   2.6717860e-01  -1.7787012e-01  -1.3601343e+00
   9.8345540e-02  -8.2272359e-02  -1.3286983e+00
   9.4260362e-02  -5.1976008e-02  -1.3409543e+00
   3.3778599e-02  -1.4040910e-01  -1.3433038e+00
   7.7676592e-02  -4.7924093e-02  -1.3311890e+00
   8.5128903e-02  -6.5788091e-02  -1.3465053e+00
   1.3126837e-01  -4.8250092e-02  -1.3327749e+00
   1.4303799e-01  -7.9739834e-02  -1.3345314e+00
   1.2332220e-01  -1.2761946e-01  -1.3027148e+00
   1.6221995e-01  -1.0121057e-01  -1.3604857e+00
   3.5668158e-02  -1.8032446e-03  -1.3299144e+00
   9.1157270e-02  -1.9344268e-02  -1.3086156e+00
   2.9367071e-01   3.8350749e-01  -1.3308398e+00
   1.4502840e-01   1.8083077e+00  -1.1090095e+00
   1.2227571e-01  -1.8804509e-02  -1.2680728e+00
   1.2349000e-01   3.7862997e-02  -1.3017645e+00
   1.6532927e-01   2.7314006e-02  -1.2918478e+00
   2.2018215e-01  -2.0667522e-01  -1.3285352e+00
   3.9463787e-01   1.2421811e+00  -1.2366092e+00
   3.2719459e-01   7.7119864e-01  -1.2552940e+00
   8.3700793e-01   3.6608876e+00  -9.6510477e-01
   2.2774532e+00   2.9050096e+00  -8.5194567e-01
   8.7022799e-02   1.6905594e-01  -1.2889937e+00
   1.4284084e-01   2.5151289e-02  -1.2998753e+00
   1.4773530e-01   4.6373211e-02  -1.2968222e+00
   7.5173939e-02   2.0903019e-02  -1.2879022e+00
   8.2514650e-02  -3.1981901e-02  -1.3123875e+00
   1.0921581e-01   5.7800499e-02  -1.2985951e+00
   7.9225521e-01   7.8253763e-01  -1.2192764e+00
  -2.6844904e-01   6.1838065e-01  -1.2268167e+00
   1.9309458e-01   1.3263780e-01  -1.2412987e+00
   1.8974274e-01   1.1869729e-01  -1.2445933e+00
   4.0774511e-01   1.9796994e+00  -1.1477346e+00
   5.1122516e-01   2.8527481e+00  -7.9104230e-01
   6.5744142e-02   3.5113179e-01  -1.1675669e+00
   3.5966754e-01   1.9339654e+00  -1.1478574e+00
  -2.9283056e-01   3.5675156e+00  -8.1056830e-01
   2.1093498e-01   1.0737867e-01  -1.1826194e+00
   2.3847102e-01   3.8392320e-01  -1.2421801e+00
   3.1638018e-01   6.7008977e-01  -1.2392212e+00
   1.2333177e+00   3.7406703e+00  -9.4534324e-01
  -7.4384461e-01   3.4747839e+00  -9.7933250e-01
   1.9993057e-01   2.5524004e+00  -1.1603192e+00
   3.4660357e-01   5.7944080e-01  -1.2362699e+00
   1.1113123e-01   2.6923036e-01  -1.2842415e+00
