  -5.0136420e-02  -2.2534655e-01  -1.2175550e+00
  -2.7671315e-02  -2.1273121e-01  -1.2424309e+00
  -5.1696035e-02  -1.3627979e-01  -1.2293473e+00
  -5.6046797e-02  -1.3202138e-01  -1.2413703e+00
  -1.8690535e-02  -7.5749282e-02  -1.3352342e+00
  -1.0626036e-01  -4.6793872e-02  -1.3310265e+00
   1.5663758e-01  -2.5394149e-01  -1.3615058e+00
  -2.2499023e-02  -1.5047121e-01  -1.3203549e+00
  -2.8413411e-02  -1.4466352e-01  -1.3207053e+00
  -3.5295604e-02  -1.4729863e-01  -1.3237815e+00
  -7.8672018e-03  -1.3426243e-01  -1.3273391e+00
   1.8141212e-01  -3.5610538e-01  -1.3573904e+00
  -3.0175380e-02  -1.4698923e-01  -1.3248456e+00
   1.9346749e-02  -1.0967486e-01  -1.3348504e+00
  -2.0167086e-02  -1.1484792e-01  -1.2908879e+00
  -2.7161813e-02  -1.5339077e-01  -1.2709676e+00
  -3.0422144e-02  -1.0988966e-01  -1.2882734e+00
  -6.4121635e-02  -1.4802039e-01  -1.3175386e+00
  -5.5803617e-02  -1.7697781e-01  -1.2751408e+00
   1.1935184e-01  -3.1221287e-01  -1.3542251e+00
  -4.0656164e-02  -6.0706228e-02  -1.3077727e+00
  -4.6984629e-02  -1.4008468e-01  -1.3209188e+00
  -4.8156958e-02  -1.3494962e-01  -1.3283480e+00
  -2.6045841e-02  -1.4113616e-01  -1.3232219e+00
  -4.9866548e-02  -1.7408205e-01  -1.3106623e+00
  -2.4266022e-02  -1.1728487e-01  -1.3279136e+00
  -4.0603702e-02  -2.0498545e-01  -1.3113077e+00
  -3.9009226e-02  -1.3521356e-01  -1.3031556e+00
   1.0018281e-01  -2.3126446e-01  -1.3549569e+00
   1.0891126e-01  -1.8644227e-01  -1.3318155e+00
  -3.8427426e-02  -1.7398554e-01  -1.2885043e+00
  -3.5974013e-02  -1.0032842e-01  -1.3234097e+00
  -3.8905732e-02  -1.2838718e-01  -1.3016196e+00
  -5.3388298e-02  -1.5729245e-01  -1.3138028e+00
   1.2343882e-01  -2.8313850e-01  -1.3616752e+00
  -3.6520413e-02  -1.9925049e-01  -1.3289746e+00
  -1.5702458e-02  -2.1913063e-01  -1.3216462e+00
  -4.4374405e-02  -1.0658137e-01  -1.3357467e+00
   1.4226061e-01  -2.2337632e-01  -1.3648554e+00
  -2.3267992e-02  -1.7909094e-01  -1.3166656e+00
   1.8536297e-01  -2.6794567e-01  -1.3654663e+00
  -1.6684514e-02  -8.0285815e-02  -1.2848859e+00
  -5.2773729e-02  -5.3996706e-02  -1.3361692e+00
  -7.8675254e-02  -8.2387607e-02  -1.3360073e+00
  -3.7464108e-02  -5.3674767e-02  -1.3244895e+00
   1.0890961e-01  -2.4539792e-01  -1.3671767e+00
  -5.6881016e-02  -9.4205041e-02  -1.3336681e+00
  -7.2837078e-02  -1.1300549e-01  -1.3268731e+00
   5.6080923e-02  -2.2545047e-01  -1.3585967e+00
  -4.9747933e-02  -1.4704363e-01  -1.3218109e+00
  -1.5409795e-01  -1.7367780e-01  -1.3155498e+00
  -8.1085738e-02  -1.7293480e-01  -1.3242193e+00
   1.1759935e-01  -3.0206139e-01  -1.3730725e+00
  -9.3433137e-02  -1.0363793e-01  -1.3301850e+00
   7.9392397e-02  -2.5420539e-01  -1.3564630e+00
  -5.1902548e-02  -5.1248703e-02  -1.3449386e+00
  -6.3396812e-02  -5.9686765e-02  -1.3388979e+00
  -7.3743416e-02  -5.2254574e-02  -1.3398527e+00
  -2.8410380e-03  -9.3060110e-02  -1.3291659e+00
  -8.8335512e-02  -5.7937418e-02  -1.3016187e+00
   1.3388120e-01  -3.0810718e-01  -1.3950742e+00
  -1.0189401e-01  -1.0093093e-01  -1.3210916e+00
   1.3254919e-01  -2.7697292e-01  -1.3729929e+00
  -9.2026781e-02  -1.1305634e-01  -1.3505784e+00
  -9.3349612e-02  -1.2530216e-01  -1.3313117e+00
  -1.3244482e-01  -1.1275754e-01  -1.3397131e+00
   5.0074939e-02  -2.3737097e-01  -1.3570329e+00
  -8.8216339e-02  -9.5379046e-02  -1.3328623e+00
   1.2862129e-01  -2.0279226e-01  -1.3791843e+00
  -6.7349308e-02  -5.2213879e-02  -1.3314190e+00
  -7.4387984e-02  -7.7937360e-02  -1.3343650e+00
   7.2491708e-02  -2.6148390e-01  -1.3543888e+00
  -6.4392706e-02  -1.0717255e-01  -1.3229443e+00
  -9.5408760e-02  -6.3250839e-02  -1.3301511e+00
   1.2011750e-01  -1.7196676e-01  -1.3807751e+00
  -6.5838095e-02  -7.0619210e-03  -1.3342364e+00
  -2.1294447e-02  -2.6407975e-02  -1.3412366e+00
   9.8674498e-04  -2.9021176e-01  -1.3254576e+00
  -5.4056258e-02  -5.8362095e-02  -1.3195278e+00
  -1.7235576e-02  -3.1025212e-02  -1.3647320e+00
   1.5920808e-01  -1.6438364e-01  -1.3660420e+00
  -8.1195380e-02  -4.9555236e-02  -1.3342460e+00
  -5.6182833e-02  -5.9611672e-02  -1.3330739e+00
  -1.6770574e-01  -3.0738653e-02  -1.3258151e+00
  -7.5195478e-02  -1.9061675e-02  -1.2985425e+00
  -7.0246266e-02  -1.9574956e-02  -1.3308267e+00
   2.2018086e-02  -1.0031358e-01  -1.3456488e+00
  -5.7555003e-02  -6.4402791e-02  -1.3295489e+00
  -6.1875441e-02  -4.1951786e-02  -1.3359560e+00
  -5.1368607e-02  -6.2612880e-02  -1.3314189e+00
   1.1780799e-01  -2.1428628e-01  -1.3696614e+00
  -5.0357461e-02  -5.8429415e-02  -1.3330838e+00
  -7.2500743e-02  -1.0797369e-01  -1.3242871e+00
   1.3952747e-01  -3.0617981e-01  -1.3446087e+00
  -1.5162189e-02  -5.5209384e-02  -1.3170354e+00
  -6.5365211e-02  -9.5527118e-04  -1.3170895e+00
  -6.6031836e-02  -1.8104103e-03  -1.3217358e+00
  -2.8957687e-02   8.5596580e-02  -1.2563266e+00
  -6.9584801e-02   5.7807008e-02  -1.2922054e+00
   2.3027323e-01   3.8782357e-01  -1.3683570e+00
   4.5486185e-02   5.6008302e-01  -1.2990694e+00
  -3.9037807e-02  -2.1694515e-02  -1.3079721e+00
  -7.3275415e-02  -1.7945950e-02  -1.3447155e+00
  -5.6540389e-02  -9.8376499e-03  -1.3294378e+00
  -1.0605123e-01  -4.8460729e-02  -1.2753377e+00
  -2.1546009e-02  -1.9166665e-02  -1.3000414e+00
  -3.8336784e-02  -4.1728674e-02  -1.3028600e+00
  -5.9051260e-02  -6.4868261e-02  -1.2907584e+00
   1.9240834e-01   4.2069105e-01  -1.2734613e+00
  -4.9840956e-01   2.2622255e+00  -1.1856200e+00
  -2.0484951e-01   4.3450934e-01  -1.1794614e+00
   1.5300109e-01  -5.4508540e-03  -1.2868054e+00
   2.9888594e-02   1.7968744e-01  -1.2713207e+00
   1.2747302e-01  -7.4655252e-02  -1.3202873e+00
  -4.1054441e-02   2.2339001e-02  -1.3178589e+00
  -3.3408297e-02   7.3036803e-02  -1.3088023e+00
  -8.9663599e-03  -1.4969477e-02  -1.3197361e+00
   4.2222842e-02  -7.7115842e-02  -1.3353082e+00
  -6.5640803e-02  -3.9876227e-02  -1.3133577e+00
   8.1002909e-02  -2.1433169e-01  -1.3270671e+00
  -4.8061895e-02  -8.1726766e-02  -1.3136613e+00
  -5.9708632e-02  -1.1161946e-01  -1.2970598e+00
  -5.8179339e-02  -6.1817927e-02  -1.3222615e+00
   6.3656286e-02  -1.2771817e-01  -1.3362640e+00
  -4.3414437e-02  -3.7542121e-02  -1.2875825e+00
  -5.9063931e-02   1.7970906e-02  -1.3243147e+00
   1.2425025e-01  -2.0051478e-01  -1.3611815e+00
  -1.3695061e-01   1.0406935e-01  -1.3007720e+00
   1.4034921e-01  -1.4172260e-01  -1.3541020e+00
  -3.9295846e-02  -6.8375141e-02  -1.3169176e+00
   7.3245013e-02  -1.6843907e-01  -1.3356119e+00
   4.2433547e-02  -1.8128225e-01  -1.3494775e+00
  -1.1278115e-01  -4.9294816e-02  -1.2731518e+00
  -6.8278638e-02  -2.6235780e-02  -1.3164818e+00
  -6.4151892e-02  -3.0934597e-02  -1.2994853e+00
  -6.2800744e-02  -1.2718163e-01  -1.3033534e+00
   1.2165884e-01  -2.4089168e-01  -1.3642394e+00
   7.6336773e-02  -2.5365426e-01  -1.3586014e+00
  -1.0710617e-01  -1.2308367e-01  -1.3134992e+00
   1.7178430e-01  -1.5842886e-01  -1.3499508e+00
   6.7039296e-01   1.9026637e+00  -1.1334572e+00
   2.4260282e-01   7.5612582e-01  -1.1616615e+00
   1.6919110e-01   2.7914516e+00  -9.7268504e-01
   3.2357391e-02   4.2605411e-01  -1.0671876e+00
   2.3959015e-01   2.2547678e+00  -1.1163517e+00
   1.5936267e-01   5.5510621e-01  -1.1219156e+00
   5.3457779e-02   3.6761606e-01  -1.2182130e+00
   1.3303313e+00   2.9936624e+00  -9.6576137e-01
  -2.9694276e-01   3.1185312e+00  -9.6477637e-01
   1.1974198e-01   9.9170232e-02  -1.1496946e+00
   1.4275720e-01   3.0412263e-01  -1.2064809e+00
   2.0500498e-01   3.6405644e-01  -1.2476474e+00
   2.0886906e-01   3.1196139e-01  -1.2343683e+00
   8.4754230e-03   3.0491972e-02  -1.3050515e+00
