  -7.5495163e-02   1.7354482e-01  -1.1884596e+00
  -5.4726893e-02   1.8346585e-01  -1.2029880e+00
   4.0488054e-02   2.3487270e-01  -1.1995962e+00
  -6.4096952e-02   1.8943759e-01  -1.2073597e+00
   1.7274431e-01  -1.4977194e-02  -1.3628583e+00
  -1.6491354e-01   2.1231197e-01  -1.3191908e+00
  -4.8818784e-02   1.0373549e-01  -1.2894005e+00
   6.9040164e-02   2.2958456e-01  -1.3000613e+00
  -1.4259909e-01   3.1926173e-01  -1.3117551e+00
  -2.8630820e-02   1.5230423e-01  -1.2727913e+00
  -1.5063862e-01   1.5149003e-01  -1.2883714e+00
  -2.3021984e-01   1.9337346e-01  -1.2827485e+00
  -9.0793099e-02   2.2318698e-01  -1.2769072e+00
  -1.4282023e-01   3.6298791e-01  -1.3040752e+00
  -5.9167919e-02   2.6849345e-01  -1.2683702e+00
   2.9683219e-02   1.3244855e-01  -1.3047660e+00
  -6.7180646e-02   2.1143304e-01  -1.2653283e+00
  -9.2503526e-02   4.2746809e-01  -1.2304468e+00
   9.5800654e-02   1.2635613e-01  -1.3251036e+00
  -1.1251484e-01   2.9668748e-01  -1.2896711e+00
  -7.9200616e-02   2.5176870e-01  -1.2742685e+00
   4.1918930e-02   9.0878998e-02  -1.2992027e+00
   7.5770726e-02   7.3038241e-02  -1.3050833e+00
  -7.3916399e-02   1.8377105e-01  -1.2673405e+00
  -1.4762770e-01   2.7954181e-01  -1.2810491e+00
   1.5159864e-01   1.4521548e-02  -1.3585131e+00
  -6.8938081e-02   1.5277243e-01  -1.3023853e+00
  -7.9537397e-02   2.1882914e-01  -1.3029420e+00
   6.4650088e-02   1.5099198e-02  -1.3100713e+00
  -1.9973474e-02   1.4819612e-01  -1.2894017e+00
  -6.0995730e-02   1.9956404e-01  -1.2759704e+00
  -6.1896183e-02   1.5458201e-01  -1.3043159e+00
  -5.4429887e-02   1.0975748e-01  -1.3091863e+00
   7.4292057e-02   8.4213637e-02  -1.3093983e+00
  -5.6022900e-02   1.8218230e-01  -1.3062004e+00
  -5.5604978e-02   1.8180090e-01  -1.2995493e+00
  -8.8792929e-02   1.8668905e-01  -1.2631262e+00
  -1.7158145e-02   4.6293551e-02  -1.2839585e+00
   3.8662911e-01   6.4540922e-01  -1.2494576e+00
   3.8213178e-01   2.1298895e+00  -9.7609662e-01
   1.8616901e-01   9.6752577e-01  -1.1668595e+00
   1.0292018e-01   1.8110292e+00  -9.8858193e-01
  -3.7651510e-01   3.1878416e+00  -8.6954516e-01
  -7.0379178e-02   1.0558102e+00  -8.8075394e-01
   2.6613059e-01   5.0150955e-01  -1.0510054e+00
  -6.1686221e-02   1.0116518e+00  -9.9578893e-01
   9.5403010e-02   5.6496342e-01  -1.1566328e+00
   6.8292799e-02   1.1025876e+00  -1.1572341e+00
  -4.2796037e-01   3.2322797e+00  -8.4538887e-01
  -5.5543540e-01   2.0432040e+00  -1.0538478e+00
   5.4922091e-02   6.6846879e-01  -1.1735761e+00
   1.4864716e-01   5.8325366e-01  -1.1960310e+00
   7.4874056e-01   9.9862864e-01  -1.1585997e+00
   5.8179282e-01   1.2798011e+00  -9.9905231e-01
  -1.2120556e-01   8.4751783e-01  -1.1045923e+00
   1.4219116e-02   7.8186835e-01  -1.1398536e+00
   8.0772569e-02   5.7227189e-01  -1.2136210e+00
   1.7753042e-01   3.8747594e-01  -1.1851493e+00
   5.8737440e-02   1.2507414e+00  -1.0380949e+00
  -8.8214436e-02   2.6937774e+00  -8.8297522e-01
   1.1025127e-01   5.3432508e-01  -1.1314734e+00
   7.3328609e-02   6.0729171e-01  -1.1857093e+00
  -1.0887991e-01   1.6330416e+00  -1.0988167e+00
   1.8642892e-01   2.9415112e+00  -9.5501488e-01
   3.5947135e-01   2.3593409e+00  -1.0399154e+00
  -2.9381939e-02   7.5934461e-01  -1.1735614e+00
  -5.9580682e-03   6.0400991e-01  -1.2024416e+00
  -1.8774775e-01   2.1377773e-01  -1.1887713e+00
  -2.0123493e-01   3.7815008e+00  -7.2078037e-01
  -4.0816779e-01   2.9799526e+00  -7.7183829e-01
  -7.4826282e-02   3.1040883e-01  -1.0656557e+00
  -1.2770493e-02   2.4088475e-01  -1.1728054e+00
  -4.4485822e-02   1.9180036e-01  -1.1924815e+00
  -1.0381697e-01   2.2371762e-01  -1.2284015e+00
   3.2612446e-02  -1.4966869e-02  -1.2387633e+00
  -1.5327232e-01   1.0807117e-01  -1.1921866e+00
  -1.2685090e-01   1.3894766e-01  -1.1973897e+00
   2.5394732e-02   1.6575575e-01  -1.1986260e+00
  -1.5139240e-01   1.1545916e-01  -1.2202466e+00
   1.6036923e-01  -2.6330801e-01  -1.3011460e+00
  -1.7209911e-01  -7.5978755e-02  -1.2352033e+00
  -1.3845451e-01  -7.4506215e-02  -1.2393624e+00
   6.3294686e-02  -2.5489407e-01  -1.2493870e+00
   2.7857831e-01   3.5030606e-01  -1.2331154e+00
  -1.1498369e-01   1.5104423e-01  -1.1901880e+00
  -2.1705972e-02   2.6701960e-01  -1.2131763e+00
  -1.9772956e-01   1.8959978e-01  -1.2071633e+00
  -1.6099627e-01   1.7507650e-01  -1.2226553e+00
  -4.1731211e-02   1.2626815e-01  -1.2571335e+00
  -1.4535423e-01   7.6922341e-02  -1.2289727e+00
  -2.0390557e-01   1.2412990e-01  -1.2257858e+00
   5.7265664e-02  -9.7292582e-03  -1.3013493e+00
  -8.5219346e-02   1.4262195e-01  -1.2403327e+00
  -2.1974068e-01   1.7669019e-01  -1.2618824e+00
  -1.4591507e-01   1.1804605e-01  -1.2578799e+00
  -1.3941880e-01   1.0151944e-01  -1.2327662e+00
   6.5719725e-03  -1.3838863e-01  -1.2777427e+00
  -1.4776763e-01   6.8163209e-02  -1.2224352e+00
  -1.6939047e-01   6.1214319e-02  -1.2365800e+00
  -1.6659293e-01   4.9162877e-02  -1.2327428e+00
  -1.7570577e-01   1.9740223e-02  -1.2440224e+00
  -1.4280085e-01   3.9434266e-02  -1.2508938e+00
  -1.4927111e-01   1.4024901e-02  -1.2639846e+00
  -1.5616185e-01  -7.0121869e-03  -1.2450743e+00
  -1.2511038e-01   2.6757056e-02  -1.2523224e+00
  -1.2258345e-01   4.6239410e-02  -1.2665984e+00
  -1.4232981e-01   2.1644080e-02  -1.2608045e+00
   4.1336774e-02  -1.2731602e-01  -1.2884833e+00
  -1.5278662e-01   1.5544283e-02  -1.2491998e+00
  -9.2294139e-02   5.1588103e-02  -1.2706267e+00
  -1.3064810e-01   5.2745854e-02  -1.2578877e+00
  -2.6619100e-01  -2.1952244e-02  -1.2516886e+00
  -1.6840601e-01   6.0952997e-02  -1.2415001e+00
  -1.2365549e-01   1.1764418e-01  -1.2556379e+00
  -1.4986546e-01   3.6228731e-02  -1.2690688e+00
  -6.2627966e-02  -9.2453522e-02  -1.2779359e+00
  -2.6271586e-01   8.8488575e-02  -1.1554280e+00
  -2.0989829e-01   9.4966783e-02  -1.2140932e+00
   3.6218691e-02  -1.1963891e-01  -1.2817415e+00
  -2.1536453e-01   3.5921041e-02  -1.2223534e+00
  -1.9218683e-01  -1.9873886e-02  -1.2372773e+00
  -2.0038003e-01  -3.2878903e-02  -1.2369474e+00
  -1.5098561e-01  -5.8906106e-03  -1.2510538e+00
  -2.2773740e-01  -1.2337937e-02  -1.2347560e+00
  -1.9310322e-01   9.0080239e-02  -1.2471016e+00
   1.4093841e-02  -9.1441457e-02  -1.3132122e+00
  -1.4995122e-01   1.6843183e-02  -1.2729699e+00
  -1.5899298e-01   8.3925469e-03  -1.2850827e+00
  -1.6235460e-01   4.8605730e-02  -1.2659639e+00
  -8.6319492e-02   6.6743444e-02  -1.2857084e+00
  -1.3833887e-01  -1.0967475e-03  -1.3111929e+00
  -1.6416024e-01  -9.9496054e-03  -1.2934810e+00
  -1.4330280e-01   7.2965406e-02  -1.2976132e+00
  -1.3091071e-01   4.0722644e-02  -1.2820049e+00
   3.1343843e-02  -1.0069505e-01  -1.3411895e+00
  -1.6373045e-01   4.2933257e-02  -1.2683819e+00
  -1.5423369e-01   3.7809730e-02  -1.2624759e+00
  -1.7053791e-01   1.0224003e-01  -1.2612070e+00
  -1.4804191e-01   9.6846201e-02  -1.2760486e+00
  -1.3587395e-01   1.7572385e-01  -1.2637319e+00
  -1.1964164e-01   7.2822597e-02  -1.3218525e+00
  -1.5539657e-01   1.6398047e-01  -1.3048311e+00
  -1.3998145e-01   1.2521517e-01  -1.3037370e+00
  -2.4098043e-01   9.4159717e-02  -1.2789411e+00
   1.0974336e-01  -6.2922117e-02  -1.3525488e+00
  -8.0262027e-02  -4.4353621e-02  -1.3435244e+00
  -1.6117343e-01   6.6922378e-02  -1.2991420e+00
   2.1342964e-02  -1.3605117e-01  -1.3517191e+00
  -2.9936274e-01   1.1687758e-01  -1.3082953e+00
  -2.0474509e-01   7.5812367e-02  -1.2970128e+00
  -1.1675429e-01   7.3088377e-02  -1.3105081e+00
  -2.9443296e-01   1.0024912e-02  -1.3222942e+00
  -2.0952615e-01   2.2501110e-02  -1.2714874e+00
  -6.4938199e-02   3.6458167e-01  -1.2230684e+00
