   4.0233847e-02  -1.7146691e-01  -1.3146936e+00
   7.8564340e-02  -1.4945697e-01  -1.3133208e+00
   5.9237992e-02  -3.3523426e-02  -1.3064709e+00
   5.6047201e-02  -2.0741871e-01  -1.3112891e+00
  -5.3830923e-02  -1.1878384e-01  -1.3848260e+00
   2.2775348e-01   2.7571646e-02  -1.3570980e+00
   1.1867856e-02  -1.8948507e-01  -1.3590135e+00
   1.5894363e-01  -2.8675932e-01  -1.4138588e+00
   4.7505480e-02  -1.9721066e-01  -1.3870933e+00
   5.0053528e-02  -2.2620165e-01  -1.3729554e+00
   1.5403310e-02  -1.7263761e-01  -1.3908840e+00
   1.8594111e-01  -4.1297089e-01  -1.4211062e+00
   4.1189935e-02  -2.2728066e-01  -1.3847084e+00
   8.4764722e-02  -1.5159053e-01  -1.3705783e+00
   2.1633605e-02  -1.4658156e-01  -1.3945851e+00
   1.6441656e-02  -1.7967342e-01  -1.3764432e+00
   2.7923692e-02  -1.9473664e-01  -1.3574161e+00
   4.1442450e-02  -8.7853769e-02  -1.3694168e+00
   1.8440014e-01  -1.7510028e-01  -1.4058031e+00
   4.1166104e-02   3.5900318e-01  -1.3873133e+00
   2.5790444e-02  -1.2943917e-01  -1.3853517e+00
   2.8141002e-02  -1.5215881e-01  -1.4123296e+00
   1.5907656e-01  -3.2444786e-01  -1.4315847e+00
   1.7078862e-02  -1.9272955e-01  -1.4239351e+00
   1.8674759e-01  -2.9658956e-01  -1.4484461e+00
  -3.4394506e-02  -1.4627774e-01  -1.3848273e+00
   1.4515270e-01  -3.2372154e-01  -1.4231102e+00
   2.1825771e-01  -3.9294467e-01  -1.4298387e+00
   3.9339126e-03  -2.0269030e-01  -1.3653401e+00
   7.5183355e-03  -1.8357156e-01  -1.3812036e+00
   1.1057380e-02  -1.6869516e-01  -1.3797421e+00
   5.1713268e-03  -1.9722578e-01  -1.3739428e+00
  -1.5138376e-03  -1.5852838e-01  -1.3521976e+00
   1.6314955e-01  -3.3533389e-01  -1.4062034e+00
  -5.6463401e-01   2.3695593e+00  -1.2186793e+00
  -5.3788050e-01   1.3698182e+00  -1.1851821e+00
   1.4958121e-01   8.2639995e-02  -1.3377277e+00
   1.2848272e-01  -5.1328563e-02  -1.3667498e+00
   9.2789070e-02  -1.5123497e-01  -1.3599999e+00
   8.6489219e-02  -9.5917622e-02  -1.3539002e+00
   6.9546630e-02  -2.0390084e-01  -1.3353317e+00
   4.7434232e-02  -2.2719771e-01  -1.3541308e+00
   6.3007463e-02  -1.7798841e-01  -1.3873102e+00
   1.7682925e-01  -3.1300535e-01  -1.4109911e+00
   3.3799291e-02  -2.0384083e-01  -1.3799045e+00
   7.1588406e-02  -2.0622407e-01  -1.3837348e+00
   7.2173391e-02  -1.4378918e-01  -1.3856126e+00
   1.9138669e-01  -3.5722869e-01  -1.4326315e+00
   6.4519153e-02  -2.1594293e-01  -1.3720435e+00
   5.2014286e-02  -2.1913944e-01  -1.3898804e+00
   1.2420885e-01  -3.8063385e-01  -1.3996777e+00
   3.5541851e-02  -2.2605117e-01  -1.3965817e+00
   2.6692540e-02  -2.5129399e-01  -1.4063739e+00
   1.6934673e-02  -2.0756484e-01  -1.4050263e+00
   1.9355176e-01  -3.6531988e-01  -1.4469137e+00
   3.6800418e-02  -2.9482724e-01  -1.4018560e+00
   1.9065231e-01  -4.3359123e-01  -1.4440395e+00
  -3.3511972e-03  -1.9107487e-01  -1.4162953e+00
   2.4175095e-02  -1.7201167e-01  -1.3823813e+00
   1.7867113e-01  -3.1427434e-01  -1.4295424e+00
   2.9059847e-02  -1.7718935e-01  -1.3878205e+00
   2.1867203e-02  -2.4847027e-01  -1.3946198e+00
   2.7196124e-02  -1.5914305e-01  -1.4139165e+00
   1.9387367e-01  -1.8284450e-01  -1.4043296e+00
   6.5232541e-01   8.9757500e-01  -1.4023743e+00
   1.8586676e-01   2.7565665e-01  -1.3555420e+00
   2.5567496e-02  -1.3382878e-01  -1.4083803e+00
   6.6111345e-02  -6.4008683e-02  -1.3840696e+00
   7.3724229e-02  -1.4188322e-01  -1.3931526e+00
   3.3392694e-02  -1.5683141e-01  -1.3737941e+00
  -1.0185531e-02  -1.7426868e-01  -1.3946648e+00
   5.2771878e-03  -1.5933701e-01  -1.4128434e+00
  -7.0078377e-03  -2.6879011e-01  -1.3805701e+00
  -8.6806121e-03  -2.9160791e-01  -1.3718072e+00
   4.0218625e-01   1.9668290e-01  -1.4477280e+00
  -1.6177923e-03  -2.9034621e-01  -1.4102311e+00
   2.3354256e-02  -2.6423578e-01  -1.4409846e+00
   2.0732954e-02  -2.3305812e-01  -1.4309156e+00
   2.0678980e-02  -2.6160274e-01  -1.4259508e+00
   2.2076576e-02  -2.2797281e-01  -1.4051970e+00
   8.1804236e-03  -2.3382236e-01  -1.3903173e+00
  -3.0604742e-02  -2.8808062e-01  -1.4043771e+00
  -1.3178409e-01  -2.4384550e-01  -1.4064702e+00
   2.3521480e-01  -4.0048752e-01  -1.4448275e+00
   6.5990474e-03  -2.4129275e-01  -1.3835468e+00
   9.3118618e-03  -2.0212536e-01  -1.3734911e+00
   1.0127270e-02  -1.9506826e-01  -1.3970779e+00
   4.7251025e-03  -2.4991788e-01  -1.3762859e+00
   1.8782818e-01  -3.3570032e-01  -1.4199625e+00
   1.8714030e-03  -2.1527726e-01  -1.3634673e+00
   1.7161171e-01  -4.0838448e-01  -1.4261455e+00
  -6.3162766e-02  -2.7764395e-01  -1.3921543e+00
  -3.3508372e-02  -2.0197323e-01  -1.3495260e+00
   1.5794699e-01  -3.7869623e-01  -1.3946041e+00
  -1.0394656e-02  -2.3503870e-01  -1.3544912e+00
  -3.0411559e-02  -1.9975562e-01  -1.3761639e+00
  -2.8469291e-02  -1.2714028e-01  -1.3648407e+00
  -1.5316044e-03  -1.7290037e-01  -1.3703458e+00
   3.7471955e-01   1.4046614e+00  -1.3490971e+00
  -1.2737309e-01   1.4848577e-01  -1.2913905e+00
   8.9631632e-02  -2.0918014e-01  -1.4130214e+00
  -1.6678547e-02  -2.1392113e-01  -1.4056438e+00
  -1.9411199e-02  -1.8603746e-01  -1.3782228e+00
   4.3957292e-02  -1.6207753e-01  -1.4142371e+00
  -2.2269928e-02  -1.3469426e-01  -1.3720818e+00
  -2.1871712e-02  -1.5742018e-01  -1.3941138e+00
   1.5687644e-02  -1.5237403e-01  -1.3719193e+00
   1.3556733e-01  -2.7515131e-01  -1.4230520e+00
   1.4948210e-02  -1.6146383e-01  -1.3714605e+00
   2.2744727e-01  -3.5536024e-01  -1.4338992e+00
  -1.2999423e-02  -1.4204066e-01  -1.3694431e+00
   3.5260690e-02  -1.5800266e-01  -1.3855416e+00
  -2.1567572e-02  -1.6658699e-01  -1.3674857e+00
  -2.9691946e-02  -1.9586451e-01  -1.3769494e+00
   1.1129127e-01  -2.9495335e-01  -1.4129504e+00
  -9.1231387e-03  -1.3490003e-01  -1.4120012e+00
  -4.1879328e-02  -1.8271971e-01  -1.3699601e+00
  -4.1783000e-02  -1.2525312e-01  -1.3578418e+00
   2.1038427e-01  -3.2848350e-01  -1.4132429e+00
  -2.1936106e-02  -6.2534514e-02  -1.4020210e+00
  -3.7054156e-02  -1.8072563e-01  -1.3892025e+00
   1.2513411e-01  -3.2516223e-01  -1.4357479e+00
  -6.9126431e-03  -1.8857724e-01  -1.4108032e+00
   3.7860774e-02  -2.4756722e-01  -1.3735890e+00
   3.5031249e-02  -8.8416453e-02  -1.4013579e+00
   1.3748596e-01  -2.3500656e-01  -1.4347044e+00
  -2.7449303e-02  -2.6061218e-01  -1.3957303e+00
   3.4498381e-01  -5.2173129e-01  -1.4210539e+00
  -1.0059687e-01   1.2974247e-01  -1.3807833e+00
   3.2088697e-02   1.1230681e+00  -1.3188841e+00
  -2.3341984e-02  -9.0565789e-02  -1.3833455e+00
  -1.8285941e-02  -1.5406773e-01  -1.3858484e+00
  -1.7078555e-02  -1.7867328e-01  -1.3830733e+00
  -7.0002446e-03  -2.0220236e-01  -1.3429364e+00
   3.3252400e-03  -7.3904281e-02  -1.3824773e+00
   1.3841330e-01  -3.5511521e-01  -1.4250582e+00
   3.4783020e-01   2.4107456e+00  -1.2478111e+00
  -8.1652327e-03   7.2288429e-01  -1.2008066e+00
   1.2424202e-01   4.0535725e-02  -1.3478905e+00
   1.0217218e-01   2.0082015e-02  -1.3440758e+00
   1.0457531e-01  -4.9762291e-02  -1.3725787e+00
   9.9801794e-02  -5.1652211e-02  -1.3628182e+00
   7.3659735e-02   9.4551036e-03  -1.3675492e+00
   6.6805613e-02  -9.8546155e-02  -1.3768002e+00
   2.5452265e-01  -3.0603339e-01  -1.4104714e+00
   1.5567887e-01  -1.6954657e-01  -1.3601789e+00
  -1.2344504e-01  -1.5676685e-01  -1.3664201e+00
   6.5830378e-02  -1.4251660e-01  -1.3546875e+00
  -1.7272797e-01   2.1505908e-01  -1.3613186e+00
   1.4440468e-02  -2.1293686e-01  -1.3459865e+00
   2.5062091e-01  -3.4518122e-01  -1.3979439e+00
   1.0002009e-01  -2.0330656e-01  -1.3740547e+00
  -8.4249633e-02  -1.9793784e-01  -1.3869767e+00
   5.4854438e-02  -1.1118525e-01  -1.3824507e+00
