  -2.0571954e-01   2.5926662e-01  -1.1784740e+00
  -1.9312102e-01   1.0582987e-01  -1.1576702e+00
  -1.6738392e-01   1.8703262e-01  -1.1539738e+00
  -1.8280183e-01   1.4951992e-01  -1.1845284e+00
   3.1118940e-02   1.6546786e-02  -1.2674469e+00
  -1.9301930e-01   6.2386283e-01  -1.2578571e+00
   5.6373844e-02   1.0534746e-01  -1.2847999e+00
  -1.3805909e-01   1.4593560e-01  -1.2627436e+00
  -1.7827032e-01   1.9806350e-01  -1.2315595e+00
   1.2454729e-01   3.3009866e-02  -1.2723682e+00
   8.3174003e-02   1.5791137e-01  -1.2391814e+00
  -1.7432595e-01   1.7538738e-01  -1.2663097e+00
  -4.2587863e-01   3.4070002e-01  -1.2657244e+00
  -1.8503713e-01   1.1047651e-01  -1.2560512e+00
  -1.6875297e-01   1.8839461e-01  -1.2194848e+00
  -1.8329485e-01   1.7092298e-01  -1.2136284e+00
  -1.4766718e-01   2.1409546e-01  -1.1905354e+00
  -1.7611378e-01   1.8146366e-01  -1.2671237e+00
  -2.1597231e-01   1.9046933e-01  -1.1978911e+00
  -1.9060744e-01   1.4306463e-01  -1.2136736e+00
  -7.2061527e-02  -1.9385504e-02  -1.2394289e+00
  -1.9067220e-01   2.0860254e-01  -1.2141708e+00
  -2.2217827e-01   1.7524258e-01  -1.2016689e+00
  -5.6273837e-02   3.4324324e-02  -1.2798788e+00
  -3.7305725e-01   3.0565078e-01  -1.2186417e+00
  -2.0481863e-01   1.8894320e-01  -1.2168761e+00
  -2.1334482e-01   1.5036259e-01  -1.2288592e+00
  -1.2236364e-01   1.2101853e-01  -1.2377966e+00
  -6.0066968e-02   7.3403285e-03  -1.2641418e+00
  -1.8016549e-01   9.2375239e-02  -1.2504772e+00
  -2.0521390e-01   1.5198048e-01  -1.2237930e+00
  -2.2958209e-01   9.8426427e-02  -1.2278610e+00
  -2.2684484e-01   7.5711798e-02  -1.2202904e+00
  -2.0012742e-01   1.3475321e-01  -1.2767779e+00
  -2.1857976e-01   9.9345682e-02  -1.2214269e+00
  -1.9173258e-01   1.2271597e-01  -1.2437553e+00
  -1.6037171e-01   1.1413445e-01  -1.2451690e+00
  -9.3500073e-02   1.4467476e-01  -1.2249470e+00
  -2.0922719e-01   5.5284205e-02  -1.2318839e+00
  -1.4192974e-02  -6.2154509e-02  -1.2894096e+00
  -3.4364065e-01   2.7616922e-01  -1.2529716e+00
  -1.9997884e-01   1.2956083e-01  -1.2202481e+00
  -2.2091428e-01   8.0077253e-02  -1.2315275e+00
  -2.1220020e-01   1.6865535e-02  -1.2478486e+00
  -1.9921563e-01   5.2660176e-02  -1.2450955e+00
  -4.2383456e-02  -3.1143727e-02  -1.3041935e+00
  -1.9967013e-01   5.9045260e-02  -1.2473165e+00
   1.5113153e-02  -1.1792228e-01  -1.3034198e+00
  -2.3543800e-01   3.8452654e-02  -1.2252865e+00
  -2.1476448e-01   4.7235402e-02  -1.2445274e+00
  -1.7943150e-01   6.8546118e-02  -1.2475285e+00
  -7.6010154e-02  -7.5512696e-02  -1.2760506e+00
  -2.9227699e-01   6.8069823e-02  -1.2077488e+00
  -2.8659676e-01   1.5251221e-01  -1.2288401e+00
  -3.3461240e-01   1.4126091e-01  -1.1839603e+00
  -2.1838119e-01   1.8651148e-01  -1.2001889e+00
  -3.4540851e-01   3.0775701e-01  -1.1479447e+00
  -1.7302912e-01   1.8589605e-01  -1.2424128e+00
  -2.6697172e-01   1.8212420e-01  -1.1842361e+00
  -3.0199252e-01   2.0342309e-01  -1.2065900e+00
  -1.3167022e-01   8.5649180e-02  -1.2298472e+00
  -1.9623181e-02  -8.8105728e-02  -1.2959197e+00
  -2.2546725e-01   6.1155832e-02  -1.2524488e+00
  -2.6967184e-01   1.1511330e-01  -1.2283592e+00
  -2.9564235e-01   1.6662932e-01  -1.2304125e+00
  -3.4718657e-01   2.3146391e-01  -1.2240295e+00
  -1.3850952e-01   1.1524558e-01  -1.2507520e+00
  -2.7018787e-01   2.2232602e-01  -1.2417648e+00
  -1.1300365e-01   1.7384874e-01  -1.2117713e+00
  -2.5896351e-01   2.5407549e-01  -1.1874771e+00
  -2.2186847e-01   1.6075513e-01  -1.2037608e+00
  -1.5638720e-01   2.3534187e-01  -1.2193773e+00
  -2.1735042e-01   2.3048421e-01  -1.2293073e+00
  -2.6536409e-01   1.5207685e-01  -1.2223860e+00
   2.0092763e-02   4.8355308e-02  -1.3042091e+00
  -1.9033875e-01   1.7200477e-01  -1.2375690e+00
   5.3149341e-02   3.8701222e-01  -1.2121004e+00
  -6.0654642e-02   2.4435739e-01  -1.2351839e+00
  -3.6106748e-01   1.9716004e-01  -1.2398318e+00
  -3.7833967e-02   2.7682532e-01  -1.2048262e+00
  -1.8380169e-01   2.3213686e-01  -1.2459531e+00
   1.9356966e-01   9.4135437e-02  -1.2737140e+00
  -4.6103283e-01   7.4518647e-01  -1.2528635e+00
   2.4098076e-02   8.0716172e-01  -1.1847464e+00
  -2.8921120e-01   2.7023645e-01  -1.1683640e+00
  -2.9412739e-01   2.0416326e-01  -1.1742501e+00
  -2.9245065e-01   2.4991921e-01  -1.1701802e+00
  -1.8877024e-01   8.1177254e-02  -1.2306660e+00
  -3.2967173e-01   1.2397585e-01  -1.1860195e+00
  -3.4392552e-01   1.4475522e-01  -1.1824265e+00
  -3.1519658e-01   1.1490643e-01  -1.2081664e+00
  -2.2921448e-01   1.4190803e-01  -1.2403605e+00
   2.1787786e-01   6.0146530e-01  -1.2115997e+00
  -2.9084950e-01   3.6056948e-01  -1.1631092e+00
  -3.1927388e-03   2.0719133e+00  -1.0513057e+00
   4.3166346e-01   2.2589791e+00  -8.4357827e-01
  -3.3662671e-01   2.6041393e+00  -8.1496752e-01
  -8.0828488e-02   7.1900488e-01  -1.1239474e+00
  -2.3877051e-01   2.9074242e+00  -8.6385017e-01
  -1.2891713e+00   4.3046922e+00  -5.4805787e-01
  -7.2734106e-01   4.3092979e+00  -5.0634040e-01
   6.7471961e-03   4.0185727e+00  -6.7803130e-01
  -3.9731250e-01   4.3029095e+00  -6.8689671e-01
  -2.9924309e-01   4.2437287e+00  -7.7018298e-01
   2.5866235e-01   3.2981228e+00  -9.6883028e-01
  -5.7497707e-01   1.3841231e+00  -1.0433100e+00
  -4.4531152e-01   2.8386701e+00  -8.6061693e-01
  -4.0300479e-02   1.3589940e+00  -1.0079963e+00
  -8.0576810e-01   3.0341775e+00  -8.3399412e-01
  -6.2155846e-02   1.0796839e+00  -1.0189741e+00
  -1.2693793e-01   6.2072233e-01  -1.1216571e+00
  -1.1248207e-01   6.1584471e-01  -1.1417054e+00
  -1.7037962e-01   1.0663839e+00  -1.0515569e+00
  -9.7115826e-02   6.7290570e-01  -1.1411308e+00
  -1.4281162e-01   7.9750452e-01  -1.1337207e+00
  -1.2881753e-01   6.2541413e-01  -1.0981941e+00
  -8.4579603e-02   1.5100128e+00  -1.0200826e+00
  -1.4621386e-01   6.8209006e-01  -1.0035931e+00
  -2.6018219e-01   4.8251449e-01  -1.0511563e+00
  -4.2113652e-04   3.8876449e-01  -1.0478907e+00
  -1.0963514e-01   5.9095745e-01  -1.1038178e+00
  -1.6902002e-02   5.4956576e-01  -1.1845656e+00
  -1.1219145e-01   5.8047819e-01  -1.1854781e+00
  -1.4178372e-01   5.2084572e-01  -1.1857859e+00
  -1.2865735e-01   4.7000250e-01  -1.2042479e+00
  -2.7851899e-01   9.7458113e-01  -1.2057102e+00
  -1.4601428e-01   6.1671319e-01  -1.1914567e+00
  -3.4640792e-03   3.2353322e-01  -1.2380952e+00
  -2.1490704e-01   4.1078461e-01  -1.2247925e+00
  -2.2494191e-01   4.5967562e-01  -1.1899208e+00
  -1.2925295e-01   5.0680334e-01  -1.1973072e+00
  -1.5879361e-01   5.2278796e-01  -1.1878608e+00
  -8.8870108e-02   6.9699907e-01  -1.1766841e+00
  -1.9381319e-01   4.2026337e-01  -1.1877382e+00
  -1.7683441e-01   4.4404330e-01  -1.1951793e+00
  -1.8121231e-01   4.5011018e-01  -1.1959011e+00
  -1.8496777e-01   4.1791161e-01  -1.1933914e+00
   1.2407751e-02   3.6046988e-01  -1.3009262e+00
  -3.7617460e-01   4.9223293e-01  -1.1617202e+00
  -2.0369217e-01   4.6364191e-01  -1.1739659e+00
  -1.9333413e-01   4.8882322e-01  -1.2024481e+00
  -2.5959412e-01   4.9228010e-01  -1.2180045e+00
  -2.0776599e-01   4.4388395e-01  -1.2128841e+00
  -1.7924898e-01   4.6533330e-01  -1.2422225e+00
  -4.0370362e-03   3.5280100e-01  -1.3055721e+00
  -1.5054289e-01   4.1989573e-01  -1.2452309e+00
  -1.3349639e-01   3.6074457e-01  -1.2510783e+00
  -1.4278503e-01   3.2201613e-01  -1.2366087e+00
   1.8325844e-02   1.2908325e-01  -1.2619090e+00
   1.6970841e-01   2.9970616e-01  -1.2760184e+00
  -7.9981968e-02   4.8330911e-01  -1.2715083e+00
  -2.1964442e-01   4.4052612e-01  -1.2218168e+00
  -2.2983489e-01   3.3445531e-01  -1.2330090e+00
  -1.7933048e-01   5.4237619e-01  -1.1766954e+00
