   1.2425799e-03  -3.0220753e-02  -1.2282151e+00
  -1.6938804e-02   9.7844051e-03  -1.2390824e+00
   2.3002593e-01  -3.2287407e-01  -1.3129113e+00
  -2.3891687e-02  -2.4003639e-02  -1.2644842e+00
   2.3703083e-02   1.8092364e-02  -1.3725918e+00
   4.3128340e-02  -2.6314227e-02  -1.3683213e+00
   2.0758732e-01  -2.3648748e-01  -1.4134575e+00
   4.6011113e-02  -9.6704061e-02  -1.3568480e+00
   2.7145864e-02   4.2317631e-03  -1.3487069e+00
  -9.0188137e-02  -1.0019201e-02  -1.3523985e+00
  -6.3398162e-03   1.6613756e-01  -1.3378636e+00
  -9.5087981e-03   9.7574838e-02  -1.3330614e+00
   2.3457668e-02   1.0134953e-01  -1.3408468e+00
  -1.1877975e-02   8.3751431e-02  -1.3430479e+00
   3.3667327e-04   2.8801214e-01  -1.3222957e+00
   1.9899658e-02   3.8309346e-01  -1.2962639e+00
   2.2992181e-02   1.5514624e-01  -1.2998493e+00
   3.9735687e-02   1.2613621e-01  -1.3344228e+00
   1.9992421e-01  -1.1899292e-01  -1.3814549e+00
   2.1079744e-02   8.7174899e-02  -1.3509654e+00
   2.3190263e-01  -1.2079853e-01  -1.4070049e+00
   3.6743321e-02   7.3783173e-02  -1.3490082e+00
   1.8545730e-03   5.1399637e-02  -1.3375784e+00
   1.0626983e-02   4.8901142e-02  -1.3247578e+00
   1.2823689e-02   2.4806949e-02  -1.3513605e+00
   2.8717987e-02   4.3760999e-02  -1.3508814e+00
   3.3601488e-03   4.4181370e-02  -1.3532247e+00
   1.8022246e-01  -1.5279547e-01  -1.3979473e+00
  -4.6854800e-02   4.2012112e-02  -1.3693996e+00
   6.3846298e-03   3.8947068e-02  -1.3871042e+00
  -1.5854765e-02   4.3467509e-02  -1.3809125e+00
   1.1747820e-02   6.4138925e-02  -1.3619989e+00
  -7.9813115e-02  -1.4788144e-02  -1.3500714e+00
   2.0346584e-01  -2.0546039e-01  -1.4238367e+00
   3.2166832e-03  -2.9176900e-02  -1.3617930e+00
   7.3292942e-03   2.0686517e-03  -1.3782981e+00
  -1.1475226e-03   2.1332462e-02  -1.3568477e+00
  -2.3937098e-02   1.7891835e-02  -1.3547726e+00
  -2.1382081e-02   6.5748733e-02  -1.3471002e+00
   1.6266481e-01  -1.3315838e-01  -1.3992110e+00
  -3.3672224e-03  -1.1741919e-02  -1.4025457e+00
  -2.7571520e-03   2.7823885e-02  -1.3707853e+00
  -3.6586238e-03   3.4872916e-02  -1.3564191e+00
   1.6112405e-02   5.5460032e-02  -1.3757376e+00
   6.7432853e-03   2.4013869e-01  -1.3379864e+00
   1.9798118e-02   4.6573868e-01  -1.3773196e+00
   1.3156559e-01   8.3114811e-02  -1.4011083e+00
   7.3542104e-03   1.2138044e-01  -1.3680498e+00
   7.4330681e-03   1.2291054e-01  -1.3415305e+00
  -4.8142806e-02   1.4780164e-01  -1.3530422e+00
   1.7418701e-01  -6.7498263e-02  -1.4465541e+00
   9.3157078e-03   1.0566555e-01  -1.3899933e+00
  -2.2168668e-03   2.7610268e-02  -1.3987587e+00
   1.5754739e-01  -7.0276171e-02  -1.4435591e+00
   7.1723190e-03   7.6830778e-02  -1.3601986e+00
   1.5479793e-01  -5.7551707e-02  -1.4106012e+00
   4.9736568e-03  -3.2785300e-03  -1.4171613e+00
  -1.1480797e-02   1.7965729e-02  -1.3750728e+00
   5.8155505e-03   2.7867406e-02  -1.3870198e+00
   1.9725339e-01  -2.6164323e-01  -1.4287079e+00
  -2.5070639e-02   5.2854937e-02  -1.3918412e+00
  -2.8484938e-02   3.7246351e-02  -1.3828784e+00
  -1.4324619e-02   7.8721818e-03  -1.3863114e+00
   1.9639583e-01  -1.4865269e-01  -1.4401094e+00
  -7.2480524e-02   1.3266150e-01  -1.3839069e+00
  -2.4510583e-02   3.9956570e-02  -1.3936928e+00
  -1.7591820e-02   2.7283929e-02  -1.3929268e+00
  -4.6574095e-02   3.0137230e-02  -1.3783158e+00
   2.4085144e-02   1.2365916e-02  -1.4016261e+00
  -3.9945214e-02   5.4837356e-02  -1.3804100e+00
  -4.6322902e-02   6.9568480e-02  -1.3888047e+00
  -5.5154809e-02   1.9611433e-02  -1.3917571e+00
  -2.4589520e-01   1.1550617e-01  -1.3899195e+00
   1.2676023e-01  -1.5016608e-01  -1.4237082e+00
  -4.0459069e-02  -4.0588213e-02  -1.4115991e+00
  -6.0892958e-02  -5.2675783e-02  -1.4069425e+00
  -2.7705615e-02  -2.8248720e-02  -1.4025391e+00
   1.8349649e-01  -2.2690326e-01  -1.4641994e+00
   1.0817158e-02  -3.1655163e-02  -1.4191952e+00
   2.0690781e-02  -3.0064796e-02  -1.4283832e+00
  -6.6450136e-02  -3.8876734e-02  -1.4010344e+00
  -5.6608810e-02  -1.9014934e-02  -1.4027990e+00
   1.6518518e-01   1.0308302e-01  -1.3582553e+00
  -3.6131483e-03   1.4105074e-03  -1.3792533e+00
  -3.2255986e-02   1.8009911e-01  -1.3357761e+00
  -6.6456571e-02   1.2433821e+00  -1.3683046e+00
  -9.6247442e-02   6.1059044e-01  -1.3912787e+00
   3.9314866e-01   9.0130619e-01  -1.3548682e+00
   2.7255536e-01   2.5467874e-02  -1.3922342e+00
  -9.4169563e-03   1.6369423e-01  -1.3535791e+00
  -1.2802772e-02   1.4329158e-01  -1.3539346e+00
  -3.1678984e-02   1.2344781e-01  -1.3546086e+00
  -2.0810010e-02   9.1506022e-02  -1.3500377e+00
  -2.6400240e-02   1.3258103e-01  -1.3510393e+00
  -2.7091289e-02   1.1717423e-01  -1.3566120e+00
  -3.0360132e-02   6.4476674e-02  -1.3542314e+00
  -4.2052575e-02   1.0351100e-01  -1.3605750e+00
  -4.8448935e-02   2.7843542e-02  -1.3653024e+00
  -6.1317193e-02   9.9564899e-02  -1.3571531e+00
   1.4659267e-01  -1.1318639e-01  -1.3893615e+00
  -7.2075883e-02   3.2567900e-02  -1.3613956e+00
   6.3680824e-02   1.7708363e-02  -1.3471664e+00
  -6.4543189e-02   7.2444895e-02  -1.3692374e+00
  -1.9263646e-01   2.8220603e-02  -1.3962896e+00
  -5.3457972e-02   1.0434441e-01  -1.3593292e+00
  -1.6990100e-02   1.8407336e-01  -1.3483424e+00
   1.3494927e-01  -3.0996202e-02  -1.4001077e+00
  -6.3009793e-02   4.2845806e-02  -1.3670210e+00
  -4.8495661e-02   7.4560917e-02  -1.3420041e+00
   6.3317385e-02  -4.7522942e-02  -1.4021375e+00
  -6.3772462e-02   1.2311748e-01  -1.3678229e+00
   1.7623576e-01  -1.3964159e-01  -1.4230216e+00
  -4.1918757e-02   1.3122094e-02  -1.3925457e+00
  -3.0304285e-02   4.3933769e-02  -1.3784234e+00
  -5.7783802e-02   5.9763835e-02  -1.3652160e+00
  -4.7665898e-02   7.6161310e-02  -1.3728073e+00
  -4.0209907e-02   1.5074697e-01  -1.3396898e+00
   1.8911986e-01  -3.5111819e-02  -1.3799779e+00
  -4.6808193e-02   6.7160183e-02  -1.3557262e+00
  -4.4284536e-02   1.3923964e-01  -1.3417457e+00
  -1.3637030e-01   2.9378579e-01  -1.3559969e+00
   4.2212338e-01   2.2375257e+00  -1.2933574e+00
  -7.1973983e-02   2.4543321e-01  -1.3133005e+00
   3.6301554e-02   1.4358737e-01  -1.3362651e+00
   2.6651269e-03   1.4558450e-01  -1.3310951e+00
  -4.6992024e-02   2.2447585e-01  -1.3372118e+00
   1.0306197e-01   4.1773748e-02  -1.3718007e+00
  -3.4033816e-02   1.2975729e-01  -1.3221373e+00
  -5.9220118e-02   8.5307793e-02  -1.3356907e+00
   1.1154434e-02   1.0290464e-01  -1.3411237e+00
  -4.6508459e-02   1.4145983e-01  -1.3285106e+00
  -4.0132134e-02   2.0712476e-01  -1.3427723e+00
   1.4684714e-01   1.0096807e-02  -1.4044889e+00
  -5.0666268e-02   1.0719032e-01  -1.3590322e+00
   1.2732233e-01  -1.1257496e-01  -1.4038466e+00
  -2.3045405e-02   1.2783871e-01  -1.3409830e+00
   2.0458621e-01  -1.1275328e-01  -1.3974041e+00
  -6.2739719e-02   1.0287505e-01  -1.3466901e+00
  -1.3156126e-01   2.3206410e-01  -1.3473196e+00
  -6.9123737e-02   1.0936622e-01  -1.3408123e+00
  -5.8351272e-02   2.0318726e-01  -1.3382715e+00
  -6.0011308e-02   1.5026197e-01  -1.3357808e+00
  -7.4035229e-02   1.4122669e-01  -1.3341202e+00
   5.0967182e-02   5.0545682e-02  -1.3760003e+00
  -2.0155868e-01   1.5238572e-01  -1.3665130e+00
   9.8764996e-02   1.9699018e-01  -1.3893761e+00
  -4.3183717e-02   1.0893140e-01  -1.3461999e+00
  -1.8544119e-01   3.2573961e-01  -1.3693230e+00
  -1.1952200e-01   5.3718927e-01  -1.3527018e+00
  -1.0166102e-01   2.0057023e-01  -1.3447126e+00
   1.6067123e-01  -9.3165313e-02  -1.4031265e+00
  -4.6732541e-03   1.2659142e-01  -1.3735993e+00
   6.7132414e-03   1.1438090e-01  -1.3548355e+00
   1.2706313e-02   8.6085097e-02  -1.3667716e+00
