   7.4806014e-02  -2.3752658e-01  -1.1668729e+00
   8.5004030e-02  -2.3717521e-01  -1.1644404e+00
   4.5526216e-02  -2.9939940e-01  -1.1664675e+00
   5.0138072e-02  -3.0616166e-01  -1.1611581e+00
   6.5606873e-02  -2.9923438e-01  -1.2323564e+00
   4.3241219e-02  -3.1205516e-01  -1.2641047e+00
   2.1612287e-02  -3.8512091e-01  -1.2443905e+00
   4.7794080e-01  -7.3653553e-01  -1.2987785e+00
   2.3102984e-01  -6.2287279e-01  -1.2508321e+00
   5.2286853e-02  -3.9512083e-01  -1.2157230e+00
   3.4456022e-02  -5.0011649e-01  -1.2112564e+00
   4.5832377e-02  -3.3734586e-01  -1.2175186e+00
   2.9232962e-02  -4.3998395e-01  -1.2312477e+00
   4.8717683e-02  -3.4355242e-01  -1.2262879e+00
   5.5350138e-02  -2.8693630e-01  -1.2206938e+00
   5.1618371e-02  -4.4123930e-01  -1.1996673e+00
   8.1473281e-02  -3.3297613e-01  -1.2371216e+00
   5.6168824e-02  -3.3277142e-01  -1.2184748e+00
   7.0686846e-02  -3.6135102e-01  -1.2273558e+00
   3.1179386e-01  -6.2288358e-01  -1.2846902e+00
   8.7572962e-02  -4.0600658e-01  -1.2247528e+00
   7.8786368e-02  -5.4942376e-01  -1.2300879e+00
   8.3250816e-02  -4.1913633e-01  -1.2248639e+00
   6.6788044e-02  -4.5323466e-01  -1.2361844e+00
   5.1652392e-02  -3.9488853e-01  -1.2401320e+00
   8.7086438e-02  -3.2502901e-01  -1.2245063e+00
   2.6401977e-01  -5.7533422e-01  -1.2527362e+00
   8.6818243e-02  -4.0046637e-01  -1.2368272e+00
   5.7495532e-02  -4.0726392e-01  -1.2304979e+00
   6.7800966e-02  -3.8968024e-01  -1.2505926e+00
   4.9153815e-02  -3.7068161e-01  -1.2316346e+00
   6.0501967e-02  -2.6382288e-01  -1.2627865e+00
   5.9437109e-02  -3.5889858e-01  -1.2304627e+00
   7.2592476e-01  -9.7425982e-01  -1.3596902e+00
   2.9233039e-01  -6.8642403e-01  -1.2715643e+00
   3.9715011e-02  -4.3235229e-01  -1.2341560e+00
   8.7630225e-02  -4.3961960e-01  -1.2252522e+00
   8.1490390e-02  -3.7883932e-01  -1.2298202e+00
   6.9038511e-02  -3.5922195e-01  -1.2379164e+00
   4.8301716e-02  -3.6961799e-01  -1.2180695e+00
   2.7985752e-02  -4.1271115e-01  -1.2131772e+00
   7.6754199e-02  -2.8997508e-01  -1.2189245e+00
   8.3388401e-02  -3.7274783e-01  -1.2494431e+00
   5.3381031e-02  -3.8910288e-01  -1.2348835e+00
   6.6495689e-02  -3.4321088e-01  -1.2159209e+00
   8.9552441e-02  -3.6447274e-01  -1.2000268e+00
   5.4771739e-02  -3.1526540e-01  -1.2387858e+00
   5.2161285e-02  -3.7769027e-01  -1.1957322e+00
   9.0874761e-02  -3.8141296e-01  -1.2072693e+00
   3.3198328e-01  -7.0946711e-01  -1.2719255e+00
   3.3933563e-01  -6.2478756e-01  -1.2521456e+00
   8.1409380e-02  -3.5926460e-01  -1.1701603e+00
   7.2682676e-02  -4.0976569e-01  -1.2065174e+00
   6.7761191e-02  -3.8770470e-01  -1.2179808e+00
   5.7743150e-02  -3.8663432e-01  -1.1997200e+00
   6.5087576e-02  -3.3700716e-01  -1.1819922e+00
   7.6705533e-02  -3.4317202e-01  -1.2057805e+00
   6.9600325e-04   8.2247550e-02  -1.1848469e+00
   3.2869510e-01   2.2864826e+00  -1.0341468e+00
  -8.5164851e-02   2.0494015e+00  -1.0224974e+00
  -1.1191758e+00   2.3452185e+00  -9.7476597e-01
   6.6501118e-02   4.1051041e-01  -1.0393063e+00
  -1.8594930e-02  -2.4718561e-01  -1.2364489e+00
  -1.0082826e-02  -3.4677442e-01  -1.1915890e+00
  -5.7472499e-03  -3.3578952e-01  -1.1880560e+00
  -1.3445385e-02  -3.1462559e-01  -1.1891825e+00
  -2.3636037e-03  -3.2744058e-01  -1.2029194e+00
  -2.0763762e-03  -3.4867904e-01  -1.2040463e+00
   1.5166441e-02  -3.1684890e-01  -1.1872505e+00
   4.6625820e-03  -3.5964306e-01  -1.1832408e+00
   1.6856588e-02  -4.3847736e-01  -1.1781117e+00
   3.0347882e-02  -3.4953430e-01  -1.1957530e+00
   1.2408856e-02  -4.6224395e-01  -1.2160953e+00
  -1.4730001e-02  -4.3500810e-01  -1.2113727e+00
   1.8076284e-02  -3.8712272e-01  -1.2083489e+00
   3.4659143e-01  -6.4952500e-01  -1.2674479e+00
   1.0037983e-02  -3.2579196e-01  -1.2299402e+00
   4.6941150e-02  -3.6584589e-01  -1.2253957e+00
   3.2164489e-01  -6.3786909e-01  -1.2608777e+00
   4.4578824e-02  -4.0939400e-01  -1.2505577e+00
   3.8528317e-02  -4.5640177e-01  -1.2412287e+00
   4.6555705e-02  -4.2966478e-01  -1.1934393e+00
   4.6293661e-02  -4.8082477e-01  -1.2468581e+00
   3.3445320e-02  -4.4594476e-01  -1.2692259e+00
   4.9642837e-02  -4.4400403e-01  -1.2076773e+00
   6.7562075e-02  -4.5115644e-01  -1.2088816e+00
   5.0507708e-02  -4.4435373e-01  -1.2072187e+00
   5.3129272e-02  -4.7502942e-01  -1.1782782e+00
   6.2860236e-01  -9.1274818e-01  -1.3092997e+00
   3.6672845e-02  -3.8404537e-01  -1.2202340e+00
   5.6521349e-02  -4.2798918e-01  -1.2007659e+00
   6.3611008e-02  -4.7542566e-01  -1.1739103e+00
   4.6984014e-02  -4.5131426e-01  -1.1972620e+00
   8.8106328e-02  -4.0543164e-01  -1.1711086e+00
   7.8170776e-02  -5.2473620e-01  -1.1761152e+00
   1.6030456e-02  -4.5788281e-01  -1.1878601e+00
  -4.0067792e-03   6.1842997e-01  -1.1440324e+00
   1.3266576e-02  -2.8631585e-01  -1.1904158e+00
   6.0803329e-02  -3.6764425e-01  -1.1902358e+00
   4.6757823e-01  -7.6552646e-01  -1.2694950e+00
   8.8418603e-02  -3.5318856e-01  -1.1891437e+00
   8.5824271e-02  -3.5380869e-01  -1.1995931e+00
   4.7242535e-01  -1.0899482e-01  -1.2839542e+00
   8.2769534e-02  -3.4722125e-01  -1.1757445e+00
   7.3807031e-02  -3.1670374e-01  -1.1800021e+00
   1.0736324e-01  -2.9983852e-01  -1.1724500e+00
  -6.4053574e-01   1.5732368e+00  -1.0549279e+00
  -3.0910267e-01   4.4301754e-01  -1.0474926e+00
   6.3385366e-02  -2.1741920e-01  -1.1834075e+00
   6.8093140e-02  -1.9007929e-01  -1.2057745e+00
   9.5946236e-02  -2.5660063e-01  -1.1879592e+00
   6.9990062e-02  -2.9316827e-01  -1.1919597e+00
   6.5217137e-02  -2.0194006e-01  -1.2263902e+00
   7.6991824e-02  -2.7787551e-01  -1.1977239e+00
   3.3776528e-01  -5.0811506e-01  -1.2418112e+00
   9.0325255e-02  -3.7446476e-01  -1.1966009e+00
   9.8221372e-02  -3.5690194e-01  -1.1921009e+00
   9.5769242e-02  -2.8103904e-01  -1.1882688e+00
   1.2498511e-01  -2.4208639e-01  -1.1950356e+00
   9.5243059e-02  -2.8916406e-01  -1.1953562e+00
   4.8153451e-02  -4.3519073e-01  -1.1890801e+00
   5.8281873e-02  -3.6286552e-01  -1.1912884e+00
   3.4431972e-01  -5.8610710e-01  -1.2699452e+00
   6.9687829e-02  -3.8833674e-01  -1.2102287e+00
   1.0148621e-01  -3.4254983e-01  -1.1933272e+00
   9.7656434e-02  -3.3281762e-01  -1.2055939e+00
   1.0370311e-01  -3.8774679e-01  -1.1642954e+00
   1.0072664e-01  -3.3424635e-01  -1.1918217e+00
   9.4585868e-02  -3.8346542e-01  -1.2034206e+00
   3.4229662e-01  -5.6595522e-01  -1.2488694e+00
   1.1047435e-01  -4.0409989e-01  -1.1775137e+00
   1.1328610e-01  -3.5256439e-01  -1.1740162e+00
   8.9310164e-02  -3.4122924e-01  -1.1886285e+00
   2.5029733e-01  -6.1631195e-02  -1.1647708e+00
   1.3409901e-01   1.3800054e+00  -1.0867005e+00
   7.2896207e-02  -2.5373071e-01  -1.1701097e+00
   9.9443812e-02  -2.5594056e-01  -1.1802295e+00
   1.1944193e-01  -2.7492558e-01  -1.1606156e+00
   3.3309660e-01  -5.0648270e-01  -1.2347818e+00
   8.8947037e-02  -3.4042272e-01  -1.2054871e+00
   9.6006111e-02  -3.1157318e-01  -1.2089709e+00
   1.1085291e-01  -4.4192694e-01  -1.1929374e+00
   1.4452308e-01  -2.8157561e-01  -1.1949279e+00
   9.3246487e-02  -3.6408491e-01  -1.1992067e+00
   6.2999121e-01   1.0600531e+00  -1.1924951e+00
   7.8977038e-01   1.2615956e+00  -1.1662876e+00
   9.3508322e-02  -2.4305515e-01  -1.2324876e+00
   4.4204077e-02  -7.1143440e-02  -1.2183642e+00
   3.6376698e-01  -5.2742548e-01  -1.2554855e+00
   1.1484143e-01  -3.3780264e-01  -1.1750430e+00
   2.7701940e-02   3.6436984e+00  -7.6215571e-01
   2.3016404e-01   2.3051138e-01  -1.0870563e+00
   5.9355606e-02  -3.6233533e-01  -1.2038841e+00
   9.6785926e-02  -2.4489296e-01  -1.2015936e+00
