  -2.8120957e-02  -8.1227882e-02  -1.2612630e+00
  -2.9718440e-02  -1.2652766e-01  -1.2424441e+00
  -1.1473008e-02  -1.8834915e-01  -1.2396716e+00
   2.4961337e-02  -1.6940113e-01  -1.2633932e+00
   9.0564540e-02  -2.5888651e-01  -1.3687370e+00
   1.3545693e-01  -2.8433680e-01  -1.3558271e+00
   1.9093748e-01  -3.0485801e-01  -1.3680219e+00
   2.5588848e-01  -2.8101505e-01  -1.3642511e+00
   3.0731269e-01  -2.8025621e-01  -1.3709933e+00
   2.4777323e-01  -3.2580286e-01  -1.3483689e+00
   9.6055877e-02  -2.0205158e-01  -1.3846647e+00
  -2.2805667e-02   1.7624516e-01  -1.4147063e+00
   6.1534536e-01   5.1599300e-01  -1.4206795e+00
  -2.6373576e-01   1.1699352e+00  -1.3267361e+00
  -1.4211714e-01   1.1677695e+00  -1.1657592e+00
  -5.2796512e-02   1.9439491e+00  -1.0110583e+00
  -1.6522649e-01   9.5681210e-01  -1.2363530e+00
  -2.7940079e-01   1.2691854e+00  -1.2986931e+00
  -1.4874941e-01   1.0668400e+00  -1.2728360e+00
  -4.9994292e-03   1.6759926e+00  -1.2315672e+00
  -1.5356226e-01   2.5165449e+00  -1.0884591e+00
  -7.2204786e-02   6.5060660e-02  -1.3381089e+00
  -3.9458262e-02  -4.3827803e-02  -1.3338154e+00
  -2.4539849e-02   5.2943839e-01  -1.2550311e+00
   1.1061087e-01   2.1870949e+00  -1.1190619e+00
   1.2534318e-01   3.5371800e+00  -8.1450105e-01
  -7.1313613e-01   4.2077735e+00  -4.7826478e-01
  -1.0804379e+00   2.3470572e+00  -1.0436095e+00
   6.1767010e-02   3.3063092e-01  -1.2289127e+00
   1.5195136e+00   3.3302246e+00  -8.0405817e-01
  -7.5466511e-01   2.2388380e+00  -8.9891644e-01
  -1.9290603e-01   1.2022329e+00  -1.2280812e+00
  -1.9304843e-01   1.2547059e+00  -1.2572823e+00
  -2.0643276e-01   1.2110585e+00  -1.1835751e+00
  -1.9485415e-01   1.2066796e+00  -1.2499978e+00
  -2.4490705e-01   1.2277451e+00  -1.2629621e+00
   2.2694785e-02   8.9248562e-01  -1.2993093e+00
  -2.2360918e-01   1.0866285e+00  -1.2217795e+00
  -2.2482153e-01   1.1463148e+00  -1.2556493e+00
  -2.2578542e-01   1.1921244e+00  -1.2757687e+00
  -2.0470113e-01   1.1956864e+00  -1.2564760e+00
   9.1107839e-03   9.6396041e-01  -1.2661317e+00
  -1.5510640e-01   1.0645335e+00  -1.2434420e+00
   3.5516225e-01   4.8910883e-01  -1.3144467e+00
  -1.3852715e-01   2.9056422e+00  -9.9462528e-01
   2.3831448e+00   2.8335037e+00  -7.3365234e-01
  -1.4963560e-01  -1.1132862e-01  -1.2524323e+00
  -1.5754625e-02  -1.1353070e-01  -1.2837731e+00
  -5.0758093e-02  -1.0665094e-01  -1.2555448e+00
  -7.5850284e-02  -6.1717949e-02  -1.3003775e+00
  -7.2560550e-02  -4.8663989e-02  -1.2610427e+00
  -5.1020602e-02  -1.4890714e-01  -1.2574335e+00
  -5.8233461e-02  -1.3795213e-01  -1.2747611e+00
  -9.4315903e-02  -1.9195479e-01  -1.2930453e+00
  -7.9230463e-02  -1.8662039e-01  -1.3249844e+00
  -6.0302283e-02  -1.4026707e-01  -1.3224654e+00
  -7.0648821e-02  -1.7100591e-01  -1.3066725e+00
  -7.2133639e-02  -1.9759053e-01  -1.2682330e+00
   1.6021661e-01  -4.6329132e-01  -1.2948915e+00
  -9.3548300e-02  -2.4595679e-01  -1.2944387e+00
  -7.8406896e-02  -1.2647556e-01  -1.2595668e+00
  -5.7625478e-02  -1.8775854e-01  -1.2984126e+00
  -5.9906992e-02  -2.5370928e-01  -1.3091202e+00
  -5.6106146e-02  -2.4526686e-01  -1.3106531e+00
  -4.0767696e-02  -1.1281196e-01  -1.2992327e+00
  -1.6796374e-02  -1.9646396e-01  -1.3010812e+00
  -2.5686068e-02  -1.9386140e-01  -1.3582872e+00
  -2.5746715e-02  -2.6122912e-01  -1.3020817e+00
   2.7385016e-01  -5.0621539e-01  -1.3137137e+00
  -2.3245475e-02  -2.3132209e-01  -1.2663549e+00
   1.7549475e-02  -8.8820322e-02  -1.2981263e+00
  -7.2472145e-02  -2.1872767e-01  -1.3045587e+00
  -1.5789374e-01  -1.8110991e-01  -1.3015316e+00
  -2.1747328e-02  -2.0188579e-01  -1.3005254e+00
  -1.3668891e-02  -1.9970585e-01  -1.3219145e+00
  -1.7017168e-02  -1.3664780e-01  -1.2933798e+00
   7.8273397e-02   3.9027697e-02  -1.3351284e+00
  -2.5665370e-01   1.6802563e+00  -1.2122133e+00
  -1.7861523e+00   2.8983834e+00  -8.7339678e-01
  -1.2134929e-01   1.0373620e+00  -1.2316945e+00
  -1.2263181e-01   9.0201935e-01  -1.2480128e+00
  -1.7343503e-01   1.2939182e+00  -1.2126869e+00
  -9.8268138e-02   9.5132464e-01  -1.2218346e+00
  -8.8410557e-02   9.1500506e-01  -1.2557772e+00
   2.8278325e-02   9.9819829e-01  -1.2505282e+00
  -1.0622314e-01   7.9997581e-01  -1.2475006e+00
  -7.1410575e-02   7.9604356e-01  -1.2826193e+00
  -8.0585620e-02   8.6484958e-01  -1.2526854e+00
   8.0756299e-02   7.3272771e-01  -1.2701338e+00
  -1.3079957e-01   8.8118062e-01  -1.2941952e+00
  -7.7759895e-02   8.4326246e-01  -1.2438054e+00
   9.0636273e-01   1.1313857e+00  -1.2973300e+00
   3.6644044e-02   4.1308967e-01  -1.2150700e+00
  -2.3923306e-02   4.5097924e-02  -1.2993845e+00
  -4.2324535e-02   7.2751170e-02  -1.3016050e+00
  -1.5929072e-02   4.8404591e-02  -1.2937579e+00
  -3.6463595e-02   1.5851348e-02  -1.3114125e+00
  -4.1487654e-02  -2.1650122e-02  -1.2962662e+00
  -6.5153917e-02  -2.3486364e-02  -1.3119934e+00
   1.8568547e-02   2.5542620e-01  -1.3131060e+00
  -2.9806288e-02   2.6566536e-01  -1.2704782e+00
  -4.6390845e-02  -3.3217441e-02  -1.2841287e+00
  -9.7590283e-02  -5.3949511e-03  -1.2804730e+00
  -5.8592759e-02   2.4499521e-02  -1.3044154e+00
  -3.5816315e-02   7.8443841e-02  -1.2964450e+00
  -6.4039058e-02   1.5465267e-01  -1.3120799e+00
  -4.0817890e-03  -1.4858356e-02  -1.2883258e+00
   3.0796621e-02  -9.8397250e-02  -1.2536030e+00
   5.7532941e-01  -6.0183116e-01  -1.3747722e+00
   1.3015834e-03  -9.2261574e-02  -1.2856171e+00
   5.3698680e-02   3.3860915e-02  -1.2460295e+00
   1.3654889e-01   1.4758846e-02  -1.2239939e+00
   1.1490196e-01  -8.7795743e-04  -1.2667685e+00
  -1.5817836e-02  -9.6643744e-02  -1.3140726e+00
  -3.9441417e-03  -6.2940457e-02  -1.2913901e+00
   5.2588459e-03  -4.2653961e-02  -1.2820427e+00
   2.9447406e-03  -6.5548905e-02  -1.2846568e+00
   1.2239652e-02  -2.9889201e-02  -1.2889378e+00
  -6.6564796e-03   5.5185932e-02  -1.3035839e+00
   2.0279400e-02   2.6027285e-01  -1.3072186e+00
   1.9740968e-01  -8.4274620e-02  -1.3203918e+00
   9.0492164e-02  -1.2440331e-01  -1.3034258e+00
  -1.3937037e-02  -5.7098697e-02  -1.3081296e+00
  -2.7139017e-02  -7.8893183e-03  -1.3084874e+00
  -2.3113777e-02  -3.0991415e-02  -1.2834431e+00
  -1.8315789e-02   1.7999470e-02  -1.3268163e+00
   7.1675362e-02   1.0744652e-01  -1.3366720e+00
   2.2360739e-03  -3.9175937e-03  -1.3113763e+00
  -5.9382967e-03   1.7494127e-02  -1.3349023e+00
  -8.0942915e-03  -6.9578976e-02  -1.3177068e+00
   3.9898103e-02  -3.3921978e-03  -1.3200313e+00
  -3.2969896e-02   8.7239902e-02  -1.3347172e+00
   3.3692344e-01  -3.1432825e-01  -1.3728545e+00
  -1.7411519e-02   6.1098668e-03  -1.3006862e+00
  -1.0681489e-02  -3.5664329e-02  -1.3323984e+00
   2.8189635e-02   5.8521723e-02  -1.3255286e+00
   1.4815838e-02   2.6753750e-02  -1.3214154e+00
   6.2772513e-05  -6.9466212e-02  -1.3354656e+00
  -1.7681394e-02  -3.8362746e-02  -1.3027268e+00
   7.3326303e-03   6.7063771e-03  -1.2616789e+00
   2.1886054e-02  -2.6395763e-02  -1.3617621e+00
  -6.9992592e-03  -1.0989511e-01  -1.3179190e+00
   1.3817019e-02  -9.7932897e-02  -1.3102764e+00
   8.0207511e-04  -3.7068103e-02  -1.3243209e+00
   5.2372881e-01  -5.2892975e-01  -1.3856602e+00
  -5.0365827e-02  -7.0209903e-02  -1.3116539e+00
  -5.5463007e-02   3.1905760e-02  -1.3104983e+00
  -2.4320934e-02   8.6814169e-02  -1.3118038e+00
   1.0928328e-02  -6.8872347e-02  -1.3203571e+00
   3.9667890e-02   3.0783753e-01  -1.3056993e+00
   2.3591533e-01   2.5047448e-01  -1.3238149e+00
  -4.6410244e-03   3.0313564e-02  -1.3168156e+00
   3.5039253e-02  -1.3769557e-02  -1.3409036e+00
  -6.8329019e-03   3.8854504e-01  -1.2656999e+00
