   1.0210605e-02  -1.6797534e-01  -1.2048700e+00
   2.0219640e-02  -9.4635491e-02  -1.2266698e+00
   2.8782102e-03  -2.4779124e-01  -1.2141766e+00
   4.8438213e-02  -1.7051157e-01  -1.1979578e+00
   1.7686006e-02  -2.5644458e-01  -1.3167754e+00
   4.3068679e-02  -3.3867560e-01  -1.3379368e+00
   5.1914342e-02  -2.0573838e-01  -1.3296520e+00
   1.2368342e-02  -2.9337076e-01  -1.2248517e+00
   5.6176000e-01   1.0895573e+00  -1.2909581e+00
  -1.6264405e-02  -3.0519350e-01  -1.2431742e+00
  -2.2713074e-01   1.2855534e-02  -1.2323572e+00
   3.2556020e-03  -2.3223355e-01  -1.2355148e+00
  -3.7171835e-03  -1.8699985e-01  -1.2304554e+00
  -5.4326740e-03  -2.9211020e-01  -1.2208640e+00
   1.9505228e-03  -2.5117241e-01  -1.1811614e+00
  -1.7494659e-02  -2.5391385e-01  -1.1747573e+00
   1.8039488e-01  -4.7787326e-01  -1.2267301e+00
   1.8381764e-01  -4.9732281e-01  -1.2677209e+00
  -1.9746254e-02  -2.9706470e-01  -1.1819784e+00
  -1.7350694e-02  -3.8922557e-01  -1.1788077e+00
  -1.9708650e-02  -2.9166125e-01  -1.1555322e+00
   3.0783101e-01   1.3626175e+00  -1.0419060e+00
  -3.5645365e-01   3.0279288e+00  -7.4029388e-01
  -9.1856367e-01   3.0450238e+00  -7.8067140e-01
  -8.3272878e-02   7.5634630e-01  -1.0850790e+00
  -6.2541672e-02   3.9230331e-01  -1.1226488e+00
  -5.5858939e-02   3.3933402e-01  -1.1273395e+00
  -8.2984862e-02   2.4681043e-01  -1.1544911e+00
  -1.2190393e-01   2.0282161e-01  -1.1535074e+00
  -1.3276361e-01   1.8181447e-01  -1.1316724e+00
   3.7303989e-01  -4.3406167e-01  -1.2508733e+00
  -1.6816398e-01   2.0527951e-01  -1.1872968e+00
  -1.0075171e-01   1.6886742e-01  -1.1772829e+00
  -1.6209052e-01   1.8075372e-01  -1.1697715e+00
  -1.9578110e-01   1.2056841e-01  -1.1944512e+00
  -1.8985185e-01   4.9318620e-02  -1.1953027e+00
  -1.6795032e-01   1.0586601e-01  -1.1966987e+00
  -1.6727247e-01   5.6736184e-02  -1.1902248e+00
  -1.5118574e-01   1.4886740e-01  -1.1764667e+00
  -9.5743790e-02   1.5058567e-01  -1.1714646e+00
  -2.0393558e-01   9.9347490e-02  -1.2064513e+00
  -1.8309452e-01   5.6362408e-02  -1.1746101e+00
   2.0258399e-02  -7.2586343e-02  -1.1896357e+00
  -1.4360231e-01   3.4587693e-02  -1.2026161e+00
  -1.4599976e-01   4.2989317e-02  -1.2120558e+00
  -1.7339452e-01   1.8170597e-02  -1.2099877e+00
  -1.7833803e-01  -7.8052967e-02  -1.2012355e+00
  -1.6823270e-01   5.0172741e-02  -1.1740905e+00
   8.0383479e-02  -2.3764272e-01  -1.2515164e+00
   1.5042132e-01  -2.6694306e-01  -1.2500952e+00
  -1.6660198e-01  -4.4774127e-02  -1.2051345e+00
  -2.1114535e-01   1.2765867e-01  -1.2054209e+00
  -1.5688039e-01  -9.6175127e-03  -1.1908789e+00
  -1.2828134e-01   7.5542956e-02  -1.1489080e+00
  -1.4846373e-01   3.5147684e-02  -1.1983348e+00
  -1.9528661e-01   5.6972835e-02  -1.2141192e+00
  -1.6352266e-01   3.4051217e-03  -1.2275895e+00
  -1.7484037e-01  -3.9362304e-02  -1.2353255e+00
  -1.7550228e-01  -1.1413046e-03  -1.2079333e+00
   4.1047756e-01  -4.4480376e-01  -1.3190716e+00
   1.5859250e-01  -3.6545612e-01  -1.2645273e+00
  -1.4518077e-01  -1.0643583e-02  -1.2294604e+00
  -1.4674983e-01  -1.8617111e-02  -1.2244078e+00
  -1.8490487e-01  -8.3737012e-02  -1.2096216e+00
  -1.3407921e-01   2.4674724e-02  -1.2361725e+00
  -1.3979802e-01   2.7654171e-02  -1.2218215e+00
  -1.7447655e-01  -3.4515026e-02  -1.2485079e+00
  -1.3463741e-01  -3.8691466e-04  -1.2271563e+00
   1.2250598e-01  -1.2019051e-01  -1.2386867e+00
  -1.3312012e-01  -5.3754955e-02  -1.1738521e+00
  -1.5174705e-01  -1.8010196e-02  -1.2162856e+00
  -1.3976838e-01   5.9091690e-02  -1.2292140e+00
  -1.5144462e-01  -3.7714972e-02  -1.2148095e+00
  -1.5090639e-01  -4.4984995e-02  -1.2273036e+00
  -1.1892229e-01  -4.2256485e-02  -1.2342686e+00
  -1.0371746e-01   3.6576521e-02  -1.2241032e+00
  -1.2583678e-01   1.0017925e-01  -1.2556950e+00
  -1.0497537e-01   6.0345227e-02  -1.2513950e+00
  -7.8758305e-02   1.4541320e-01  -1.2595339e+00
   6.8771437e-01  -6.1280806e-01  -1.3283544e+00
   3.4567909e-01   6.3554963e-01  -1.2478052e+00
   1.7771963e-02  -2.2576469e-02  -1.2317783e+00
  -1.3828440e-01  -1.3545241e-02  -1.2032152e+00
  -2.1307358e-01  -9.3308607e-03  -1.2080524e+00
  -1.2671805e-01   4.6043793e-02  -1.1766943e+00
  -1.3975721e-01  -3.3874763e-02  -1.1805877e+00
  -1.4096519e-01   2.2248786e-01  -1.2124004e+00
  -1.1330144e-01   4.7607371e-02  -1.1936877e+00
  -1.2176109e-01   1.7325289e-03  -1.1997497e+00
  -1.2361725e-01  -1.4304019e-02  -1.1991504e+00
  -1.3422997e-01  -5.3521994e-03  -1.2212726e+00
  -1.4043537e-01   3.9779494e-02  -1.2200612e+00
   6.9406777e-02  -2.4038268e-01  -1.2168575e+00
   1.6228905e-02   1.0977112e-01  -1.2127537e+00
  -1.4896609e-01  -1.7797389e-02  -1.2094203e+00
   1.2083483e-01  -2.2887399e-01  -1.2122510e+00
   1.8620509e-01   7.9158441e-01  -1.1238223e+00
  -2.6520289e-01   1.8096345e+00  -9.4811525e-01
  -1.4136817e-01   9.4528332e-01  -1.1112005e+00
  -2.0478513e-01   1.0219125e+00  -1.1791884e+00
   3.4220326e-02   7.7837705e-01  -1.2383753e+00
  -1.7005995e-01   9.2328975e-01  -1.1816226e+00
  -1.5518590e-01   9.4039880e-01  -1.1719293e+00
  -1.2531010e-01   1.0052789e+00  -1.1518931e+00
  -1.2541892e-01   1.0074568e+00  -1.1756629e+00
  -1.6596931e-01   1.0048146e+00  -1.1887341e+00
  -1.9669652e-01   9.2270320e-01  -1.1870578e+00
   2.5375458e-01   1.3337641e+00  -1.1621410e+00
   4.7939056e-01   3.0726307e+00  -8.7908946e-01
   6.6906737e-01   8.4955677e-01  -1.0231830e+00
  -4.7133404e-02  -1.1934578e-01  -1.2115667e+00
  -4.3648826e-02  -2.4633374e-01  -1.1775001e+00
  -9.8259377e-03  -2.0110044e-01  -1.1701444e+00
  -1.3237590e-02  -1.4610317e-01  -1.1955725e+00
  -3.5672159e-02  -1.8573911e-01  -1.1878723e+00
  -1.0822292e-02  -2.7171332e-01  -1.1964657e+00
  -3.3250317e-03  -2.6593560e-01  -1.1845598e+00
  -1.6843231e-02  -2.5790401e-01  -1.1925696e+00
  -2.6185184e-03  -2.8177763e-01  -1.2206096e+00
   5.5679309e-02  -1.4641417e-01  -1.1708380e+00
  -4.3785389e-02  -3.2087079e-01  -1.1835612e+00
   1.0706501e-01  -4.0203225e-01  -1.2265407e+00
  -1.0247936e-02  -2.2186305e-01  -1.2124774e+00
  -1.0346895e-02  -2.2972724e-01  -1.2100800e+00
  -3.5546936e-02  -2.8650103e-01  -1.2269719e+00
   2.3101403e-01  -4.9835503e-01  -1.2236035e+00
   2.3199929e-01  -4.8789543e-01  -1.2339320e+00
   7.4519196e-03  -2.7424454e-01  -1.2184066e+00
  -2.1458901e-02  -2.7897172e-01  -1.1989195e+00
   6.8207624e-03  -2.3329920e-01  -1.2309441e+00
   7.1101431e-03  -2.0709837e-01  -1.1736322e+00
   2.9116993e-02  -2.6958125e-01  -1.2223358e+00
  -1.8263540e-02  -2.7470363e-01  -1.2197404e+00
  -2.9299221e-03  -2.5100532e-01  -1.1967058e+00
   1.1606803e-02  -3.0719523e-01  -1.2009550e+00
   6.0208219e-02   4.5864165e-01  -1.1579206e+00
  -5.6502777e-01   8.7326538e-01  -1.1618873e+00
  -5.8666211e-03  -1.7676180e-01  -1.2606841e+00
  -4.6204140e-03  -2.2875728e-01  -1.2047531e+00
  -1.5208867e-02  -2.6251834e-01  -1.1992390e+00
   6.0702676e-03  -3.2013775e-01  -1.1617289e+00
  -9.9725596e-03  -2.6419504e-01  -1.1987708e+00
   4.2968849e-02  -2.1476399e-01  -1.1649299e+00
   2.7520838e-03  -2.7126836e-01  -1.1961307e+00
   2.4270089e-01   4.5702210e-01  -1.2194971e+00
   2.7112397e-01  -4.6818126e-01  -1.2581317e+00
   4.9717156e-01  -2.1080031e-02  -1.2540935e+00
   5.8946104e-02   2.8280120e+00  -8.9372088e-01
   1.7624185e+00   3.6972046e+00  -6.3467364e-01
  -2.1456341e-01   1.0602051e+00  -1.1394570e+00
  -1.2313476e-01   1.2245275e+00  -1.1514608e+00
  -1.7065999e-01   9.7199944e-01  -1.1376760e+00
  -1.2550158e-01   9.8764605e-01  -1.1301092e+00
  -2.5840021e-02   1.6447935e-01  -1.1878409e+00
