   2.2979970e-01  -9.0130428e-02  -1.1248058e+00
   2.1601968e-01  -4.8870912e-03  -1.1351591e+00
   2.8526479e-01  -2.0526392e-02  -1.1313312e+00
   1.9456931e-01  -2.0854364e-02  -1.1450832e+00
   3.0337185e-01   8.6130484e-01  -1.2087635e+00
   2.4558327e-01  -9.4773398e-02  -1.2279608e+00
   1.9578945e-01   2.6680044e-02  -1.2313047e+00
   9.0269262e-01  -7.6649924e-01  -1.3651961e+00
   3.6460751e-01  -2.0603859e-01  -1.2635443e+00
   1.8972959e-01  -5.9800416e-02  -1.2069159e+00
   2.1373640e-01  -7.6032729e-02  -1.2066877e+00
   1.9342829e-01   1.0813938e-01  -1.1878683e+00
   1.7827030e-01   1.0150728e-01  -1.1995631e+00
   1.7645684e-01   7.0961621e-02  -1.2240292e+00
   1.8102943e-01  -4.0660562e-02  -1.2128690e+00
   2.0187121e-01  -8.4008657e-02  -1.1908209e+00
   1.9154479e-01  -1.2410071e-01  -1.2152803e+00
   1.6548703e-01  -1.7031967e-01  -1.1822562e+00
   1.8279870e-01  -2.6415755e-01  -1.1793296e+00
   2.0364191e-01  -4.8855413e-02  -1.2133648e+00
   2.0913517e-01   2.3473123e-02  -1.1956647e+00
   1.8670560e-01   4.7427056e-02  -1.2083414e+00
   4.3741017e-01  -2.3598399e-01  -1.2242245e+00
   4.6921336e-01  -2.9731944e-01  -1.2468723e+00
   2.1738357e-01  -4.4565824e-02  -1.1989574e+00
   1.9257573e-01  -6.2806178e-02  -1.2120241e+00
   2.1623709e-01  -4.3561777e-02  -1.1983460e+00
   1.9887319e-01  -7.9294736e-02  -1.1984038e+00
   1.9374125e-01  -4.8016970e-02  -1.2130663e+00
   1.9584645e-01  -1.2442410e-01  -1.2026888e+00
   6.2795731e-01   5.9971985e-02  -1.2109572e+00
  -2.5136658e-01   1.2563430e+00  -1.1138074e+00
   2.2618696e-01   3.4621074e-02  -1.1598780e+00
   2.1270114e-01   2.3225804e-03  -1.1877652e+00
   1.9282430e-01   2.2860735e-02  -1.1855008e+00
   1.6902732e-01  -1.8302059e-02  -1.2095920e+00
   1.5589436e-01  -3.1165664e-02  -1.2104293e+00
   1.8247709e-01  -5.2512004e-02  -1.2028819e+00
   4.2759639e-02   3.8165818e-03  -1.2138424e+00
   1.8038874e-01  -6.2354661e-02  -1.2078409e+00
   1.8345797e-01  -7.7761862e-02  -1.1996148e+00
   1.9648474e-01  -4.5187185e-02  -1.2088524e+00
   7.2244712e-01  -5.8551541e-01  -1.3185285e+00
   1.7248575e-01  -7.8288109e-02  -1.2176740e+00
   2.0636886e-01  -1.4596393e-01  -1.1542317e+00
   1.6261915e-01  -1.1486564e-01  -1.1772562e+00
   2.1238311e-01   4.2606730e-04  -1.2234085e+00
   2.0031057e-01  -9.1011044e-04  -1.2008045e+00
   2.1848353e-01  -1.3632415e-02  -1.2055273e+00
   2.3589333e-01  -5.8259488e-02  -1.1607759e+00
   2.4126767e-01   8.0124155e-01  -1.1150289e+00
  -1.5214674e-01   3.0133555e+00  -7.2852174e-01
   3.2640907e-01   1.3414253e+00  -9.7162325e-01
   2.2620182e-01   2.6098657e-01  -1.0928460e+00
   1.7907055e-01   2.1255187e-01  -1.1540804e+00
   1.9503910e-01   1.4816513e-01  -1.1550194e+00
   2.2265299e-01   9.5511652e-02  -1.1782521e+00
   2.4502654e-01   1.1685577e-01  -1.1469439e+00
   1.8342297e-01   4.9353365e-02  -1.1842218e+00
   1.8393339e-01   1.0655288e-02  -1.1934009e+00
   2.3244303e-01   9.7739526e-06  -1.2151261e+00
   2.3698054e-01   2.0480313e-02  -1.2077642e+00
   2.2441396e-01  -2.8090496e-02  -1.2146125e+00
   2.1508023e-01   6.6227090e-02  -1.2038905e+00
   2.2174976e-01   3.2000463e-02  -1.1887746e+00
   2.2072591e-01   6.2140348e-02  -1.2184915e+00
   2.2487529e-01   2.3941388e-02  -1.1680759e+00
   5.7106303e-02  -1.4520528e-01  -1.1729732e+00
   2.1199776e-01   4.5034405e-02  -1.2395489e+00
   2.0915098e-01   2.0111550e-02  -1.2024629e+00
   4.2727803e-01  -2.1502893e-01  -1.2426838e+00
   2.3284343e-01  -1.4427039e-02  -1.2209479e+00
   2.2637695e-01  -1.0737511e-02  -1.1736112e+00
   2.2784599e-01   3.6800887e-03  -1.2128999e+00
   2.3862967e-01   5.2929931e-02  -1.2316588e+00
   2.1448709e-01   5.8601534e-02  -1.2316661e+00
   2.4678024e-01  -4.4753533e-02  -1.2143317e+00
   4.1615961e-01   5.5465995e-01  -1.2205753e+00
   3.6883680e-01   2.1944633e+00  -1.0060566e+00
   2.3678879e-01   1.6483821e-01  -1.1814854e+00
   2.4601635e-01   7.5671663e-02  -1.1902886e+00
   2.1190923e-01   6.9245259e-02  -1.2005276e+00
   2.8178856e-01   8.8624968e-02  -1.2090601e+00
   2.1830766e-01  -3.3240270e-02  -1.1864812e+00
   2.0365682e-01   3.5047838e-02  -1.2002354e+00
   2.2340362e-01   6.5679575e-03  -1.2019393e+00
   2.6026616e-01  -3.0970608e-02  -1.1821753e+00
   2.0952151e-01  -9.2542050e-03  -1.1925461e+00
   2.2284546e-01   2.5033652e-02  -1.2165387e+00
   2.3019552e-01  -2.5959351e-02  -1.1929995e+00
   1.9559171e-01   1.5058511e-02  -1.2253650e+00
   1.6640381e-01  -5.3348935e-02  -1.2108475e+00
   2.6812884e-01  -1.4074741e-01  -1.2511880e+00
   2.5127161e-01  -6.0686243e-03  -1.2216979e+00
   2.3747576e-01  -7.8764818e-03  -1.2073378e+00
   2.4276741e-01  -9.3980656e-03  -1.2044058e+00
   2.3342357e-01  -1.2635798e-02  -1.2485052e+00
   2.6980202e-01  -7.1087182e-02  -1.2050807e+00
   2.4400251e-01  -4.0995685e-02  -1.2226854e+00
   2.3994783e-01  -1.0610078e-01  -1.2313133e+00
   4.2350096e-01  -2.7703495e-01  -1.2617981e+00
   8.3957319e-01  -5.9796991e-01  -1.3209814e+00
   2.8309104e-01  -9.3763944e-02  -1.1896785e+00
   2.6020707e-01  -5.0235223e-03  -1.1927671e+00
   2.7396768e-01  -1.1487349e-02  -1.1993656e+00
   2.4013201e-01   5.4634308e-02  -1.1994328e+00
   2.5217870e-01  -5.7746207e-02  -1.2532880e+00
   3.5432277e-01   4.9773298e-01  -1.1755072e+00
   2.5785543e-01  -1.4667360e-02  -1.1623894e+00
   3.1214854e-01   2.8875133e-01  -1.1545327e+00
   2.3026925e-01   6.8275477e-01  -1.1433190e+00
   2.3762335e-01   3.7238086e-02  -1.2009078e+00
   2.2627714e-01   2.8354672e-03  -1.2030398e+00
   2.3416129e-01  -1.5590575e-02  -1.1811857e+00
   2.6593647e-01   3.2019166e-02  -1.1927489e+00
   5.4073085e-01  -2.2914528e-01  -1.2604490e+00
   2.7197244e-01  -1.2650393e-02  -1.2024292e+00
   2.7141323e-01   5.0447797e-03  -1.1843623e+00
   2.5223601e-01  -1.3218652e-03  -1.1974354e+00
   2.2544393e-01  -1.9925247e-02  -1.2203164e+00
   2.5696231e-01  -5.9972332e-02  -1.2192005e+00
   2.2322411e-01   5.0275416e-01  -1.1783166e+00
   3.1678306e-01   4.6866901e-02  -1.2361797e+00
   1.7127441e-01   3.1665664e-01  -1.1942098e+00
  -2.1617466e-01   2.4674921e+00  -9.8297752e-01
   5.0409254e-01   2.7499493e+00  -9.1117160e-01
   2.1753356e+00   2.7579638e+00  -7.6642465e-01
   1.8768702e-01   2.0836111e-01  -1.1430266e+00
   2.2073751e-01   1.8737663e-01  -1.1685571e+00
   2.7922404e-01   9.4941703e-02  -1.1774746e+00
   1.3593630e-01   2.1994750e-01  -1.1816577e+00
   2.4448793e-01   1.6692839e-01  -1.1797046e+00
   2.8699393e-01   1.7361952e-01  -1.1626332e+00
   2.8668475e-01   1.6964254e-01  -1.1756912e+00
   2.5146882e-01   1.8698859e-01  -1.2040032e+00
   2.5901072e-01   1.8549581e-01  -1.2045359e+00
   3.9450349e-01   1.7369547e-01  -1.2360064e+00
   7.1240633e-01  -3.4468051e-01  -1.2838339e+00
   2.8333561e-01   1.3624482e-01  -1.2087827e+00
   2.3049461e-01   2.3125486e-01  -1.2234556e+00
   2.2647557e-01   1.6103896e-01  -1.1935321e+00
   2.7915084e-01   1.5849411e-01  -1.2003487e+00
   2.6059599e-01   1.9608448e-01  -1.1938282e+00
   2.6374185e-01   1.5963081e-01  -1.2023116e+00
   2.5914473e-01   1.3628496e-01  -1.2653376e+00
   3.2151525e-01   1.2740238e-01  -1.2699000e+00
   2.4435531e-01   1.2271479e-01  -1.2508004e+00
   2.6202034e-01   1.4356047e-01  -1.2308177e+00
   1.9196421e-01   2.6622618e-01  -1.2459415e+00
   2.7536437e-01   1.6528754e-01  -1.2486826e+00
   5.6100512e-01  -3.4964894e-02  -1.2721572e+00
   3.1981935e-01   1.6151177e-01  -1.2243286e+00
   3.4463652e-01   1.5194322e-01  -1.1967204e+00
   2.6436635e-01   1.2900319e-01  -1.1917462e+00
