  -4.3631308e+00   4.3563067e+00  -1.1934256e+00
  -4.3630329e+00   4.3562039e+00  -1.2111091e+00
  -4.3630757e+00   4.3562425e+00  -1.2495135e+00
  -3.4471833e+00   3.4420674e+00  -1.3658375e+00
  -1.6050838e+00   3.9459295e+00  -1.2981036e+00
  -2.7877458e+00   4.2722661e+00  -9.6007201e-01
  -1.7098448e-01   1.8237454e+00  -1.1875683e+00
   3.8743876e-01   8.8526096e-01  -1.1274689e+00
   3.6897452e-01   1.3942209e-02  -1.1622185e+00
   2.1292399e-01  -1.0560913e+00  -1.1949613e+00
   2.3195412e-01  -1.1561984e+00  -1.2697160e+00
   2.6145060e-01  -1.2285167e+00  -1.2417305e+00
   3.4577050e-01  -7.6551197e-01  -1.1239849e+00
   3.0114114e-01  -5.9146797e-02  -1.0990072e+00
   3.3542380e-01  -1.4486555e-01  -1.1061850e+00
   2.9749580e-01  -2.4634675e-01  -1.1223786e+00
   2.7005697e-01  -2.3378371e-01  -1.1723212e+00
   5.2663128e-01  -6.2287983e-01  -1.2744972e+00
   2.9932962e-01  -2.5953675e-01  -1.2108328e+00
   2.8800211e-01  -3.2481566e-01  -1.2004511e+00
   3.3083960e-01  -3.4042641e-01  -1.1569040e+00
   3.1189510e-01  -3.4624630e-01  -1.1846700e+00
   2.7609728e-01  -3.1080663e-01  -1.1765436e+00
   4.8612159e-01  -5.2402075e-01  -1.2422708e+00
   3.1186093e-01  -2.7665300e-01  -1.1689173e+00
   2.9145966e-01  -2.3319826e-01  -1.1435214e+00
   5.7744065e-01  -2.8089880e-01  -1.1085876e+00
   1.9936920e-01  -1.5335540e-02  -1.1113749e+00
   1.7778391e-01   1.3051867e-01  -1.2043017e+00
   1.9497882e-01  -2.5634513e-01  -1.1776200e+00
   1.6353439e-01  -2.3420550e-01  -1.2144251e+00
   1.7144303e-01  -3.1497538e-01  -1.1968560e+00
   1.8719931e-01  -2.7899810e-01  -1.2331986e+00
   1.9997692e-01  -2.0643138e-01  -1.2006569e+00
   1.9147175e-01  -2.8052709e-01  -1.2166722e+00
   2.3223884e-01  -4.6688838e-01  -1.2184131e+00
   1.9726038e-01  -2.7193029e-01  -1.2208269e+00
   4.1017247e-01  -4.6417322e-01  -1.2254694e+00
   4.2135692e-01  -4.5466688e-01  -1.2823756e+00
   1.2672372e-01  -2.2517792e-01  -1.2389240e+00
   1.1292010e-01  -2.0058096e-01  -1.2168528e+00
   1.5107871e-01  -1.2856232e-01  -1.2460381e+00
   1.7525565e-01  -1.8044712e-01  -1.2267562e+00
   1.8160410e-01  -2.1061817e-01  -1.2137781e+00
   1.9840631e-01  -2.2950795e-01  -1.2214261e+00
   1.7997619e-01  -2.2126044e-01  -1.2345091e+00
   2.2634742e-01  -2.9211153e-01  -1.1838715e+00
   2.1447285e-01  -2.9320623e-01  -1.2191450e+00
   4.0380380e-01  -5.0308032e-01  -1.2677787e+00
   1.7649778e-01  -3.9084847e-01  -1.2005144e+00
   2.5524550e-01  -3.6858855e-01  -1.2310902e+00
   3.1832551e-01  -3.5982648e-01  -1.2559516e+00
   3.7147965e-01  -3.4251551e-01  -1.2239202e+00
   4.1524958e-01  -3.4209779e-01  -1.2380955e+00
   3.7927304e-01  -3.6455733e-01  -1.1829089e+00
   4.0858577e-01  -3.6835604e-01  -1.2060074e+00
   7.7991739e-01  -7.5398464e-01  -1.2952711e+00
   6.4644774e-01   4.3451864e-01  -1.2209322e+00
   3.2173581e-01   8.1600833e-01  -1.1049177e+00
   3.7357539e-01  -7.7077572e-01  -1.1823579e+00
   2.8313775e-01  -1.2236186e+00  -1.2107496e+00
   3.1365485e-01  -1.1842481e+00  -1.2587020e+00
   3.0506070e-01  -1.2319157e+00  -1.2041634e+00
   3.0373826e-01  -1.2734561e+00  -1.2264879e+00
   3.3231332e-01  -1.3401597e+00  -1.2336396e+00
   3.1497394e-01  -1.3918165e+00  -1.2281720e+00
   3.0538949e-01  -1.3474226e+00  -1.2589284e+00
   6.0731956e-01  -1.5358531e+00  -1.2656633e+00
   3.2034509e-01  -1.3335405e+00  -1.2530894e+00
   2.8940029e-01  -1.3752369e+00  -1.2302617e+00
   3.3808162e-01  -1.3268861e+00  -1.1927282e+00
   3.1505491e-01  -1.3357822e+00  -1.2349946e+00
   3.4714714e-01  -1.3536723e+00  -1.2609991e+00
   3.4687786e-01  -1.3293187e+00  -1.2009794e+00
   3.5661011e-01  -1.3222025e+00  -1.2409672e+00
   3.8308526e-01  -1.3345382e+00  -1.2563609e+00
   3.6753470e-01  -1.3701326e+00  -1.2433309e+00
   5.4612129e-01  -1.1687102e+00  -1.2764982e+00
   6.2340933e-01  -1.5916512e+00  -1.3071263e+00
   8.6637118e-01  -1.7845961e+00  -1.3144832e+00
   2.6164632e-01  -1.4557196e+00  -1.2135859e+00
   2.4639749e-01  -1.3991879e+00  -1.2015916e+00
   2.4848976e-01  -1.3822773e+00  -1.2358897e+00
   3.6810990e-01  -1.3590825e+00  -1.2189792e+00
   3.7405294e-01  -1.3473191e+00  -1.1939164e+00
   3.1565290e-01  -1.3478099e+00  -1.2087090e+00
   2.8864972e-01  -1.2951898e+00  -1.2067381e+00
   3.1409259e-01  -1.3953856e+00  -1.1788580e+00
   3.8219549e-01  -1.3246159e+00  -1.1646293e+00
   4.8188042e-01  -1.5223245e+00  -1.2443016e+00
   5.8735568e-01  -1.5956138e+00  -1.2526773e+00
   3.4444314e-01  -1.4306271e+00  -1.1810414e+00
   3.3907243e-01  -1.4082063e+00  -1.2379524e+00
   3.0497181e-01  -1.3981905e+00  -1.2039631e+00
   3.0380017e-01  -1.3716809e+00  -1.1869342e+00
   3.1154012e-01  -1.3681420e+00  -1.1896679e+00
   3.1585236e-01  -1.4101621e+00  -1.2161778e+00
   3.2936260e-01  -1.3365364e+00  -1.2241539e+00
   3.4839611e-01  -1.3045514e+00  -1.1689134e+00
   3.0685217e-01  -1.3699389e+00  -1.2000113e+00
   5.6556724e-01  -1.5999220e+00  -1.2693514e+00
   3.5780653e-01  -1.4343408e+00  -1.2125824e+00
   4.0068242e-01  -1.3912126e+00  -1.2224385e+00
   3.2423812e-01  -1.4213744e+00  -1.2061340e+00
   3.4473206e-01  -1.3693986e+00  -1.2482736e+00
   3.0476027e-01  -1.4262694e+00  -1.1693508e+00
   5.9489636e-01  -1.5294834e+00  -1.2390437e+00
   3.1387110e-01  -1.4339914e+00  -1.2242928e+00
   3.1079472e-01  -1.4819935e+00  -1.1812129e+00
   2.9435212e-01  -1.4541123e+00  -1.2026422e+00
   3.2295814e-01  -1.4409977e+00  -1.2131251e+00
   3.1766765e-01  -1.2164886e+00  -1.1904744e+00
   3.1903768e-01  -1.5037307e+00  -1.1880788e+00
   3.1720120e-01  -1.3735493e+00  -1.2146135e+00
   3.7998673e-01  -1.2876416e+00  -1.1768546e+00
   3.3074820e-01  -1.1901022e+00  -1.1681413e+00
   4.5696665e-01  -1.3673793e+00  -1.2501476e+00
   3.4848111e-01  -1.4209476e+00  -1.1803495e+00
   3.2860125e-01  -1.3529509e+00  -1.1832605e+00
   3.7919189e-01  -1.3533928e+00  -1.2108206e+00
   2.8826741e-01  -1.3046847e+00  -1.2082799e+00
   3.2934665e-01  -1.2787296e+00  -1.2146331e+00
   3.6614161e-01  -1.2765914e+00  -1.1915236e+00
   3.5059798e-01  -1.1933559e+00  -1.1625385e+00
   5.4974136e-01  -1.5378936e+00  -1.2462557e+00
   3.1210577e-01  -1.3810248e+00  -1.2176621e+00
   3.2574252e-01  -1.4104671e+00  -1.2324342e+00
   3.4086934e-01  -1.4466884e+00  -1.1859705e+00
   9.5542124e-01  -2.8376368e-01  -1.2446343e+00
   3.2170432e-02   2.7305729e+00  -8.7446171e-01
   1.5369568e-01   2.0106182e-01  -1.0698433e+00
   2.1749528e-02   4.2197748e-01  -1.1070056e+00
   2.5485332e-01  -1.7843970e-01  -1.1778578e+00
   2.7985852e-01  -2.1483758e-01  -1.1604580e+00
   2.4407310e-01   4.3661914e-02  -1.1432998e+00
   4.6465794e-01  -2.5242549e-02  -1.0365976e+00
   3.2561631e-01  -1.0470979e+00  -1.1525452e+00
   3.5295298e-01  -1.1676587e+00  -1.2315246e+00
   4.2025255e-01  -1.1378477e+00  -1.2403611e+00
   3.1838828e-01  -1.1201186e+00  -1.1949273e+00
   3.6982499e-01  -1.1277144e+00  -1.1801837e+00
   3.3277546e-01  -1.1927175e+00  -1.1778862e+00
   3.3578365e-01  -1.1016450e+00  -1.1871927e+00
   3.3476281e-01  -1.2027449e+00  -1.1693992e+00
   1.9891314e-01  -1.3035496e+00  -1.2582340e+00
   1.2183977e-01  -1.3411902e+00  -1.2509758e+00
   8.3965386e-01  -1.5263339e+00  -1.3323619e+00
   5.7766782e-01  -1.3508185e+00  -1.2705775e+00
   3.2790350e-01  -1.1457495e+00  -1.2108043e+00
   3.1728470e-01  -1.2060365e+00  -1.2373267e+00
   3.4001190e-01  -1.1016233e+00  -1.2291560e+00
   3.6573417e-01  -9.4631045e-01  -1.2315757e+00
   3.4598308e-01  -1.0727519e+00  -1.2219564e+00
   1.8445361e-01  -6.5765010e-01  -1.2058476e+00
