   7.2462770e-02  -1.5821765e-01  -1.1969299e+00
   7.2029825e-02  -1.3458237e-01  -1.2075934e+00
   8.9577143e-02  -1.6537579e-01  -1.2103700e+00
   9.7010287e-02  -1.7114849e-01  -1.2010004e+00
   4.2127973e-01  -6.0301784e-01  -1.3750455e+00
   1.1870448e-01  -2.2281709e-01  -1.3016589e+00
   1.2178385e-01  -2.9506433e-01  -1.2808838e+00
   6.4705204e-02  -1.9879804e-01  -1.3285040e+00
   8.5917905e-02  -2.0396663e-01  -1.3223935e+00
   3.4536723e-02  -1.2687580e-01  -1.3082187e+00
   1.1552168e-01  -2.3514833e-01  -1.3250854e+00
   1.0414051e-01  -2.8148168e-01  -1.3192290e+00
   1.1380180e-01  -2.4925982e-01  -1.3329293e+00
   1.3611205e-01  -1.1982973e-01  -1.3317457e+00
   1.2287549e-01  -2.1449721e-01  -1.3115526e+00
   1.0472805e-01  -1.7896258e-01  -1.3168812e+00
   7.9385426e-02  -1.1846029e-01  -1.3243665e+00
   4.2343011e-01  -4.5918118e-01  -1.3422450e+00
   1.0097245e-01  -2.2649922e-01  -1.3175360e+00
   1.3240377e-01  -1.4916457e-01  -1.3202937e+00
   1.2193730e-01  -2.5517299e-01  -1.3032501e+00
   1.4923294e-01  -1.2589969e-01  -1.3352369e+00
   4.0816799e-01  -5.3169698e-01  -1.3640768e+00
   1.2272537e-01  -3.3707567e-01  -1.3015461e+00
   1.7630272e-01  -2.6629039e-01  -1.3110580e+00
   1.9102806e-01  -3.4721623e-01  -1.3226110e+00
   1.7839861e-01  -2.5133163e-01  -1.3018924e+00
   1.6694932e-01  -2.2256018e-01  -1.3061241e+00
   2.0511762e-01  -1.7376570e-01  -1.2842358e+00
   1.3963433e-01  -2.5158793e-01  -1.2979611e+00
   1.3906933e-01  -3.2502480e-01  -1.3003451e+00
   2.2215051e-01  -1.9897930e-01  -1.2744299e+00
   1.2315772e-01  -3.2473844e-01  -1.3122895e+00
   1.6687358e-01  -2.6344376e-01  -1.3270161e+00
   1.5378188e-01  -1.7985099e-01  -1.3391629e+00
   6.3213160e-01  -2.0645541e-01  -1.3093818e+00
   7.2232072e-01  -1.8934497e-01  -1.1857118e+00
   2.3754956e-01  -1.4821349e+00  -1.2638034e+00
   2.8521530e-01  -1.4941750e+00  -1.2873109e+00
   3.0804404e-01  -1.4872487e+00  -1.3028363e+00
   2.9867366e-01  -1.5465391e+00  -1.3134600e+00
   3.4417628e-01  -1.4253498e+00  -1.2845791e+00
   3.0743798e-01  -1.4760098e+00  -1.3023786e+00
   3.1136232e-01  -1.5602928e+00  -1.3351038e+00
  -1.8223929e-01  -6.7174183e-01  -1.2870456e+00
   2.9782797e-01  -1.4518077e+00  -1.3118611e+00
   3.3422174e-01  -1.4593987e+00  -1.3131424e+00
   3.2668718e-01  -1.4253236e+00  -1.3192909e+00
   3.0328757e-01  -1.4941222e+00  -1.3168159e+00
   3.2406351e-01  -1.5502701e+00  -1.2995387e+00
   3.2643477e-01  -1.4375761e+00  -1.3271819e+00
   6.9437455e-01  -1.8000865e+00  -1.3741994e+00
   7.6350061e-01  -1.8654834e+00  -1.3842854e+00
   4.0249735e-01  -1.4305620e+00  -1.2027910e+00
   2.4816590e-01  -1.5291286e+00  -1.2328316e+00
   2.5180795e-01  -1.5026023e+00  -1.2316845e+00
   2.9454681e-01  -1.4863597e+00  -1.2356711e+00
   2.8453976e-01  -1.5010602e+00  -1.2334650e+00
   2.5079534e-01  -1.5189257e+00  -1.2405017e+00
   2.6402652e-01  -1.5764687e+00  -1.2478979e+00
   2.6099611e-01  -1.5816857e+00  -1.2351326e+00
   2.4679410e-01  -1.5382609e+00  -1.2701758e+00
   2.5361418e-01  -1.5918508e+00  -1.2473593e+00
   2.5139972e-01  -1.5421713e+00  -1.2429952e+00
   2.4065950e-01  -1.4709159e+00  -1.2635225e+00
   2.5102859e-01  -1.5713912e+00  -1.2491392e+00
   2.4560300e-01  -1.6104833e+00  -1.2484312e+00
   2.8526105e-01  -1.5907577e+00  -1.2455047e+00
   2.5373874e-01  -1.4772817e+00  -1.2372324e+00
   4.1634798e-01  -1.6181327e+00  -1.2749969e+00
   2.5368758e-01  -1.5006858e+00  -1.2491877e+00
   2.5900416e-01  -1.5115998e+00  -1.2604333e+00
   2.8628957e-01  -1.4898892e+00  -1.2460903e+00
   2.6733697e-01  -1.5156415e+00  -1.2410092e+00
  -1.5179151e-01  -8.4860690e-01  -1.2586151e+00
   2.5677000e-01  -1.5787887e+00  -1.2740602e+00
   2.8123509e-01  -6.5157036e-01  -1.2967715e+00
   3.0681427e-01  -3.4326953e-03  -1.3006479e+00
   1.0856597e-01   8.2394941e-02  -1.2945579e+00
  -2.1551306e-02   2.8230345e+00  -9.6016089e-01
   8.6059651e-01   3.8030784e+00  -7.1947146e-01
  -9.3773867e-01   3.4976329e+00  -6.5775667e-01
   6.1392360e-01   4.1336101e+00   5.1230012e-04
  -1.4293670e+00   4.2205623e+00  -5.4779425e-01
   8.4877687e-02   2.4710629e+00  -9.8237982e-01
   1.3923247e+00   3.4542801e+00  -8.6755443e-01
  -3.8680562e-01   1.5334845e+00  -1.2606631e+00
  -3.5563118e-01   1.4854803e+00  -1.2446447e+00
  -3.7539836e-01   1.5056610e+00  -1.2249255e+00
  -5.4971686e-01   1.4983255e+00  -1.1520679e+00
   9.3497868e-02   5.5377996e-01  -1.2258059e+00
  -4.1178233e-01   5.6818695e-01  -1.2058585e+00
  -4.0540686e-01   5.9728634e-01  -1.1931100e+00
  -4.5405886e-01   5.8044658e-01  -1.1895896e+00
  -4.5102291e-01   5.8757287e-01  -1.2272994e+00
  -4.4315074e-01   5.2908763e-01  -1.2147538e+00
  -4.1487845e-01   4.8845607e-01  -1.1857123e+00
  -4.2942908e-01   6.9067312e-01  -1.2311360e+00
  -4.0983581e-01   5.4378542e-01  -1.2468728e+00
  -4.3369860e-01   4.9986632e-01  -1.2544515e+00
  -4.4788305e-01   4.8603766e-01  -1.2636233e+00
  -4.3564390e-01   4.6609059e-01  -1.2590151e+00
  -4.3948708e-01   4.3567374e-01  -1.2613982e+00
  -4.2634672e-01   4.0322286e-01  -1.2523112e+00
  -4.2002750e-01   4.1662042e-01  -1.2468435e+00
   2.2971890e-01  -2.6036791e-01  -1.3259943e+00
  -4.5566703e-01   4.9183984e-01  -1.2217857e+00
  -4.3537981e-01   4.7442404e-01  -1.2256240e+00
  -4.3271476e-01   4.2037927e-01  -1.2354689e+00
  -4.4823213e-01   4.4312165e-01  -1.2453100e+00
  -4.1162103e-01   4.9303863e-01  -1.2803086e+00
  -3.8487857e-01   4.4916759e-01  -1.2637289e+00
  -4.4084340e-01   4.1476139e-01  -1.3238220e+00
  -4.1914908e-01   4.0048654e-01  -1.2486768e+00
  -3.9440942e-01   4.3580916e-01  -1.2682859e+00
  -3.8581843e-01   3.9890201e-01  -1.2826718e+00
  -4.0860807e-01   4.6222639e-01  -1.2873631e+00
  -3.9845217e-01   3.8183629e-01  -1.2579073e+00
  -1.5053104e-01   1.7697917e-01  -1.2957838e+00
  -3.8901563e-01   3.9395498e-01  -1.2753806e+00
  -3.8721966e-01   3.5902165e-01  -1.2893968e+00
  -3.5636992e-01   4.3121451e-01  -1.2853469e+00
  -3.7371112e-01   3.7600331e-01  -1.2832035e+00
  -3.8678706e-01   3.2662567e-01  -1.2774707e+00
  -3.3177333e-01   4.3687472e-01  -1.2598346e+00
  -3.6090639e-01   2.9722355e-01  -1.2389468e+00
  -3.5454693e-01   4.0696851e-01  -1.2810245e+00
  -3.8241973e-01   3.4505824e-01  -1.2992814e+00
  -3.5194546e-01   3.6427187e-01  -1.2702364e+00
  -3.8557012e-01   3.9581727e-01  -1.2830349e+00
  -1.9127617e-01   1.8335634e-01  -1.2840460e+00
  -3.6058002e-01   4.2930700e-01  -1.2546871e+00
  -3.8503904e-01   3.0523177e-01  -1.2469992e+00
  -3.5684415e-01   3.5757096e-01  -1.2608005e+00
  -3.5875824e-01   4.3230181e-01  -1.2868281e+00
  -3.4260391e-01   1.4114525e+00  -1.2479818e+00
  -3.6886010e-01   5.2268259e-01  -1.2789077e+00
  -3.6802333e-01   7.9313989e-01  -1.2758941e+00
  -3.9487687e-01   4.2016284e-01  -1.2870248e+00
  -3.5713153e-01   4.5537603e-01  -1.2791175e+00
  -3.5968217e-01   4.5068481e-01  -1.2778484e+00
  -3.4603987e-01   5.7847949e-01  -1.2498554e+00
  -3.2067981e-01   4.4780659e-01  -1.2449471e+00
  -3.3565906e-01   4.8229601e-01  -1.2748965e+00
  -3.4050657e-01   4.0781445e-01  -1.3061526e+00
  -3.8002986e-01   4.7363379e-01  -1.3162832e+00
  -3.5383747e-01   4.0529463e-01  -1.3017496e+00
  -2.6211929e-01   8.8924820e-01  -1.3352912e+00
  -3.3684525e-01   4.0554339e-01  -1.3175418e+00
  -3.3464614e-01   3.5302905e-01  -1.3045063e+00
  -3.4100310e-01   4.1406476e-01  -1.3120935e+00
  -3.2987736e-01   5.6164053e-01  -1.3110012e+00
  -3.6427118e-01   2.9397332e-01  -1.3092297e+00
  -3.5548830e-02  -5.6754732e-02  -1.2495333e+00
