   2.1905032e+00   4.3194678e+00  -5.6020377e-01
   7.7110960e-01   4.3132576e+00  -4.3505008e-01
   3.7146560e+00   2.4076711e+00  -1.2832261e+00
   8.0214260e-01   2.0041741e+00  -1.4155712e+00
   1.1607646e+00   5.6009646e-01  -1.4710596e+00
   1.5028672e-01  -7.4733016e-01  -1.3136713e+00
   1.1626135e-01  -1.3937750e+00  -1.3466053e+00
   1.9126621e-01  -1.4939932e+00  -1.3181748e+00
   2.0337411e-01  -1.1046396e-01  -1.3433845e+00
   4.3236443e-01  -2.9968452e-01  -1.2806638e+00
   2.1923944e-01  -1.4473141e-01  -1.2676265e+00
   2.1055479e-01  -1.2680717e-01  -1.3364014e+00
   2.4897152e-01  -2.2689089e-01  -1.2866415e+00
   2.4380418e-01  -2.6119090e-01  -1.2948571e+00
   2.2779652e-01  -2.2952809e-01  -1.2748269e+00
   1.9632452e-01  -2.4783994e-01  -1.2519074e+00
   2.3139204e-01  -1.4677493e-01  -1.2559966e+00
   2.6682354e-01  -2.2536900e-01  -1.2282992e+00
   2.2303476e-01  -2.3259928e-01  -1.2325726e+00
   2.3545988e-01  -2.6196083e-01  -1.2341975e+00
   5.1175499e-01  -1.1776792e-01  -1.2896111e+00
   5.3389196e-01  -1.4059382e-01  -1.3247171e+00
   2.5545940e-01  -2.2190192e-01  -1.3123019e+00
   2.6144812e-01  -2.4319690e-01  -1.2654473e+00
   2.3328148e-01  -1.9097182e-01  -1.2935482e+00
   4.8895271e-01  -4.9825143e-01  -1.3066466e+00
   4.4844287e-01  -9.9611164e-02  -1.2457621e+00
  -6.9928146e-01   2.9224687e+00  -1.0533834e+00
   1.6250104e-01   1.1197617e+00  -1.2246597e+00
   2.0462037e-01   1.1091114e+00  -1.2857010e+00
   2.0148728e-01   1.0961615e+00  -1.2374390e+00
   1.6737551e-01   9.2183419e-01  -1.2287313e+00
   1.8971919e-01   8.8950892e-01  -1.2402219e+00
   1.5359501e-01   8.5371039e-01  -1.2436770e+00
   1.7179668e-01   9.1323320e-01  -1.2315253e+00
   1.7087979e-01   9.3529690e-01  -1.2300696e+00
   4.5348000e-01   5.7888587e-01  -1.3365840e+00
   3.1932849e-01   1.3323219e+00  -1.2239348e+00
   1.4948150e-01   1.6395667e+00  -1.0931729e+00
   4.6276403e-02   1.5157187e+00  -1.1137586e+00
   8.1968812e-02   1.0618297e+00  -1.1913232e+00
   8.1548998e-02   1.1280796e+00  -1.2271255e+00
   6.3481250e-02   1.1864538e+00  -1.2574202e+00
   6.6643987e-02   1.1787630e+00  -1.2539576e+00
   7.6770700e-02   1.1569283e+00  -1.2627148e+00
   7.9144975e-02   1.1755818e+00  -1.2927846e+00
   6.4785819e-02   1.1354885e+00  -1.2636526e+00
   9.3599309e-02   1.1215798e+00  -1.2810170e+00
   9.8642993e-02   1.1573677e+00  -1.2940892e+00
   1.3036695e-01   1.1689283e+00  -1.2944578e+00
   1.3641378e-01   1.0945108e+00  -1.2522705e+00
   5.3526082e-01   5.9385766e-01  -1.4135527e+00
   7.9034496e-02   1.0724951e+00  -1.2564988e+00
   4.4015693e-02   1.0605866e+00  -1.2431954e+00
   7.4435985e-02   1.0595053e+00  -1.2469023e+00
   6.7869832e-02   1.1584641e+00  -1.2609124e+00
   1.6986603e-01   1.0266254e+00  -1.2346955e+00
   9.6742027e-02   1.0201835e+00  -1.2450573e+00
   1.8398981e-01   1.1059869e+00  -1.2612899e+00
   1.7369299e-01   9.8298693e-01  -1.2878926e+00
   8.7380272e-02   1.0520136e+00  -1.2480283e+00
   4.0303501e-01   7.0987228e-01  -1.2866980e+00
   4.3764479e-01   2.0284399e+00  -1.1971241e+00
   4.1819273e-01   1.5349885e+00  -1.0592173e+00
   2.6132546e-01  -1.0538055e-01  -1.2645756e+00
   1.9645675e-01  -8.1163654e-02  -1.2865471e+00
   2.2500010e-01  -4.9451612e-02  -1.2681577e+00
   2.0696029e-01  -1.0281693e-01  -1.2518339e+00
   2.3862936e-01  -1.0847112e-01  -1.2526616e+00
   2.1310458e-01  -1.2345535e-01  -1.2859259e+00
   2.5498723e-01  -1.8031489e-01  -1.2854464e+00
   2.6237707e-01  -2.1680152e-01  -1.3016047e+00
   2.6768256e-01  -1.6846459e-01  -1.2769961e+00
   4.9396875e-01  -5.0823549e-01  -1.3253641e+00
   3.1356909e-01  -2.4930107e-01  -1.2981086e+00
   2.8446893e-01  -3.0896067e-01  -1.3014727e+00
   3.0749580e-01  -2.5809185e-01  -1.3097023e+00
   2.8572475e-01  -2.6282279e-01  -1.3204395e+00
   2.5367865e-01  -2.8503227e-01  -1.2919062e+00
   2.7019459e-01  -2.9573828e-01  -1.2937521e+00
   2.9816527e-01  -2.6062965e-01  -1.3117678e+00
   3.1452652e-01  -3.1625036e-01  -1.2725063e+00
   3.0061752e-01  -2.9569560e-01  -1.2982988e+00
   2.8604189e-01  -1.8685755e-01  -1.3207437e+00
   3.1658037e-01  -2.4155656e-01  -1.3210578e+00
   2.5780062e-01  -2.2531752e-01  -1.3075656e+00
   2.5643465e-01  -2.4005246e-01  -1.2679254e+00
   7.9190279e-01  -7.5852062e-01  -1.3444722e+00
   3.9196200e-01   4.9604238e-01  -1.2431451e+00
   2.3430149e-01  -1.9301176e-01  -1.2825226e+00
   1.6484484e-02   1.0154074e-01  -1.2670708e+00
   7.1555886e-02   5.6795746e-01  -1.2305487e+00
   2.5549848e-01  -2.0243941e-01  -1.2575816e+00
   2.3946530e-01  -2.5624082e-01  -1.2814269e+00
   2.5870727e-01  -2.3566560e-01  -1.2737809e+00
   2.9246020e-01  -2.3518291e-01  -1.2619539e+00
   3.0520234e-01  -1.8298167e-01  -1.2693258e+00
   3.1822417e-01  -2.2130784e-01  -1.2191180e+00
   2.8983991e-01  -1.7969924e-01  -1.2999785e+00
   2.2294886e-01   2.9821340e-01  -1.2903531e+00
  -4.6156736e-01   2.5970718e+00  -9.3874281e-01
   4.7147464e-01   1.7838097e+00  -1.0397485e+00
   2.5735249e-01   9.8952115e-01  -1.1671978e+00
   2.6172678e-01   1.0450205e+00  -1.1962505e+00
   2.3448152e-01   1.0085757e+00  -1.2229681e+00
   1.9726753e-01   9.7325327e-01  -1.2317167e+00
   2.3651665e-01   9.6733816e-01  -1.2108705e+00
   2.4221011e-01   9.1642547e-01  -1.2153880e+00
   2.1880717e-01   1.0879573e+00  -1.2250313e+00
   2.6222245e-01   3.2486166e-01  -1.1842861e+00
   2.5605431e-01   1.0475410e-01  -1.2494504e+00
   2.7259688e-01   1.2684239e-01  -1.3238006e+00
   3.0167708e-01   1.5717810e-01  -1.2952567e+00
   2.9711777e-01   6.9534162e-02  -1.2821814e+00
   1.5398436e+00   1.9325613e+00  -1.1192475e+00
  -1.0982314e-01   4.3860769e-01  -1.2517600e+00
   2.7202321e-01   8.4125387e-02  -1.3202680e+00
   2.9465959e-01   8.5916959e-02  -1.2344977e+00
   2.5890280e-01   7.2374089e-02  -1.2285421e+00
   1.5950342e-01   3.6913122e-02  -1.2452360e+00
   2.6723285e-01   1.0194787e-01  -1.2350801e+00
   5.8816888e-01  -1.9819547e-01  -1.3005207e+00
   2.6374263e-01   3.2807447e-02  -1.2606397e+00
   2.5450771e-01   2.2975493e-03  -1.2699595e+00
   2.7828092e-01   1.4176568e-03  -1.2710151e+00
   3.0296546e-01  -3.1242352e-02  -1.2729869e+00
   2.9686333e-01  -6.0646790e-03  -1.2957840e+00
   3.0993879e-01  -3.2677337e-02  -1.2874500e+00
   3.3867535e-01  -6.9480445e-02  -1.2626827e+00
   3.3208768e-01  -5.7068423e-02  -1.2900506e+00
   3.4690402e-01  -4.6345772e-03  -1.2560667e+00
   2.8257042e-01  -4.2332397e-02  -1.2599361e+00
   2.8567631e-01   2.8135753e-03  -1.2381515e+00
   5.2130965e-01  -2.4715705e-01  -1.3159331e+00
   2.8936063e-01  -1.3411589e-01  -1.2767899e+00
   3.0746603e-01  -6.9598042e-02  -1.3001965e+00
   2.9583973e-01  -5.3355392e-02  -1.2907541e+00
   2.0600525e-01  -5.0517943e-03  -1.2596884e+00
   2.8081971e-01  -2.6876552e-02  -1.2530751e+00
   2.8827221e-01   2.5659128e-02  -1.3116365e+00
   3.0202402e-01  -2.5283391e-02  -1.3155413e+00
   3.1001762e-01  -1.1503770e-01  -1.2634162e+00
   2.7580713e-01  -9.0645320e-02  -1.2675472e+00
   2.9251643e-01  -1.0267816e-01  -1.1899952e+00
   2.7484177e-01  -4.7070646e-02  -1.3100982e+00
   5.8078683e-01  -2.0309933e-01  -1.3550340e+00
   2.6332480e-01   4.2980055e-01  -1.3162419e+00
   3.6024867e-01   8.7474298e-02  -1.3102014e+00
   1.0861939e+00   1.3470195e+00  -1.2808633e+00
   3.1882320e-01   3.0354133e-02  -1.2789681e+00
   2.4234648e-01  -7.5328876e-03  -1.2782543e+00
   1.4133942e-01   8.9301628e-03  -1.3023892e+00
   3.5154361e-01   1.0259891e-01  -1.2975760e+00
   3.0626825e-01   3.7958782e-01  -1.2550086e+00
