   2.9781298e-01   8.1268131e-02  -1.1685854e+00
   2.5357620e-01  -1.1212004e-01  -1.1572288e+00
   2.7362937e-01  -5.5449635e-02  -1.1615052e+00
   3.0057372e-01  -2.0799929e-02  -1.1877748e+00
   4.3169146e-01  -3.6123104e-01  -1.3156968e+00
   2.6696377e-01  -1.8239849e-01  -1.2688408e+00
   3.2382287e-01  -1.3896505e-01  -1.2274815e+00
   4.3915980e-01  -3.1159439e-03  -1.2803611e+00
   2.6020055e-01  -1.9827386e-01  -1.2589720e+00
   2.8456651e-01  -1.2349186e-01  -1.2995287e+00
   2.8708540e-01  -4.6193269e-02  -1.3239585e+00
   3.0123955e-01  -1.9993856e-01  -1.3007623e+00
   5.8912559e-01  -4.2125866e-01  -1.3371485e+00
   2.6646756e-01  -1.7988999e-01  -1.2719143e+00
   2.8269752e-01  -1.0602257e-02  -1.2410390e+00
   2.8491454e-01  -1.3780064e-01  -1.2396475e+00
   2.8945173e-01  -5.4730026e-02  -1.2597024e+00
   2.7942945e-01  -2.9628072e-02  -1.2932047e+00
   2.9257532e-01  -1.3725899e-01  -1.2927456e+00
   2.6411508e-01  -1.2688298e-01  -1.2600872e+00
   3.0979462e-01  -6.6522513e-02  -1.2925691e+00
   5.4815783e-01  -3.3857075e-01  -1.3274288e+00
   2.0381163e-01  -1.0950241e-02  -1.2777010e+00
   2.9989370e-01  -8.7846861e-02  -1.2466731e+00
   1.2326623e-01   1.3343478e+00  -1.2120257e+00
   2.8754000e-01  -2.8203753e-02  -1.3190912e+00
  -5.2400145e-01   1.0690043e+00  -1.2132675e+00
   3.2485520e-01  -2.4040122e-03  -1.3129493e+00
   1.9155663e-01   2.0023275e-02  -1.2937392e+00
   3.1460951e-01   2.5901521e-02  -1.2569469e+00
   2.9368722e-01  -2.3287002e-02  -1.2785177e+00
   2.8746078e-01   1.5920491e-02  -1.3199559e+00
   3.0517627e-01  -1.1883150e-01  -1.2320581e+00
   2.3378813e-01   4.9796624e-01  -1.2646270e+00
   2.4957430e-01  -1.0819394e-02  -1.2384209e+00
   2.3245803e-01   3.6743882e-02  -1.2534544e+00
   2.7898819e-01  -7.0513024e-02  -1.2501164e+00
   2.8187912e-01  -5.0563654e-02  -1.2213600e+00
   2.9037153e-01  -2.7602193e-03  -1.2051236e+00
   2.5076114e-01  -6.0461338e-02  -1.2135621e+00
   2.7438802e-01  -4.5987216e-02  -1.2551745e+00
   2.6856381e-01  -9.3891056e-02  -1.2510800e+00
   7.4104491e-01   6.6535845e-01  -1.2018630e+00
   1.7984293e+00   2.4452023e+00  -1.0405922e+00
   2.2979673e+00   3.0791899e+00  -9.5791115e-01
   2.3682249e+00   3.3270624e+00  -7.6792311e-01
   5.5898230e-02   9.6136528e-01  -1.2555976e+00
   9.0202860e-02   9.2043738e-01  -1.2441261e+00
   1.3364571e-01   1.0326957e+00  -1.2222243e+00
   1.2860620e-01   1.0206862e+00  -1.2347126e+00
   6.8131342e-01   1.4162312e+00  -1.1970290e+00
   1.1236575e-01   1.1202563e+00  -1.2751766e+00
   3.9734361e-01   6.3905689e-01  -1.2785901e+00
   1.3266572e-01   1.0245339e+00  -1.2668143e+00
   1.1727921e-01   9.2119570e-01  -1.2351432e+00
   9.1262096e-02   9.2188358e-01  -1.2247785e+00
   2.0351264e+00   2.3053378e+00  -1.1204221e+00
   3.0399193e+00   3.0914793e+00  -7.5926927e-01
   1.8765018e-01   7.0599840e-02  -1.2186472e+00
   1.7889829e-01  -1.1990763e-01  -1.2592894e+00
   1.5377850e-01  -1.1974314e-01  -1.2411986e+00
   2.1908465e-01  -8.4803002e-02  -1.2055810e+00
   2.3555542e-01  -1.1543732e-01  -1.2059372e+00
   2.6416958e-01  -1.1938344e-01  -1.1844088e+00
   2.2740176e-01  -1.1003705e-01  -1.2048506e+00
   1.9744260e-01  -4.1656030e-02  -1.2382260e+00
   2.1773574e-01  -3.3574019e-02  -1.2444891e+00
   2.5697570e-01  -1.0428102e-01  -1.2514379e+00
   1.7805585e-01  -9.5310283e-02  -1.2665291e+00
   2.3489779e-01  -1.7933029e-01  -1.2617935e+00
   4.2657563e-01  -3.6935650e-01  -1.2983106e+00
   5.5062779e-01  -4.3336982e-01  -1.2678222e+00
   2.3202578e-01  -1.5413965e-01  -1.2082141e+00
   2.3121179e-01  -1.8165524e-01  -1.1967734e+00
   6.7497711e-01   2.4568420e-01  -1.2999012e+00
   2.2725187e-01  -1.1724292e-01  -1.2640326e+00
   2.7749977e-01  -1.3315149e-01  -1.2554156e+00
   2.2701345e-01  -1.6918619e-01  -1.2604510e+00
   2.4016912e-01  -1.7731949e-01  -1.2502002e+00
   1.4620465e-01   1.2481954e+00  -1.2440089e+00
   2.0751677e-01  -1.8981195e-01  -1.2763406e+00
   2.0789618e-01  -1.8471136e-01  -1.2374137e+00
   2.4507091e-01  -2.2973202e-01  -1.2125606e+00
   2.4687028e-01  -2.4383207e-01  -1.2328742e+00
   1.5256076e-01   2.9946962e-01  -1.1975101e+00
   2.3492379e-01  -1.8653829e-01  -1.1956758e+00
   2.6121903e-01  -2.0233928e-01  -1.2230232e+00
   2.4245822e-01  -1.5713206e-01  -1.1871431e+00
   5.8547000e-01  -3.4649556e-02  -1.2375933e+00
   1.6888281e-01   9.5803804e-02  -1.1836501e+00
   2.1031699e-01  -2.1130579e-02  -1.2470581e+00
   2.2479080e-01  -4.7926772e-02  -1.2586065e+00
   2.8065908e-01  -7.1461267e-03  -1.2220836e+00
   2.2229260e-01  -7.7647059e-02  -1.2418361e+00
   2.0841719e-01  -8.0608279e-02  -1.2114981e+00
   2.4607644e-01  -2.5759988e-02  -1.2320503e+00
   2.4727758e-01  -6.4928858e-02  -1.1990911e+00
   2.5587148e-01  -8.9229269e-02  -1.1963802e+00
   2.4144787e-01  -4.0239435e-02  -1.2305967e+00
   6.2970059e-01   3.8885975e-01  -1.3127968e+00
   8.1902745e-02   1.6549122e-01  -1.2294913e+00
   1.2425967e-01   6.9060274e-01  -1.1725534e+00
   2.5368370e-01  -4.8619020e-02  -1.1972459e+00
   2.5933971e-01  -8.6403788e-02  -1.2023945e+00
   8.6669567e-01   5.6138617e-01  -1.2251268e+00
   1.2509683e-01   6.4855033e-03  -1.2105596e+00
   5.1967783e-01  -4.0287187e-01  -1.2471006e+00
   2.2119986e-01  -1.0012137e-01  -1.2172970e+00
   2.6863774e-01  -1.1552211e-01  -1.2032306e+00
   2.2492509e-01  -1.0860550e-01  -1.2298051e+00
   2.9237489e-01   4.9991582e-01  -1.1962350e+00
   2.4449592e-01  -1.2079145e-01  -1.2272389e+00
   2.4637987e-01  -1.3486346e-01  -1.2092281e+00
   2.3348256e-01  -1.8320743e-01  -1.2219060e+00
   2.5611440e-01  -1.8779483e-01  -1.1861352e+00
   2.9951718e-01  -2.3126285e-01  -1.2061358e+00
   2.1323521e-01  -1.1121200e-01  -1.2139852e+00
   2.6212789e-01  -1.5740549e-01  -1.2176099e+00
   7.8091456e-01  -7.1823582e-01  -1.3097558e+00
   2.0837552e-01  -1.5871445e-01  -1.2126318e+00
   1.2319216e-01  -1.1694883e-01  -1.2321239e+00
   4.3510827e-01   1.6768047e-01  -1.2085353e+00
   2.3417308e-01  -1.5648546e-01  -1.2134255e+00
   2.6084170e-01  -1.3308181e-01  -1.2221366e+00
   2.8475729e-01  -9.9882956e-02  -1.2174997e+00
   2.3788535e-01   5.3179732e-02  -1.2186010e+00
   2.4144851e-01  -1.8097810e-01  -1.2113332e+00
   5.3662220e-01  -3.7288580e-01  -1.2336622e+00
  -1.6807910e-01   2.3949715e+00  -9.9743215e-01
   2.7404526e-01  -1.2318552e-01  -1.2277887e+00
   2.5998355e-01  -1.3953731e-01  -1.1858898e+00
   2.7318067e-01  -8.2530545e-02  -1.2456301e+00
   2.6758159e-01  -8.5247354e-02  -1.1809690e+00
  -2.6282185e-01   2.2795371e+00  -1.0172673e+00
   1.8379001e-01   1.1481432e+00  -1.1215024e+00
   2.2206533e-01   9.9033312e-01  -1.1927552e+00
   2.3882538e-01   9.6133354e-01  -1.2013481e+00
   2.4578548e-01   9.5622249e-01  -1.2031652e+00
   3.4320703e-01   1.3755523e+00  -1.1937364e+00
   4.3698770e-01   1.7320419e+00  -1.1814741e+00
  -3.1007472e-01   2.2761788e+00  -1.2244421e+00
  -2.7394266e-01   4.2275218e+00  -1.0094768e+00
   5.6262516e-01   1.4417251e+00  -1.1144845e+00
   2.7718854e-01   7.4499993e-01  -1.2065209e+00
   2.3960922e-01   8.3037370e-01  -1.2025088e+00
   5.2759238e-01   1.9964444e+00  -1.0722946e+00
   2.7263246e-01   3.3571096e-01  -1.2105886e+00
   1.9342122e-01   3.6611594e-01  -1.2462837e+00
   2.1363589e-01   2.4488325e-01  -1.2184887e+00
   1.4547214e-01   1.3781188e-01  -1.1962113e+00
   2.6864275e-01   7.4030001e-02  -1.2024298e+00
   2.7178432e-01   2.8537022e-02  -1.1988856e+00
   3.1572551e-01  -2.8796231e-03  -1.2333414e+00
   3.2860932e-01   2.8990723e-01  -1.2183359e+00
