   2.6887283e-01   8.2528119e-02  -1.1627749e+00
   2.5310930e-01   1.9585087e-02  -1.1762060e+00
   2.2522211e-01  -2.8482155e-02  -1.1928491e+00
   2.5924838e-01  -5.5231902e-02  -1.1696427e+00
   2.7497196e-01   3.3629074e-02  -1.2939813e+00
   2.1585779e-01  -9.6244163e-02  -1.2843828e+00
   1.0074131e-01   4.7128023e-02  -1.2863121e+00
   2.5832591e-01  -1.4635067e-02  -1.2869476e+00
   2.2401581e-01  -1.1111248e-01  -1.2854334e+00
   2.5833622e-01  -3.3110446e-02  -1.2727092e+00
   2.6340202e-01  -9.6460718e-02  -1.2860491e+00
   5.1854401e-01  -3.2057013e-01  -1.3368242e+00
   2.4914176e-01  -7.8774964e-02  -1.2989495e+00
   2.8030420e-01  -5.1848124e-02  -1.2841784e+00
   2.5762550e-01  -8.4146387e-02  -1.2241915e+00
   2.6926085e-01   4.6271819e-02  -1.1627499e+00
   2.6556108e-01  -1.8542921e-02  -1.1805343e+00
   3.8064947e-01   1.8265644e+00  -1.0162524e+00
  -1.5088985e-01   3.0814445e+00  -7.7937374e-01
   1.0496375e-01   1.0531708e+00  -1.1353624e+00
   5.9274956e-02   1.0795012e+00  -1.1897901e+00
   2.1041995e-01   9.8254582e-01  -1.2161242e+00
   8.5070935e-02   1.1773622e+00  -1.2134741e+00
   1.0359250e-01   1.0866674e+00  -1.1632378e+00
   3.5812985e-01   7.7808820e-01  -1.2345476e+00
   8.7299574e-02   1.0776119e+00  -1.1676160e+00
   6.3652147e-02   1.1056752e+00  -1.2090718e+00
   1.0411272e-01   1.3786796e+00  -1.0646824e+00
  -3.1106257e-01   5.8577515e-01  -1.1429770e+00
   1.3445519e-01  -2.7183403e-02  -1.1973091e+00
   1.5516930e-01  -1.4589143e-02  -1.1773292e+00
   1.2452531e-01  -5.1991476e-02  -1.2034104e+00
   1.8987654e-01  -1.1511773e-02  -1.1985833e+00
   1.9413127e-01  -4.3191799e-02  -1.2185768e+00
   2.1729439e-01  -9.3128038e-02  -1.2154459e+00
   2.5864723e-01  -8.6361008e-02  -1.2079783e+00
   2.3275252e-01  -5.2108758e-02  -1.2302118e+00
   2.0932872e-01  -1.1387141e-01  -1.2471111e+00
   2.2773275e-01  -1.4960701e-01  -1.1950994e+00
   2.6165606e-01  -2.1675057e-01  -1.2125226e+00
   2.3232577e-01  -1.7305117e-01  -1.2200440e+00
   2.2391730e-01  -1.8471212e-01  -1.1952108e+00
   2.3359640e-01  -1.4053799e-01  -1.2356846e+00
   2.5409315e-01  -1.6014346e-01  -1.2326277e+00
   4.4827493e-01  -3.1907775e-01  -1.2904401e+00
   2.2322830e-01  -1.4495459e-01  -1.2240116e+00
   2.3477925e-01  -1.6230127e-01  -1.1828388e+00
   2.2391107e-01  -1.4060352e-01  -1.2193406e+00
   2.0593514e-01  -1.6130064e-01  -1.2120565e+00
   2.3113509e-01  -1.1875639e-01  -1.1794866e+00
   2.4600687e-01  -7.4906026e-02  -1.1466195e+00
   2.2122720e-01  -1.3799302e-01  -1.1957398e+00
   2.0222759e-01  -1.1913922e-01  -1.2281423e+00
   3.0668516e-01  -2.1175323e-01  -1.1999012e+00
   6.4186245e-01  -4.8989520e-01  -1.2848935e+00
   2.3063017e-01  -1.1750933e-01  -1.2327325e+00
   2.0018659e-01  -5.7327909e-02  -1.2367327e+00
   2.2198816e-01  -1.5886772e-01  -1.2153961e+00
   2.1349294e-01  -1.3993164e-01  -1.2090726e+00
   2.1455656e-01  -7.4242968e-02  -1.2464195e+00
   2.0866066e-01  -1.3843926e-01  -1.2078921e+00
   2.2058342e-01  -1.2254126e-01  -1.2290625e+00
   2.1746997e-01  -1.5608874e-01  -1.2298169e+00
   2.1884276e-01  -1.6657383e-01  -1.2538707e+00
   1.9099152e-01  -1.7177743e-01  -1.2473444e+00
   2.2392714e-01  -1.1972382e-01  -1.2349766e+00
   2.4929764e-01  -1.8215968e-01  -1.2473332e+00
  -1.6755977e-03  -1.7603304e-01  -1.2785005e+00
   1.7694234e-01  -9.2262018e-02  -1.2195083e+00
   6.9660957e-01  -5.5744637e-01  -1.3316534e+00
   2.0910722e-01  -1.2958413e-01  -1.2024578e+00
   2.6761997e-01  -7.8827196e-02  -1.2289387e+00
   4.9486899e-01  -3.4082865e-01  -1.2619764e+00
   2.2428493e-01  -2.0325198e-01  -1.1961850e+00
   2.5927189e-01  -1.5604908e-01  -1.2041033e+00
   2.5263839e-01  -7.0977873e-02  -1.2628923e+00
   2.9455878e-01  -6.8642810e-02  -1.2763927e+00
   2.2923943e-01  -2.0089524e-01  -1.2276264e+00
   2.3202053e-01  -4.1035539e-02  -1.2174050e+00
   2.5257300e-01  -1.2013415e-01  -1.2516610e+00
   2.7795606e-01  -1.3357929e-01  -1.2408342e+00
   2.3433531e-01  -1.2090450e-01  -1.2696381e+00
   2.4730330e-01  -1.6442931e-01  -1.2729317e+00
   2.7451975e-02  -3.1099566e-01  -1.2681188e+00
   2.0782679e-01  -1.6379941e-01  -1.2229769e+00
   2.0595337e-01  -1.1367694e-01  -1.2046032e+00
   2.1696819e-01  -1.0456433e-01  -1.2177806e+00
   4.4249699e-01  -3.8875135e-01  -1.2748748e+00
   1.9054752e-01  -2.0811168e-01  -1.2245413e+00
   2.2420262e-01  -1.7236395e-01  -1.2166092e+00
   2.5835747e-01  -1.7912953e-01  -1.1700388e+00
   2.2949844e-01  -1.4553912e-01  -1.1800050e+00
   2.2039663e-01  -1.1058924e-01  -1.2070355e+00
   2.1202916e-01  -1.8310601e-01  -1.2029507e+00
   2.2135953e-01  -1.7379621e-01  -1.1906951e+00
   2.0185177e-01  -1.7278577e-01  -1.2377423e+00
   2.3374912e-01  -1.2725988e-01  -1.2409123e+00
   5.0420805e-01  -3.2256057e-01  -1.2592998e+00
   2.2109885e-01  -2.5403846e-01  -1.2253744e+00
   2.2006987e-01  -2.2103691e-01  -1.2544956e+00
   2.1686010e-01  -1.8871746e-01  -1.2111450e+00
   2.4254226e-01  -6.8640015e-02  -1.1964671e+00
   4.7544312e-01  -4.0503919e-01  -1.2861928e+00
   2.1319593e-01  -1.3674241e-01  -1.2289194e+00
   2.2180137e-01  -1.9173375e-01  -1.1838832e+00
   3.0093479e-01   1.0650058e+00  -1.1661623e+00
  -1.3242292e-01   1.1301797e+00  -1.1262166e+00
   2.0761778e-01  -7.6134022e-02  -1.2103004e+00
   2.2194042e-01  -5.2252626e-02  -1.2083052e+00
   1.0146114e-01   1.4084393e-01  -1.2173241e+00
   2.0594218e-01  -9.7844409e-02  -1.2175568e+00
   1.8538701e-01  -1.5305052e-01  -1.2104765e+00
   4.9128619e-01  -3.1707425e-01  -1.2662765e+00
   1.9975161e-01  -9.5652797e-02  -1.1706842e+00
   2.2877099e-01  -1.5129184e-01  -1.1662558e+00
   2.0622171e-01  -1.4960818e-01  -1.2055866e+00
   2.1221950e-01  -1.7850587e-01  -1.2215430e+00
   2.1696218e-01  -1.2342434e-01  -1.2340411e+00
   2.0905056e-01  -1.5961746e-01  -1.2101537e+00
   2.4352075e-01  -1.9786239e-01  -1.2251224e+00
   2.2147942e-01  -1.4271548e-01  -1.2677319e+00
   2.2895441e-01  -2.1547996e-01  -1.2394097e+00
   2.9561394e-01  -2.4851866e-01  -1.1664935e+00
   5.5953723e-01  -4.4360944e-01  -1.2610169e+00
   2.5066166e-01  -9.6512705e-02  -1.1986288e+00
   1.9490349e-01  -1.6483156e-01  -1.1863213e+00
   1.9265613e-01  -2.3411983e-01  -1.1863268e+00
   2.0481212e-01  -2.0466680e-01  -1.1838629e+00
   2.2800169e-01  -1.1137878e-01  -1.2256265e+00
   4.2383146e-01  -3.2095077e-01  -1.2768157e+00
   2.0507100e-01  -5.8175605e-02  -1.2120068e+00
   2.2189114e-01  -7.3857193e-02  -1.2233717e+00
   1.8744683e-01  -1.8891093e-01  -1.2032641e+00
   2.0115685e-01  -1.2223148e-01  -1.1890026e+00
   2.4259225e-01  -5.8728561e-02  -1.2004054e+00
   2.0290264e-01  -1.3892399e-01  -1.2111351e+00
   1.4420568e-01  -1.3366906e-01  -1.2145771e+00
   1.9299538e-01   1.1431092e-03  -1.2199565e+00
   2.0378876e-01  -1.3056112e-01  -1.2018056e+00
   5.0366545e-01  -3.6414082e-01  -1.2606679e+00
   2.0279478e-01  -1.2549942e-01  -1.2033724e+00
   2.4231723e-01  -1.2475909e-01  -1.2364544e+00
   2.1375671e-01  -1.2861210e-01  -1.2103462e+00
   1.9132622e-01  -1.8590955e-01  -1.2093529e+00
   4.2927027e-01   7.3663403e-01  -1.2153822e+00
   1.9472596e-01  -5.9237119e-03  -1.2587990e+00
   2.4304162e-01   5.8931620e-02  -1.2427961e+00
   1.8474590e-01   5.5340552e-01  -1.1982519e+00
   2.1920400e-01  -2.2666943e-01  -1.2046455e+00
   2.1710691e-01  -1.4610684e-01  -1.2176526e+00
   2.7715629e-01   1.9001823e-02  -1.2476665e+00
   5.4822799e-01  -3.6286982e-01  -1.2420970e+00
   2.5704117e-01   8.9832305e-01  -1.1389083e+00
   2.3440684e-01   2.2445994e-03  -1.2164445e+00
