   3.3081315e-01   2.0912250e-01  -1.1332840e+00
   3.4860798e-01   2.2982496e-01  -1.1276806e+00
   3.8769192e-01   2.3041570e-01  -1.1190042e+00
   3.9824837e-01   1.8707982e-01  -1.1420872e+00
   3.7506494e-01   6.3331200e-02  -1.2482136e+00
   3.5285174e-01   1.1293970e-01  -1.2534468e+00
   5.9632444e-01  -1.4257668e-01  -1.2625512e+00
   3.7429984e-01   2.0723292e-01  -1.2565802e+00
   3.5578171e-01   1.6454442e-01  -1.2589042e+00
   3.2865727e-01   6.5746613e-02  -1.2621035e+00
   3.0356649e-01   1.3424467e-01  -1.2474468e+00
   3.3763469e-01   8.4092024e-02  -1.2121433e+00
   3.5084494e-01   8.3678161e-02  -1.2309691e+00
   3.2365813e-01   1.1129056e-01  -1.2676493e+00
   3.6033987e-01   1.0459607e-01  -1.2245165e+00
   3.1559723e-01   2.2088586e-01  -1.1357804e+00
   3.3422764e-01   1.2420076e-01  -1.2018570e+00
   2.9941353e-01   1.6358508e-01  -1.2068869e+00
   3.2102428e-01   1.7175414e-01  -1.1792662e+00
   7.7387395e-01  -3.5696175e-01  -1.2843902e+00
   3.2774131e-01   1.3956656e+00  -1.0430648e+00
  -3.0011479e-01   2.7930233e+00  -8.0318172e-01
   3.2741460e-01   1.5189047e+00  -1.1096007e+00
   2.2525078e-01   1.0611063e+00  -1.0324151e+00
   2.7705496e-01   1.2584252e-01  -1.1265318e+00
   3.0613402e-01   4.8699019e-01  -1.1007635e+00
  -6.3942839e-01   2.3166030e+00  -9.9317289e-01
   1.5098351e-01   4.0172702e+00  -4.0364802e-01
   2.3587682e-01   2.8226243e+00  -9.0445087e-01
   1.6486853e-01   1.8240947e+00  -9.8974270e-01
  -3.1863064e-01   2.0352846e+00  -1.0116800e+00
  -6.9119882e-01   2.6229690e+00  -9.3873047e-01
   1.1599503e-01   2.5121980e+00  -8.9498416e-01
   3.9533103e-02   2.0449108e+00  -1.0569396e+00
  -2.6393174e-02   1.4649154e+00  -1.1773282e+00
   1.8952732e-01   1.2435872e+00  -1.2105223e+00
  -1.6571126e-02   1.4752458e+00  -1.1688267e+00
  -5.4071543e-02   1.4472403e+00  -1.1988808e+00
   2.2457533e-02   1.5062920e+00  -1.2260883e+00
  -9.8306058e-03   1.4048992e+00  -1.2269485e+00
   4.1566629e-02   5.1568837e-01  -1.2379323e+00
   2.6103343e-02  -1.9166384e-01  -1.1983416e+00
  -9.3550606e-03  -2.5813969e-01  -1.1841384e+00
   6.5932293e-03  -3.3171918e-01  -1.2403558e+00
  -1.2930230e-02  -2.6230961e-01  -1.2064740e+00
  -4.4642051e-02  -4.0204267e-01  -1.1904525e+00
   4.7603716e-02  -2.4504907e-01  -1.2118497e+00
   3.2620948e-02  -2.7989547e-01  -1.2039501e+00
   2.2933752e-02  -2.8103468e-01  -1.2263424e+00
   1.5161736e-01  -1.1166510e-01  -1.2231737e+00
   2.8577700e-01  -6.0308335e-01  -1.2257859e+00
   2.9560774e-01   9.4833431e-01  -1.1364950e+00
  -1.2096042e-01   2.3746862e+00  -8.7015650e-01
   2.0634124e-01  -3.8625198e-01  -1.0804009e+00
   1.3920689e-01  -1.3435872e+00  -1.1735538e+00
   1.1947340e-01  -1.3098299e+00  -1.1993866e+00
   1.8196670e-01  -1.3137749e+00  -1.2344886e+00
   1.7091511e-01  -1.3841430e+00  -1.2139008e+00
   1.7939309e-01  -2.5084281e-01  -1.2175082e+00
   1.7623325e-01  -1.3970075e-03  -1.2405599e+00
   1.8035015e-01  -3.9108770e-02  -1.2394595e+00
   1.7110629e-01  -1.0610777e-02  -1.2637006e+00
   1.8602254e-01  -4.3911114e-02  -1.2376012e+00
   4.6829259e-01  -3.3655533e-01  -1.2478942e+00
   3.9742471e-01  -9.0298103e-02  -1.2559201e+00
   1.6990474e-01   3.3203085e+00  -8.1976893e-01
   1.8946779e-01   2.9210678e+00  -8.5868404e-01
   6.1758240e-01   7.7475348e-01  -1.0741360e+00
   1.9358160e-01   7.7682204e-02  -1.1781708e+00
   1.8410992e-01   4.2881707e-03  -1.2084155e+00
   2.3723878e-01   5.6251015e-03  -1.1981165e+00
   2.0879147e-01  -8.4629504e-03  -1.2089545e+00
   1.9845524e-01  -2.3281906e-02  -1.2485327e+00
   1.7701221e-01  -8.0314939e-02  -1.2235549e+00
   1.9996279e-01  -9.0374546e-02  -1.2400063e+00
   3.9634552e-01   3.7737573e-02  -1.2783820e+00
   2.0907388e-01  -1.7497539e-02  -1.2864793e+00
   2.3955231e-01  -1.8880194e-02  -1.2615076e+00
   7.6757094e-01  -5.8100467e-01  -1.3434492e+00
   2.3955941e-01  -1.3691412e-01  -1.2480639e+00
   2.3487182e-01  -1.3490313e-01  -1.2484436e+00
   2.0882555e-01  -1.1140148e-01  -1.2567869e+00
   2.2722733e-01  -7.0835095e-02  -1.2659727e+00
   2.1652535e-01  -1.1133528e-01  -1.2780548e+00
   2.2183635e-01  -8.5656318e-02  -1.2327966e+00
   2.6082656e-01  -1.3106742e-01  -1.1972844e+00
   2.4503265e-01  -1.4130615e-01  -1.1881260e+00
   2.2294407e-01  -9.0949591e-02  -1.2267472e+00
   2.0489745e-01  -5.8248692e-02  -1.2267797e+00
   2.0893719e-01  -4.8299317e-02  -1.2295402e+00
   5.0410018e-01  -3.5223572e-01  -1.3106714e+00
   2.5529552e-01  -6.4595712e-02  -1.2621010e+00
   2.4070996e-01  -1.3739705e-01  -1.2303643e+00
   2.3341141e-01  -1.1933139e-01  -1.2398565e+00
   2.1333164e-01  -9.9208195e-02  -1.2550212e+00
   2.2359463e-01  -1.4227669e-01  -1.2339345e+00
   2.9017985e-01  -1.0739912e-01  -1.2904572e+00
   2.2822454e-01  -1.3583825e-01  -1.2600850e+00
   5.2984899e-01  -3.7269301e-01  -1.3214169e+00
   2.4420793e-01  -1.3260139e-01  -1.2748580e+00
   3.1510154e-01  -1.0520559e-02  -1.2422043e+00
   2.3842802e-01  -1.0661650e-02  -1.2398195e+00
   2.4343550e-01  -5.9670543e-02  -1.2838810e+00
   2.3574903e-01  -1.3519150e-01  -1.2579099e+00
   2.3990503e-01  -1.0632875e-01  -1.2252322e+00
   2.5051250e-01  -1.0643289e-01  -1.2208896e+00
   9.4408635e-01  -6.9459765e-01  -1.3693113e+00
   2.1846065e-01  -8.8715067e-02  -1.2277970e+00
   2.1739075e-01  -2.2990325e-02  -1.2299372e+00
   2.2276541e-01  -1.7888098e-02  -1.2319619e+00
   2.5427025e-01   2.9647164e-03  -1.2204424e+00
   2.5008163e-01  -9.1018482e-03  -1.2466571e+00
   2.3596146e-01   5.6235239e-04  -1.2029729e+00
   2.2497078e-01  -2.8924255e-02  -1.2203884e+00
   2.3397255e-01   2.4852850e-02  -1.2373387e+00
   2.3136448e-01   6.7141479e-02  -1.2568904e+00
   5.5407846e-01  -2.6376399e-01  -1.2827385e+00
   5.2335611e-01  -3.1446903e-01  -1.3489805e+00
   2.4565345e-01  -5.2577302e-02  -1.2639684e+00
   4.6964642e-01  -2.0349704e-01  -1.2973010e+00
   2.6264379e-01  -3.7454298e-03  -1.2600603e+00
   2.5474502e-01   7.1932517e-02  -1.2222793e+00
   2.3754142e-01  -4.9517155e-02  -1.2173637e+00
   2.3564938e-01   2.4813521e-02  -1.2735013e+00
   2.7108200e-01  -2.2347892e-02  -1.2673752e+00
   5.0403599e-01  -2.9997055e-01  -1.2886714e+00
   2.4758095e-01  -3.7703764e-02  -1.2147847e+00
   2.3506413e-01  -1.0320806e-02  -1.2414550e+00
   2.7385598e-01   1.1065899e-02  -1.2150287e+00
   2.8720097e-01   1.2693998e-01  -1.2217425e+00
   2.5307705e-01  -5.5495955e-02  -1.2059581e+00
   2.3982668e-01   2.7032399e-02  -1.2015162e+00
   5.2421375e-01  -2.6235246e-01  -1.2658411e+00
   2.7230029e-01  -2.0504897e-02  -1.2600582e+00
   2.4144954e-01   5.3995002e-02  -1.2444081e+00
   3.2210202e-01   1.7461749e-02  -1.2152817e+00
   2.5184591e-01   4.0098161e-02  -1.2251693e+00
   2.1235708e-01   1.5915347e-02  -1.2355730e+00
   2.9077550e-01   2.5685232e-01  -1.2216847e+00
   6.0966739e-01  -2.9548564e-01  -1.2837934e+00
   5.4632655e-01  -3.2490631e-01  -1.2847360e+00
   2.3977542e-01  -3.5489374e-02  -1.2023104e+00
   2.7524408e-01   3.3771571e-02  -1.1821986e+00
   3.0224841e-01   1.2121393e-01  -1.2147363e+00
   2.8887856e-01   7.2739530e-01  -1.2573307e+00
   2.5418513e-01   7.3485688e-02  -1.2388699e+00
   2.8168123e-01   2.6386961e-02  -1.2308393e+00
   5.9405083e-01  -2.5660691e-01  -1.2998980e+00
   2.2717636e-01  -5.0940129e-02  -1.2174194e+00
   2.2411557e-01  -4.4304745e-02  -1.2252302e+00
   2.7260520e-01   9.3835043e-02  -1.2266838e+00
   2.3505953e-01  -5.0631091e-02  -1.2433171e+00
   2.5366700e-01  -3.6445444e-02  -1.2430831e+00
   2.4188653e-01   2.2237425e-01  -1.1992969e+00
