   2.7903244e-01  -9.1437398e-02  -1.1711295e+00
   4.3555195e-01  -3.0170647e-01  -1.2267369e+00
   1.1584499e+00   2.8577982e-01  -1.1495207e+00
   2.2653827e-01  -1.1823413e-01  -1.1453779e+00
   5.9599294e-02  -1.5445066e-01  -1.2412218e+00
  -6.7452133e-02   1.1612474e+00  -1.2073740e+00
   1.3207516e-01   6.7058485e-01  -1.1583877e+00
   2.0470588e-01   1.0379797e-01  -1.2139588e+00
   2.0802507e-01   4.4588412e-02  -1.2312782e+00
   1.9367275e-01   6.3237974e-02  -1.2404394e+00
   2.3517160e-01   3.0593943e-02  -1.2399819e+00
   1.9534628e-01   3.6806783e-02  -1.2499861e+00
   2.4968052e-01   1.5212959e-02  -1.2280770e+00
   1.9190948e-01   5.9554705e-03  -1.2532291e+00
   1.5176848e-01   9.8309844e-02  -1.2262359e+00
   2.1354832e-01   2.5492426e-03  -1.2122014e+00
   1.8926445e-01  -3.1737785e-02  -1.2359793e+00
   2.0896217e-01   5.8764502e-02  -1.2545560e+00
   1.8729848e-01  -7.1706259e-02  -1.2442216e+00
   5.4061705e-01  -3.3268028e-01  -1.1648750e+00
   2.4629179e-01  -9.3380460e-03  -1.2240404e+00
   2.8461185e-01   1.3702447e-02  -1.2112504e+00
   2.1314112e-01  -8.1110138e-02  -1.2289016e+00
   1.9786867e-01  -4.0205792e-02  -1.2203894e+00
   2.1429075e-01   1.7350957e-02  -1.2262212e+00
   2.1210854e-01  -3.3443298e-02  -1.2158945e+00
   2.0417658e-01  -6.2505904e-02  -1.2331892e+00
   5.5064804e-01  -3.3150415e-02  -1.2507725e+00
   2.2096449e-01  -2.9341236e-03  -1.2075167e+00
   2.0093995e-01   1.9158651e-02  -1.2423020e+00
   2.1979685e-01   8.2410489e-02  -1.2216822e+00
   2.0654081e-01   4.6798790e-02  -1.2085976e+00
   2.1862422e-01   2.7530429e-02  -1.2849649e+00
   2.3422404e-01  -2.8533186e-02  -1.2364879e+00
   2.5540551e-01  -4.8923015e-02  -1.2496821e+00
   2.1736858e-01   5.5708684e-02  -1.2288773e+00
   2.3370754e-01   4.6254284e-02  -1.1803007e+00
   4.2274198e-01  -1.1937994e-01  -1.2585372e+00
   6.1535112e-01   7.8177698e-01  -1.1235057e+00
  -4.8119855e-01   9.5163317e-01  -1.1447652e+00
   2.3021271e-01   7.5756815e-02  -1.2065509e+00
   2.2621359e-01   2.2573328e-02  -1.2017720e+00
   2.7226593e-01   2.2801404e-02  -1.2027900e+00
  -2.7313195e-01   2.8927284e+00  -7.9981679e-01
   8.8991426e-01   2.4087424e+00  -9.5219695e-01
   2.8442235e-01   6.9055527e-01  -1.0325369e+00
   2.2853147e-01   6.2648370e-02  -1.1530395e+00
   2.0699505e-01   1.1961817e-01  -1.1989919e+00
   1.6469767e-01   2.3433887e-01  -1.1708837e+00
   2.2796870e-01   8.6711435e-02  -1.1502330e+00
   2.4674329e-01   2.7313957e-02  -1.2086362e+00
   2.1398242e-01   8.7423652e-02  -1.2399038e+00
   2.2967795e-01   8.1488440e-02  -1.1929485e+00
   2.1699725e-01   4.1336825e-02  -1.2023324e+00
   2.4120912e-01   8.9669400e-02  -1.2069204e+00
   2.7617841e-01   6.6672213e-02  -1.1667423e+00
   4.1084454e-01  -1.3785183e-01  -1.2343899e+00
   2.3571453e-01  -3.2431232e-02  -1.2404865e+00
   2.3397378e-01  -9.7084503e-03  -1.2201708e+00
   2.4962261e-01  -7.8225402e-03  -1.2225579e+00
   2.2789781e-01  -5.6871048e-02  -1.2256681e+00
   2.5792717e-01  -5.1157355e-02  -1.1960844e+00
   2.4458375e-01  -4.0894999e-02  -1.2481807e+00
   2.3067622e-01  -3.6132297e-02  -1.2629980e+00
   2.3151476e-01  -8.0224444e-02  -1.2408882e+00
   2.2984973e-01  -1.3047328e-02  -1.2431065e+00
   2.4807399e-01  -1.3444211e-02  -1.2086156e+00
   4.8088419e-01  -2.4707228e-01  -1.2573578e+00
   2.2437855e-01  -5.9930308e-02  -1.2414118e+00
   2.6904707e-01  -9.6883258e-02  -1.1897737e+00
   3.0076352e-01  -5.3302142e-02  -1.2103547e+00
   2.1983484e-01   3.1920735e-02  -1.2508157e+00
   2.7726225e-01  -1.3124101e-02  -1.2345646e+00
   2.5511440e-01   1.0442599e-02  -1.2394305e+00
   4.6027607e-01  -2.7320901e-01  -1.3135010e+00
   2.6172118e-01  -7.4038296e-02  -1.2861122e+00
   2.8347828e-01  -2.6954949e-02  -1.2542126e+00
   3.0556808e-01   6.3725768e-02  -1.2620405e+00
   2.9978204e-01  -1.1181616e-02  -1.2464982e+00
   3.1433981e-01  -2.8029141e-02  -1.2613549e+00
   3.3095296e-01  -3.5760969e-02  -1.2358661e+00
   2.9855861e-01  -2.8604172e-02  -1.2310376e+00
   2.6200816e-01   1.1589189e-02  -1.2696470e+00
   2.8518440e-01  -1.5562858e-03  -1.2789159e+00
   2.5726487e-01  -1.8110831e-02  -1.2500435e+00
   2.6203419e-01  -6.4301531e-02  -1.2148218e+00
   5.1721005e-01  -2.8744564e-01  -1.2635027e+00
   2.8844913e-01  -9.7399431e-02  -1.2294197e+00
   2.7274601e-01  -1.0385866e-01  -1.2152976e+00
   3.2351991e-01   2.0222670e-02  -1.2462541e+00
  -1.4623038e-01  -5.9700655e-01  -1.2909849e+00
   2.7155435e-01  -1.5799713e-01  -1.3026930e+00
   1.6765414e-01  -1.9015656e-01  -1.2566179e+00
   2.8901963e-01  -4.7973876e-02  -1.2254165e+00
   5.2776702e-01   6.0270328e-01  -1.1791498e+00
  -4.7243886e-01   3.6546900e+00  -7.9002673e-01
  -5.9404010e-01   3.2487028e+00  -6.6455831e-01
  -7.6941735e-01   1.9319751e+00  -9.3907014e-01
  -3.7830504e-01   2.7104780e+00  -8.6748161e-01
   2.0332558e-01   1.6152421e+00  -1.1130169e+00
   2.6390579e-01   1.1526101e+00  -1.1729086e+00
   2.4713485e-01   1.1512142e+00  -1.1933868e+00
   2.4657690e-01   1.1117409e+00  -1.1560505e+00
   3.6300687e-01   6.8576917e-01  -1.0454537e+00
   3.2882448e-01   4.3099921e-01  -1.0978096e+00
   5.4563364e-01  -5.7399984e-02  -1.2258858e+00
   3.0145157e-01   1.3420411e-01  -1.2065830e+00
   3.3028843e-01   1.7638296e-01  -1.2123402e+00
   3.6030521e-01   7.8075588e-02  -1.1889680e+00
   3.1496213e-01   2.1160120e-01  -1.2343166e+00
   3.1710777e-01  -4.0582117e-02  -1.2670497e+00
   3.0055921e-01   5.5687565e-02  -1.2736027e+00
   2.8534759e-01   7.0442307e-02  -1.2185324e+00
   3.0270781e-01   6.2712731e-02  -1.2516642e+00
   2.8573953e-01   9.0823519e-02  -1.3083678e+00
   2.9856500e-01   1.2286289e-01  -1.2574263e+00
   3.1386808e-01   1.1275649e-01  -1.2169421e+00
   4.8387303e-01  -1.8989305e-01  -1.2926309e+00
   3.0418144e-01   1.3853709e-02  -1.2380663e+00
   2.6448894e-01   4.9694885e-03  -1.2328258e+00
   3.1761909e-01   4.3605501e-02  -1.2173686e+00
   2.9262762e-01  -1.5772408e-03  -1.1984291e+00
   3.0550500e-01  -9.8704394e-03  -1.2032052e+00
   3.1086451e-01  -5.2713037e-03  -1.2330410e+00
   3.3911878e-01  -1.3958767e-05  -1.2221551e+00
   3.1111602e-01   4.7137660e-02  -1.2342762e+00
   3.1809837e-01   5.1564913e-02  -1.2437635e+00
   4.2265799e-01  -1.9781507e-01  -1.3043992e+00
   3.4330573e-01  -9.2337899e-02  -1.2393352e+00
   3.6642115e-01   7.3621018e-02  -1.2478942e+00
   3.3199301e-01   1.9892679e-02  -1.2494957e+00
   3.3961336e-01  -9.9697726e-02  -1.2332378e+00
   3.4173089e-01  -6.1587090e-02  -1.2940523e+00
   5.9418785e-01  -2.7419929e-01  -1.3106338e+00
   3.3923196e-01  -3.3416508e-02  -1.2307143e+00
   3.2443723e-01  -9.5940105e-02  -1.2268238e+00
   3.1977192e-01  -5.3900624e-02  -1.2432058e+00
   3.0218124e-01  -1.5277840e-02  -1.2501217e+00
   2.1874731e-01   1.6838032e-01  -1.2458978e+00
   3.4173971e-01   4.2481827e-03  -1.2314622e+00
   3.5484176e-01   8.8011505e-03  -1.2569160e+00
   3.3586845e-01   5.7297791e-03  -1.2532323e+00
   3.5993687e-01   1.0009030e-02  -1.2306801e+00
   5.3012173e-01  -2.3940144e-01  -1.2648741e+00
   3.3332718e-01   1.8892820e-02  -1.2385875e+00
   1.9456523e-01   2.4995885e-01  -1.2586316e+00
   4.9708846e-01   3.0983663e-01  -1.2404411e+00
   1.9251848e-01   2.5611240e-01  -1.2433977e+00
   3.5557748e-01   4.3023027e-02  -1.2390047e+00
   3.3902535e-01   3.3411140e-02  -1.2752710e+00
   3.3614022e-01   5.3311909e-02  -1.2774461e+00
   3.4982316e-01   6.3737885e-03  -1.2687990e+00
   3.8839465e-01   1.3428230e-01  -1.2784782e+00
   2.6484261e-01   1.7459859e-01  -1.2111727e+00
