   1.0181983e-01  -3.2467939e-01  -1.1479234e+00
   9.9094082e-02  -2.5661478e-01  -1.1379261e+00
   1.5036007e-01  -3.0583452e-01  -1.0984632e+00
   1.4657225e-01  -3.6050387e-01  -1.0976622e+00
   4.6326599e-01  -6.4658507e-01  -1.2854940e+00
   4.0863147e-02  -4.2309782e-01  -1.2018757e+00
   5.1877954e-02  -3.2439211e-01  -1.2072752e+00
  -3.3338683e-02   1.1308826e+00  -1.1196658e+00
   4.9667114e-01   2.5633965e+00  -7.6663826e-01
   5.8982076e-02  -1.0150521e-01  -1.2072745e+00
   6.9444896e-02  -1.4497709e-01  -1.2099479e+00
   7.6014765e-02  -1.2354499e-01  -1.2017162e+00
   3.4427593e-01  -3.6293244e-01  -1.2272828e+00
   8.3130128e-02  -2.2568941e-01  -1.2158272e+00
   6.7933714e-02  -2.4789610e-01  -1.1925483e+00
   7.2719771e-02  -1.8459924e-01  -1.1972589e+00
   5.8585289e-02  -2.8227601e-01  -1.2123822e+00
   7.5689374e-02  -2.9945946e-01  -1.1851117e+00
   6.7701300e-02  -3.1866614e-01  -1.1949453e+00
   2.8820964e-01  -4.3601743e-01  -1.2389883e+00
   6.9156337e-02  -3.1249786e-01  -1.2108612e+00
   6.8493640e-02  -3.2169284e-01  -1.1683573e+00
   1.0440141e-01  -3.6121546e-01  -1.1299531e+00
   8.3940006e-02  -3.1308943e-01  -1.1867360e+00
   9.8745615e-02  -3.1018125e-01  -1.1588527e+00
   7.8160438e-02  -2.8774594e-01  -1.1698244e+00
   1.0649981e-01  -2.7769677e-01  -1.2273460e+00
   9.8175959e-02   1.0188378e+00  -1.0894223e+00
   4.0742341e-01   9.3556706e-01  -1.1481894e+00
   7.3896950e-02  -2.5735216e-01  -1.1976232e+00
   3.0619643e-01  -4.2633867e-01  -1.2406799e+00
   9.2174039e-02  -2.4318972e-01  -1.1944504e+00
   1.0650019e-01  -2.4857267e-01  -1.1417002e+00
   1.3179423e-01   5.7070964e-01  -1.1479833e+00
   6.8277126e-02   1.5173293e+00  -9.8620698e-01
  -3.8596984e-02   3.1436957e+00  -7.0442564e-01
  -1.4067485e-01   1.2578847e+00  -1.1089050e+00
  -8.6654615e-01   3.6409340e+00  -7.1727635e-01
   1.7763845e-02   5.1247079e-01  -1.0404654e+00
   1.9107989e-03   3.5004673e-01  -1.1356237e+00
   1.9833537e-02   2.5133940e-01  -1.1276866e+00
   4.5117909e-02   1.8348754e-01  -1.1497243e+00
   7.9626668e-02   1.8652880e-01  -1.1592003e+00
   7.6999645e-02   9.7680854e-02  -1.1647424e+00
   1.8095579e-02   5.3311268e-02  -1.1821956e+00
   2.2773659e-01  -2.7886519e-01  -1.2789816e+00
  -6.6941386e-01   1.8402264e+00  -1.0190619e+00
  -4.2725706e-02   1.7243403e+00  -9.8063101e-01
   6.4384042e-02   1.7439484e+00  -9.9483980e-01
   1.2467750e-01   3.8213738e-01  -1.0845756e+00
   1.2774008e-01   1.6712799e-02  -1.1689111e+00
   1.4518997e-01   1.8113857e-03  -1.1730017e+00
   1.0666377e-01  -1.2257990e-03  -1.1889472e+00
   9.5295882e-02   2.2714170e-03  -1.2084703e+00
   1.3086615e-01   3.2260243e-02  -1.1904412e+00
   1.3892363e-01  -2.8258341e-03  -1.2108647e+00
   8.6555686e-02  -7.9417962e-03  -1.2115446e+00
   7.2304150e-02  -4.1615681e-02  -1.1973960e+00
   8.9887150e-02  -3.1581039e-02  -1.1860234e+00
   1.2866357e-01  -9.2299408e-02  -1.1927477e+00
   1.0386007e-01  -4.4787637e-02  -1.1829837e+00
   2.8727360e-01  -3.2398598e-01  -1.2101223e+00
   1.6228150e-01   1.5273591e+00  -1.0227775e+00
   4.0277137e-01   2.8961988e+00  -8.1944920e-01
  -1.6658395e-01   2.6947115e+00  -8.6094338e-01
   9.0079016e-01   3.0027031e+00  -8.6745759e-01
  -6.4496463e-02   6.0405343e-01  -1.1164250e+00
  -4.4692238e-03   3.5472050e-01  -1.1290566e+00
   4.4841743e-02   3.1382894e-01  -1.1451042e+00
   8.9205786e-01   2.3059762e+00  -8.9687822e-01
   7.9626389e-02   1.2541264e+00  -1.1044139e+00
   9.2890970e-02   9.6304165e-01  -1.1517458e+00
   9.9487893e-02   9.3789873e-01  -1.1409286e+00
   6.0143230e-01   9.3269501e-01  -1.1012143e+00
   1.2757379e-01   1.0789562e+00  -1.1414274e+00
   4.1445355e-01   6.2750036e-01  -1.1800601e+00
   1.7818697e-01   1.0029135e-01  -1.2051022e+00
   1.1867584e-01  -1.0422195e-01  -1.2096619e+00
   1.4803934e-01  -1.6005701e-01  -1.1813144e+00
   1.4458647e-01  -1.3451801e-01  -1.1844952e+00
   1.3341464e-01  -1.7722291e-01  -1.1723057e+00
   1.9283276e-01  -6.0066904e-02  -1.1932281e+00
   1.5493031e-01  -1.8529627e-01  -1.1720311e+00
   1.1528189e-01  -1.9031900e-01  -1.1927336e+00
   1.1331993e-01  -1.8800200e-01  -1.1550706e+00
   1.6218014e-01  -1.2581951e-01  -1.1595969e+00
   3.1391130e-01  -4.5502742e-01  -1.2433456e+00
   1.3255312e-01  -2.1406874e-01  -1.1879778e+00
   1.3156763e-01  -2.0950824e-01  -1.1529277e+00
   9.9856083e-02  -2.4263386e-01  -1.2208550e+00
   1.5977646e-01  -1.7212437e-01  -1.1961628e+00
   1.5313097e-01  -2.0764362e-01  -1.2162421e+00
   1.5976389e-01  -1.8399663e-01  -1.1993511e+00
   2.9492647e-01  -1.6643057e-01  -1.2009369e+00
   1.4094605e-01  -2.1901037e-01  -1.1904803e+00
   1.8964971e-01  -1.9013387e-01  -1.2052207e+00
   5.9119226e-01  -6.2762580e-01  -1.2661081e+00
   4.2156992e-01  -5.0562554e-01  -1.2372799e+00
   1.1637850e-01  -2.6407753e-01  -1.1823245e+00
   1.4146942e-01  -2.3903982e-01  -1.2212972e+00
   1.4130328e-01  -2.0148539e-01  -1.1997895e+00
   1.6856733e-01  -2.4216663e-01  -1.1821661e+00
   1.9245549e-01  -2.3220562e-01  -1.1431357e+00
   1.7038186e-01  -1.4016010e-01  -1.1788614e+00
   1.7165050e-01  -1.9690389e-01  -1.1552838e+00
   1.6432754e-01  -1.9455869e-01  -1.2125011e+00
   1.6706828e-01  -2.0773105e-01  -1.1950322e+00
   6.2549810e-01  -5.2905797e-01  -1.2667870e+00
   1.4346529e-01  -1.9078514e-01  -1.1992723e+00
   1.4974819e-01  -2.8393773e-01  -1.1775614e+00
   1.2430555e-01  -2.3131027e-01  -1.2170372e+00
   1.6300589e-01  -2.4728338e-01  -1.1770866e+00
   1.7565204e-01  -1.9627911e-01  -1.1852412e+00
   1.4594909e-01  -2.4085966e-01  -1.2027644e+00
   1.7089019e-01  -6.7388032e-02  -1.2030006e+00
   1.3788250e-01  -1.4409028e-01  -1.2027106e+00
   1.4637364e-01  -1.7750932e-01  -1.1980243e+00
   1.4856931e-01  -1.7981662e-01  -1.1781025e+00
   5.3140229e-02  -9.0488236e-03  -1.2081293e+00
   1.6942383e-01  -1.6029975e-01  -1.1955664e+00
   3.2708174e-01  -4.4269007e-01  -1.2465390e+00
   1.6700714e-01  -2.1926993e-01  -1.1756771e+00
   1.7619778e-01  -2.0077584e-01  -1.1767835e+00
   1.6207069e-01  -1.6903890e-01  -1.2071116e+00
   1.4408579e-01  -1.7472026e-01  -1.1699543e+00
   1.9072713e-01  -2.1082220e-01  -1.1625517e+00
   1.7941466e-01  -2.2764663e-01  -1.2570102e+00
   1.7609922e-01  -1.9684822e-01  -1.2010923e+00
  -7.7425376e-02   1.5099892e+00  -1.1348382e+00
   2.9495008e-01   7.6109401e-01  -1.1098722e+00
   1.4481616e-01  -2.4317018e-01  -1.1902959e+00
   1.8037009e-01  -1.5141471e-01  -1.1544444e+00
   4.1472239e-01  -4.4723974e-01  -1.2173380e+00
   2.0039713e-01  -1.9966221e-01  -1.1317069e+00
   1.9219082e-01  -2.0784129e-01  -1.1556770e+00
   1.7418412e-01  -2.1331259e-01  -1.1832550e+00
   1.6559018e-01  -2.2667396e-01  -1.1945846e+00
   1.9488689e-01  -1.1271425e-01  -1.1770258e+00
   1.5001945e-01  -2.1578055e-01  -1.1965900e+00
   1.7262363e-01  -1.8573163e-01  -1.1957584e+00
   1.7346194e-01  -2.2594506e-01  -1.1887856e+00
   1.9783919e-01  -2.1781227e-01  -1.1963288e+00
   4.3714735e-01  -4.0730873e-01  -1.2292724e+00
   1.7009108e-01  -2.0214304e-01  -1.1962103e+00
   1.6091000e-01  -2.0616345e-01  -1.2061822e+00
   1.5334629e-01  -1.8817333e-01  -1.2215597e+00
   1.9676906e-01  -1.7693163e-01  -1.2008654e+00
   1.5131609e-01  -2.0386762e-01  -1.1986412e+00
   3.3842430e-01   9.7170020e-01  -1.1327439e+00
   2.1111899e-01  -1.1137832e-01  -1.2045416e+00
   1.3930715e-01  -1.0374460e-01  -1.1975084e+00
   1.3793220e-01   1.8133922e+00  -1.0882819e+00
   7.5098956e-01   1.5164954e+00  -1.1585835e+00
   1.5473359e-01   1.5938825e-01  -1.1586521e+00
