   1.3989377e-01  -1.5126733e+00  -1.1303624e+00
   1.4886711e-01  -1.4878145e+00  -1.1199714e+00
   1.6805528e-01  -2.3264114e-01  -1.1291611e+00
   1.7147641e-01   2.5048386e-02  -1.1550505e+00
   3.6274017e-01  -1.8386981e-01  -1.2585075e+00
   1.0476312e-01  -1.2864309e-01  -1.2242935e+00
   1.2742662e-01  -1.5176957e-01  -1.2153467e+00
   1.3205041e-01  -1.2226315e-01  -1.2207089e+00
   3.2900459e-03   2.7319275e-01  -1.2340110e+00
   2.0485720e-01  -1.6917250e-02  -1.2364545e+00
   1.8113619e-01  -1.2631250e-01  -1.2550818e+00
   1.9218956e-01  -7.5699696e-02  -1.2288071e+00
   1.8436531e-01  -1.0298384e-01  -1.2283587e+00
   6.9153956e-01   4.6535732e-01  -1.1850552e+00
  -8.2722558e-02   2.0361484e+00  -1.0312855e+00
  -2.2065191e-02   9.9724102e-01  -1.1568811e+00
  -3.1458946e-02   1.0102682e+00  -1.1651782e+00
  -6.0677850e-02   1.0729200e+00  -1.1835629e+00
  -2.2844827e-03   1.1454881e+00  -1.1662326e+00
  -1.1359668e-02   1.1024881e+00  -1.1338183e+00
  -1.1562289e+00   2.7357456e+00  -8.5445435e-01
  -9.2401133e-02   2.8517365e+00  -8.8070628e-01
   2.2630797e-02   6.5939631e-01  -1.1228557e+00
   5.5524667e-02   1.5985912e+00  -1.0746643e+00
   7.5401867e-02   9.4662023e-01  -1.1560782e+00
   4.6941512e-02   8.8700507e-01  -1.1998290e+00
   4.4152207e-02   8.5028268e-01  -1.2198408e+00
   1.7825304e-01   7.7047663e-01  -1.2280713e+00
   3.6468256e-02   8.0049865e-01  -1.2116887e+00
   7.0246209e-02   8.1558888e-01  -1.2055938e+00
   2.6285971e-01   5.1449733e-01  -1.2432017e+00
   7.9912235e-02   7.2447979e-01  -1.1858493e+00
   3.9162734e-01   8.0199619e-01  -1.0662055e+00
   6.5407239e-01   2.2974972e+00  -9.2536547e-01
  -1.0753795e-01   6.2188600e-01  -1.1352921e+00
  -9.5883753e-02   6.8885068e-01  -1.1686091e+00
  -9.8915927e-02   2.0336655e-01  -1.2122225e+00
  -1.0226095e-01   5.2894037e-02  -1.2050944e+00
  -8.6155389e-02  -8.1712691e-03  -1.1994550e+00
  -4.9254457e-02   4.3402820e-02  -1.1951784e+00
   5.0167014e-03   7.0654474e-02  -1.2589255e+00
   4.6995122e-03   7.6346144e-02  -1.2244397e+00
   2.8441829e-02   2.5157523e-02  -1.2151317e+00
  -2.0301117e-02   1.6051779e-02  -1.2045915e+00
   2.9854425e-01  -3.1917213e-01  -1.2736453e+00
   2.8333965e-01  -2.7524203e-01  -1.2744310e+00
   4.1610963e-02  -5.2940000e-02  -1.2220600e+00
   2.9842457e-02  -2.4531466e-02  -1.2228742e+00
   2.4864337e-01  -2.4231620e-01  -1.2925472e+00
   2.3745651e-02   4.2430986e-02  -1.2284614e+00
   7.2558523e-02   6.6559761e-02  -1.2448651e+00
   4.9626928e-02  -3.5957679e-03  -1.2296441e+00
   3.9399909e-02   8.4224922e-03  -1.2232295e+00
   7.4396422e-03  -4.8361245e-02  -1.2142098e+00
   9.3289877e-03  -1.1902132e-02  -1.2120076e+00
   3.9572466e-02   5.3043764e-02  -1.2169287e+00
   1.2855901e-01   1.5883849e-02  -1.2323703e+00
   1.3292441e-01   5.3249989e-01  -1.2111754e+00
   1.5401827e+00   9.2449816e-01  -1.1377160e+00
   1.6400359e-01  -9.5246839e-01  -1.1594986e+00
   1.7043769e-01  -1.0034941e+00  -1.1958381e+00
   1.6841339e-01  -9.8499448e-01  -1.2042157e+00
   1.6036932e-01  -9.3853263e-01  -1.2028095e+00
   2.2684042e-01  -1.0346091e+00  -1.2080794e+00
   1.5320666e-01  -9.4012037e-01  -1.1827037e+00
  -5.3700376e-01   2.8128693e+00  -8.6670363e-01
   1.3735806e-01   1.6192075e-01  -1.1698832e+00
   1.2466672e-01   6.5143453e-03  -1.1963711e+00
   1.9933832e-01  -3.5227961e-02  -1.2422218e+00
   2.1997911e-01  -1.3968025e-01  -1.2443058e+00
   1.2219182e-01  -9.2356663e-03  -1.2249208e+00
   1.2610509e-01  -6.2186888e-02  -1.1956838e+00
   1.1110777e-01  -8.8276930e-02  -1.2154405e+00
   1.1073370e-01  -8.8657509e-02  -1.2311620e+00
   1.0977467e-01  -6.5606676e-02  -1.2600207e+00
   1.3466952e-01  -1.3749620e-01  -1.2443614e+00
   3.9470182e-01  -2.6586173e-01  -1.1925234e+00
   2.4336976e-01  -4.2342071e-01  -1.1671159e+00
   2.2185572e-01  -8.9819148e-01  -1.2326279e+00
   2.6846997e-01  -9.0512732e-01  -1.2380961e+00
   2.8195104e-01   1.5410795e-02  -1.2592619e+00
   2.3215337e-01   3.8222606e-02  -1.2332381e+00
   2.4394979e-01   1.4475704e-02  -1.2132783e+00
   2.1817175e-01   5.7980123e-02  -1.2221020e+00
  -3.6250719e-01   1.9465011e-01  -1.2246833e+00
   2.2347513e-01   4.8042632e-02  -1.2218664e+00
   4.5835570e-01  -2.2282394e-01  -1.2535799e+00
   2.2727193e-01   4.1654080e-02  -1.2239044e+00
   2.2326974e-01   4.5456487e-02  -1.2496074e+00
   2.2217383e-01   2.2597143e-03  -1.1971030e+00
   2.0002302e-01  -2.1382993e-03  -1.2299907e+00
   2.3862710e-01   1.4892828e-02  -1.2066089e+00
   1.2344138e-01  -7.0062868e-03  -1.2449550e+00
   2.2817480e-01  -1.5246482e-02  -1.2336304e+00
   2.2819987e-01  -1.8231780e-02  -1.2324541e+00
   2.3274981e-01   2.5456053e-02  -1.2185226e+00
   4.0521640e-01  -2.0636026e-01  -1.2648884e+00
   2.3427460e-01  -9.8018594e-02  -1.2336066e+00
   2.1902040e-01  -2.8788134e-02  -1.2421405e+00
   2.0595712e-01  -8.5681212e-03  -1.2350102e+00
   2.3878661e-01  -2.4242677e-02  -1.2324836e+00
   2.2609909e-01   9.9201356e-02  -1.2466184e+00
   2.2768629e-01  -1.0683702e-02  -1.2313300e+00
   2.6027499e-01  -1.7958079e-02  -1.2375134e+00
   4.4191356e-01  -2.2497221e-01  -1.2824627e+00
   2.5979530e-01  -3.3299784e-02  -1.2208413e+00
   2.5269579e-01   7.6157055e-03  -1.2354259e+00
  -2.4515925e-01   7.2050398e-01  -1.1711387e+00
   2.5244885e-01   9.2288238e-04  -1.2336351e+00
   2.3499735e-01   1.3420212e-03  -1.2282001e+00
   2.7112609e-01   1.6939593e-02  -1.2479126e+00
   2.4463537e-01   4.0014143e-02  -1.1999412e+00
   2.3645505e-01  -7.5179693e-02  -1.2071016e+00
   4.7371672e-01  -2.9810928e-01  -1.2562572e+00
   2.7629692e-01  -3.4794265e-02  -1.2104451e+00
   7.6432729e-02   8.8968809e-01  -1.1541628e+00
   8.8386239e-03   2.2030889e+00  -1.0971681e+00
   2.5208680e-01   1.5637467e+00  -1.0435926e+00
   2.3091817e-01   9.4464056e-01  -1.2077298e+00
   2.1536846e-01   9.3888448e-01  -1.2044917e+00
   2.2573722e-01   1.0230907e+00  -1.2309487e+00
   2.2803541e-01   9.3284487e-01  -1.1976424e+00
  -2.0969423e-02   1.2473315e+00  -1.1029653e+00
   3.0369958e-01   3.0849032e-01  -1.1186856e+00
   2.8069827e-01   1.1841909e-01  -1.1747342e+00
   2.5863186e-01   1.6812403e-01  -1.1988273e+00
   2.5288944e-01   6.3191547e-02  -1.1909618e+00
   2.5842326e-01   7.7128918e-02  -1.2017987e+00
   2.8911947e-01   1.4754810e-01  -1.1877881e+00
   3.0499098e-01   7.8799687e-01  -1.2125197e+00
   2.7190737e-01   1.1563502e-01  -1.2161705e+00
   2.9778794e-01   1.9871157e-01  -1.2008219e+00
   3.1667520e-01   1.8847322e-01  -1.1967334e+00
   2.9563450e-01   1.1468551e-01  -1.1916492e+00
   2.8003988e-01   3.5045652e-02  -1.2088896e+00
   7.1572298e-01  -4.5494372e-01  -1.2932554e+00
   2.6342781e-01   3.1130153e-02  -1.1994028e+00
   2.5786473e-01   5.6167762e-02  -1.2163116e+00
   2.6652818e-01   9.3822214e-02  -1.1844866e+00
   2.7316181e-01   3.9982916e-02  -1.1886979e+00
   2.8006892e-01   7.3580637e-02  -1.2112227e+00
   2.6791614e-01   5.7221640e-02  -1.2199392e+00
   2.9154591e-01   3.5191058e-02  -1.1907642e+00
   2.6938007e-01  -1.7977717e-03  -1.1925649e+00
   2.9326471e-01  -2.0938760e-02  -1.2424593e+00
   2.5974072e-01   4.5577616e-02  -1.2411280e+00
   5.2007801e-01  -1.9908327e-01  -1.2936207e+00
   2.8607167e-01   6.8325593e-02  -1.2368455e+00
   3.4474392e-01   1.7473850e-01  -1.2122445e+00
   3.5531131e-01   8.3176301e-02  -1.1940344e+00
   2.4565861e-01   9.4783423e-01  -1.1506748e+00
   2.9850462e-01  -5.0277890e-02  -1.2542762e+00
   3.0158305e-01  -3.8660409e-02  -1.2317693e+00
   1.7698390e-01   2.0111922e-01  -1.1982741e+00
