   1.8070747e-01   1.4438091e-02  -1.1549528e+00
   1.8132742e-01  -9.8810234e-03  -1.1542502e+00
   1.4700210e-01   9.3721398e-02  -1.1814679e+00
   1.7560010e-01   4.7386526e-02  -1.1514969e+00
   1.3182580e-01  -3.1833518e-03  -1.2668226e+00
   1.6508073e-01   4.0231273e-02  -1.2604120e+00
   3.8716199e-01   2.8576722e-01  -1.2921801e+00
   7.9661472e-01  -4.2055620e-02  -1.3382509e+00
   1.4726258e-01   3.8472162e-02  -1.2697641e+00
   1.4004915e-01   6.1704510e-02  -1.2713191e+00
   1.4162417e-01   1.3442920e-02  -1.2792777e+00
   1.6112647e-01   1.3053725e-02  -1.2938143e+00
   1.6877647e-01   8.7707969e-02  -1.2761787e+00
   1.8940247e-01   4.1448488e-02  -1.2751548e+00
   1.5452812e-01   6.7634923e-02  -1.2838010e+00
   1.5364103e-01   9.9703961e-04  -1.2199152e+00
   1.7798975e-01   7.0674031e-02  -1.1946594e+00
   1.6331772e-01  -1.0268162e-02  -1.2744211e+00
   1.8120271e-01   3.0223143e-02  -1.2733163e+00
   1.5425784e-01  -6.6708214e-03  -1.2650038e+00
   1.7245717e-01   3.9152594e-02  -1.2620946e+00
   7.8011073e-01  -5.9237437e-01  -1.3504480e+00
   1.6210279e-01  -1.4691060e-02  -1.2261066e+00
   1.7783690e-01   1.7199979e-01  -1.2460129e+00
   2.2419012e-01   4.3107019e-01  -1.2219743e+00
   1.8292134e-01  -1.5617431e-02  -1.2383496e+00
   1.6668359e-01   5.0341797e-02  -1.2479439e+00
   2.4494171e-01   6.1711604e-01  -1.2277035e+00
  -8.8158061e-02   1.1177261e+00  -1.1437207e+00
   1.0487179e-01   2.7573633e+00  -8.3365497e-01
   1.8605639e-02   1.3237670e+00  -1.1373683e+00
   3.3934383e-02   1.0978511e+00  -1.0055125e+00
   1.7868867e-01   6.7826890e-02  -1.1636282e+00
   1.7210438e-01  -3.6276728e-02  -1.2075291e+00
   1.9010425e-01  -2.3976127e-02  -1.2137861e+00
   4.1348652e-01  -2.7346713e-01  -1.2509812e+00
   1.7583982e-01  -1.6167343e-01  -1.2150525e+00
   1.9765675e-01  -1.3807117e-01  -1.1963541e+00
   1.8406094e-01  -1.1030569e-01  -1.3124641e+00
   1.8015708e-01  -1.1610320e-01  -1.2810908e+00
   2.2735912e-01  -1.0387598e-01  -1.2503656e+00
   2.0522858e-01  -1.2208747e-01  -1.2232378e+00
   2.0401350e-01  -1.5982772e-01  -1.2297171e+00
   2.0249780e-01  -1.6195887e-01  -1.2297398e+00
   2.1848454e-01  -1.0185970e-01  -1.2608442e+00
   4.3371469e-01  -3.9492805e-01  -1.2874938e+00
   5.2570144e-01  -4.3746038e-01  -1.2803210e+00
   2.3640887e-01  -1.4542725e-01  -1.2089568e+00
   2.1956330e-01  -2.1670077e-01  -1.2477950e+00
   1.9157436e-01  -1.9450328e-01  -1.2727417e+00
   1.9930798e-01  -2.0496540e-01  -1.2316045e+00
   2.1346021e-01  -2.4719326e-01  -1.2368064e+00
   2.1273761e-01  -2.0499953e-01  -1.2407807e+00
   2.2711215e-01  -1.4461926e-01  -1.2990388e+00
   2.7880918e-01  -4.6995733e-02  -1.2640952e+00
   4.1828399e-01  -3.9510655e-01  -1.2708827e+00
   2.2317601e-01  -2.1046801e-01  -1.2417698e+00
   2.4786305e-01  -2.4547631e-01  -1.2578691e+00
   1.9152971e-01  -1.9873744e-01  -1.2388583e+00
   2.3334147e-01  -2.0857405e-01  -1.2502891e+00
   2.2120189e-01  -2.3575345e-01  -1.2539484e+00
   2.4595850e-01  -2.0846914e-01  -1.2287974e+00
   2.2171132e-01  -2.3292917e-01  -1.2475734e+00
   2.4868135e-01  -2.1391850e-01  -1.2626809e+00
   1.7766597e-01  -1.5120303e-01  -1.2602204e+00
   6.7291202e-01  -5.7464025e-01  -1.3499366e+00
   2.0821340e-01  -1.9979768e-01  -1.2607567e+00
   1.9524131e-01  -1.9357129e-01  -1.2696340e+00
   2.3343912e-01  -1.8592117e-01  -1.2729935e+00
   2.3277555e-01  -2.1050537e-01  -1.2399300e+00
   2.0930053e-01  -1.4683222e-01  -1.2478925e+00
   1.9324265e-01  -2.1804378e-01  -1.2443933e+00
   5.1377002e-01  -5.8258771e-01  -1.3060918e+00
   2.1594280e-01  -1.6239263e-01  -1.2629272e+00
   5.4641244e-01   5.5197062e-01  -1.2645119e+00
   1.9086399e-01  -1.8548304e-01  -1.2504891e+00
   2.2642122e-01  -1.5872457e-01  -1.2701362e+00
   2.2830436e-01  -1.7149778e-01  -1.2673036e+00
   1.9923414e-01  -2.0695540e-01  -1.2390737e+00
   2.0133473e-01  -2.0395113e-01  -1.2589933e+00
   1.5188330e-01  -1.4389475e-01  -1.2752611e+00
   2.3693934e-01  -1.5730122e-01  -1.2828294e+00
   4.1790212e-01  -3.8004890e-01  -1.3060644e+00
   2.3844050e-01  -2.4009805e-01  -1.2645789e+00
   2.0563978e-01  -1.9055774e-01  -1.2319276e+00
   2.3190095e-01  -1.0940972e-01  -1.2563047e+00
   2.7667775e-01  -1.4282554e-01  -1.2044957e+00
   4.1658415e-01  -2.7464664e-01  -1.3051820e+00
   2.6516685e-01  -2.1095278e-01  -1.2432422e+00
   2.3928591e-01  -2.2782510e-01  -1.1864802e+00
   2.5746249e-01  -1.7750508e-01  -1.1948127e+00
   2.3971509e-01  -1.3294200e-01  -1.2307562e+00
   2.3651253e-01  -1.8023918e-01  -1.2620706e+00
   2.4407294e-01  -1.6577260e-01  -1.2365447e+00
   2.7830096e-01  -1.8560304e-01  -1.2581575e+00
   2.1024035e-01  -2.3280811e-01  -1.2622015e+00
   2.9162844e-01  -2.0014673e-01  -1.2534667e+00
   5.3652813e-01  -4.0703199e-01  -1.2973684e+00
   7.5090333e-01  -7.1992058e-01  -1.2992409e+00
   2.7804752e-01  -1.9169398e-01  -1.2229335e+00
   2.5910183e-01  -1.6780549e-01  -1.1988756e+00
   2.4847949e-01  -2.4012987e-01  -1.2301877e+00
   2.2978892e-01  -2.0149057e-01  -1.2319875e+00
   2.9217292e-01  -1.6827098e-01  -1.2260277e+00
   6.2316660e-01   1.2871095e+00  -1.1554852e+00
  -1.8977787e-02   1.1594018e+00  -1.1727026e+00
   2.1673823e-01  -1.3429715e-02  -1.2473711e+00
   2.2091126e-01  -9.5188839e-02  -1.2314753e+00
   2.5054253e-01  -1.4115999e-01  -1.2399824e+00
   2.3482601e-01  -1.2316762e-01  -1.2605421e+00
   2.4857419e-01  -9.0727270e-02  -1.2584199e+00
   5.0263171e-01  -4.8138603e-01  -1.3119480e+00
   2.3258026e-01  -2.0250923e-01  -1.2455233e+00
   2.5618129e-01  -1.6617450e-01  -1.2469181e+00
   2.6648220e-01  -1.8554736e-01  -1.2531332e+00
   2.6430018e-01  -1.8240653e-01  -1.1825561e+00
   2.3740151e-01  -1.7135352e-01  -1.2389118e+00
   2.5181812e-01  -2.3560405e-01  -1.2004666e+00
  -6.5073424e-01   2.2306399e+00  -1.0856863e+00
   8.9364577e-01   1.1596471e+00  -1.1065212e+00
   1.8213990e-01   1.3274238e-01  -1.2218802e+00
   2.2183232e-01   1.3365269e-01  -1.2183024e+00
   2.4346413e-01   5.8853425e-02  -1.2398344e+00
   2.6113283e-01   2.9167648e-01  -1.2303959e+00
   4.5595307e-01  -1.9400008e-01  -1.2671494e+00
   2.1154257e-01  -3.2139963e-02  -1.2302593e+00
   2.0868611e-01   2.2792231e-01  -1.2442525e+00
   1.8031871e-01   3.7042701e-01  -1.2526214e+00
   8.6731250e-02  -4.4600013e-02  -1.2292690e+00
   2.2857588e-01   2.1448909e-02  -1.2180065e+00
   3.5149231e-01   2.3801378e-01  -1.2297825e+00
   2.0598309e-01   5.5853993e-04  -1.2441854e+00
   2.0834157e-01  -1.9857894e-02  -1.2259004e+00
   2.3577860e-01   7.6623501e-03  -1.2071929e+00
   3.9303415e-01  -1.0810861e-01  -1.2953042e+00
   1.9365096e-01   5.0888260e-03  -1.2393559e+00
   2.3409345e-01   1.0261150e-02  -1.1925399e+00
   2.5429045e-01   7.5655260e-02  -1.1858427e+00
   2.0867089e-01  -1.8873472e-02  -1.2454379e+00
   2.3420161e-01  -1.2922499e-02  -1.2523464e+00
   1.9465990e-01   8.3984307e-03  -1.2386519e+00
   2.0878375e-01  -7.7585412e-03  -1.2416298e+00
   4.0805272e-01   1.2901701e+00  -1.1013571e+00
  -1.9424205e-01   1.4839542e+00  -1.0808110e+00
  -3.5801950e-01   2.7450578e+00  -9.9133798e-01
  -4.6159291e-01   3.2047895e+00  -8.0900294e-01
   1.1970561e-01   2.2457743e-01  -1.1759129e+00
   1.5227857e-01   1.4549120e-01  -1.1922034e+00
   1.9852693e-01   1.7433634e-01  -1.1588652e+00
   2.1292172e-01   4.6878620e-02  -1.1867694e+00
   1.9473412e-01   1.1165762e-02  -1.2004700e+00
   2.1500496e-01  -2.6279893e-02  -1.2008090e+00
   2.0041999e-01   4.7685537e-02  -1.2031450e+00
   2.3149347e-01   5.0854125e-02  -1.2293411e+00
