   2.4594576e-01   3.9102618e+00  -9.6893216e-01
  -8.0501900e-02   4.3250820e+00  -9.7667824e-01
  -1.1994184e-01   4.3133454e+00  -9.2430971e-01
   2.7871561e-03   4.2931830e+00  -8.1614550e-01
   6.4412284e-01   3.8705180e+00  -9.4613434e-01
   1.0308715e+00   3.8026155e+00  -8.8667115e-01
  -2.6193526e-02   4.3301269e+00  -1.0277780e+00
  -6.9236516e-02   4.3345740e+00  -1.0746175e+00
   1.7009209e-01   4.3146320e+00  -9.2494175e-01
   1.5889230e-02   4.3450468e+00  -1.1191750e+00
  -7.1391146e-02   4.3473421e+00  -1.1155650e+00
   3.1048860e-01   4.3231475e+00  -1.0861975e+00
   3.0979320e-01   3.9610122e+00  -1.0861306e+00
  -4.4732996e-02   4.3475127e+00  -1.1108809e+00
  -6.3134254e-02   4.3406247e+00  -1.0946684e+00
   1.0484183e-01   4.3407643e+00  -1.0973237e+00
   1.5808889e-01   4.3218929e+00  -9.4457995e-01
   3.2310833e-01   4.3129601e+00  -4.9586799e-01
   4.9379878e-01   4.0634547e+00  -8.8688239e-01
   5.5704465e-02   4.3106682e+00  -8.8549551e-01
   1.4345471e-01   4.3174465e+00  -9.8514485e-01
   3.9453733e-01   4.2962684e+00  -7.5904925e-01
   2.8038445e-01   3.9705055e+00  -9.1551059e-01
   1.4893531e-01   4.3170454e+00  -8.8945919e-01
   5.2568308e-01   3.4852922e+00  -9.4940543e-01
   9.3767135e-01   4.0431991e+00  -7.3844349e-01
   3.8327293e-01   4.3025530e+00  -5.5861922e-01
   1.7413956e-01   4.3217580e+00  -9.7859826e-01
   3.6706459e-01   4.3189281e+00  -9.5495601e-01
   1.3520592e-01   4.3119612e+00  -9.9028516e-01
   1.8698815e-01   4.1566672e+00  -9.1960763e-01
   1.5732477e-01   4.3135776e+00  -1.0128696e+00
   5.3147701e-02   4.3136981e+00  -9.4135417e-01
  -1.3662246e-01   3.9937748e+00  -8.0537255e-01
   3.7575896e-01   4.3028495e+00  -3.1185058e-01
   3.3909129e-01   4.3069500e+00  -6.3769318e-01
   2.5537003e-04   4.3083438e+00  -9.2523503e-01
   9.5070043e-02   4.3055646e+00  -1.0565863e+00
   6.0749847e-02   4.3332646e+00  -1.0430795e+00
   2.4753941e-01   4.3187773e+00  -1.0044645e+00
   6.5339927e-01   3.9800793e+00  -7.6467870e-01
   8.7918090e-01   4.2906231e+00  -6.3347134e-01
   8.1859166e-01   3.9197614e+00  -4.6372802e-01
   3.3758563e-01   4.2919956e+00  -6.2708084e-01
   1.3905557e-01   4.3118659e+00  -7.7645354e-01
   3.9538946e-01   4.2997115e+00  -9.3747078e-01
   6.3033663e-02   4.3273374e+00  -1.0165227e+00
   5.4203904e-03   4.3145460e+00  -1.0560285e+00
   5.7116108e-03   4.3341973e+00  -1.0632449e+00
  -3.0139962e-02   4.3326362e+00  -1.0558689e+00
  -6.8557400e-02   4.3411147e+00  -1.1024993e+00
  -4.3461429e-02   4.3356709e+00  -1.0718965e+00
  -5.4551576e-02   4.2979373e+00  -1.0146574e+00
  -3.0948771e-02   4.3357280e+00  -1.0804336e+00
   3.0346906e-01   4.0735285e+00  -1.1123208e+00
  -2.2039153e-01   4.3250006e+00  -1.0615912e+00
  -1.1711278e-01   4.3266403e+00  -1.0405522e+00
  -6.3554248e-02   4.3306891e+00  -1.0495440e+00
  -1.2032426e-01   4.3289917e+00  -1.0704440e+00
   2.5908678e-02   4.0738403e+00  -1.1141186e+00
   1.0218186e-01   4.0012358e+00  -1.1555516e+00
  -5.9814985e-02   4.3320487e+00  -1.0698161e+00
  -7.7996451e-02   4.3352444e+00  -1.0828016e+00
   2.3106885e-02   4.3475462e+00  -1.1101720e+00
   3.5735993e-01   4.3330668e+00  -1.0677701e+00
  -2.3286693e-02   4.3406646e+00  -1.1139077e+00
  -2.8798625e-02   4.3441357e+00  -1.1191321e+00
  -6.2754033e-02   4.3469584e+00  -1.1244686e+00
   2.3352282e-02   4.3481720e+00  -1.1564273e+00
  -8.2033672e-02   4.3388643e+00  -1.0963695e+00
   9.3862797e-02   3.9878331e+00  -1.1543805e+00
  -7.7002053e-02   4.3380425e+00  -1.0882561e+00
  -7.8244561e-02   4.3336031e+00  -1.0989600e+00
   6.5275114e-02   4.3462662e+00  -1.1416079e+00
   3.5822439e-01   3.7712587e+00  -1.1830508e+00
   5.8360848e-02   4.3397540e+00  -1.1701490e+00
   2.8460292e-01   4.3431893e+00  -1.1453974e+00
   3.0212794e-01   4.3443798e+00  -1.1455279e+00
  -1.4233649e-02   4.3438078e+00  -1.1635445e+00
  -1.8085510e-01   4.3455349e+00  -1.1651038e+00
   2.2924876e-02   4.3468184e+00  -1.1585059e+00
   7.6348159e-02   4.3367456e+00  -1.1593943e+00
   1.1029303e-02   4.3033084e+00  -1.1197849e+00
  -9.3032760e-02   4.3477998e+00  -1.1249912e+00
   9.7770215e-02   3.9740362e+00  -1.1421101e+00
   3.2874074e-01   4.3114847e+00  -9.7672946e-01
   7.8119284e-01   3.7501288e+00  -1.0346147e+00
   3.4444590e-01   4.2905696e+00  -6.2267352e-01
  -3.0145518e-01   4.3203959e+00  -7.5724336e-01
   9.0355642e-02   3.9845057e+00  -6.6919053e-01
  -5.6302269e-01   3.9410382e+00  -5.6237077e-01
   8.4122203e-02   4.1537025e+00  -9.3415827e-01
  -6.5500640e-02   4.3196371e+00  -9.3355608e-01
   1.6514991e-01   4.2159627e+00  -5.9032632e-01
  -4.9793886e-01   4.3238242e+00  -7.2621119e-01
  -5.5197700e-01   4.2938387e+00  -5.4878648e-01
  -6.3362981e-03   4.3050073e+00  -3.6963156e-01
   5.8527930e-01   4.2797907e+00  -4.1075672e-01
   7.1906574e-01   4.2731173e+00  -4.1660672e-01
   5.5518352e-01   4.3228475e+00  -6.0792923e-01
   6.9365493e-01   3.9213289e+00  -7.2267656e-01
  -1.4467876e-01   4.3237720e+00  -1.0419753e+00
  -1.0528495e-01   4.3316322e+00  -1.0973893e+00
  -1.3875107e-01   4.3467658e+00  -1.1201783e+00
   1.0588227e-01   3.8454754e+00  -1.1634655e+00
  -1.5465698e-01   4.3159055e+00  -1.0290616e+00
  -1.1041627e-01   4.3077300e+00  -9.9275971e-01
  -1.1928182e-01   4.3316420e+00  -1.1268083e+00
  -8.9916475e-02   4.3363096e+00  -1.1277383e+00
  -1.5799085e-01   4.3158936e+00  -1.0669681e+00
  -1.7022013e-01   4.3243560e+00  -1.0848900e+00
  -1.7588151e-01   4.3281383e+00  -1.1082887e+00
  -1.7137049e-01   4.3301301e+00  -1.0982455e+00
  -6.5333637e-02   4.2706696e+00  -1.1157929e+00
  -2.1855782e-01   4.3170617e+00  -1.0797439e+00
  -2.0357071e-01   4.3149185e+00  -1.0579024e+00
  -1.6358306e-01   4.3239997e+00  -1.0888989e+00
  -1.8212256e-02   4.2904635e+00  -1.1236165e+00
  -4.0400477e-02   4.0698509e+00  -1.1433885e+00
  -1.8364621e-01   4.3290114e+00  -1.0971724e+00
  -1.4896072e-01   4.3279200e+00  -1.1044865e+00
   1.9645861e-02   4.3227783e+00  -1.1155154e+00
  -2.8608513e-01   4.2787204e+00  -1.0651913e+00
  -2.3976061e-01   4.3190651e+00  -1.0961356e+00
  -1.9732467e-01   4.3180277e+00  -1.1378647e+00
  -2.4298542e-01   4.3367258e+00  -1.1133082e+00
  -7.6711439e-02   4.0571967e+00  -1.1520802e+00
  -1.1195905e-01   4.3215200e+00  -1.0854340e+00
  -1.2804098e-01   4.3240668e+00  -1.0907808e+00
  -6.3127231e-02   4.3423772e+00  -1.1254087e+00
  -2.0378722e-01   4.3109253e+00  -1.0575060e+00
  -1.3675189e-01   4.2892956e+00  -1.0791665e+00
  -2.6823240e-01   4.3246925e+00  -1.0931662e+00
  -2.3205296e-01   4.2705464e+00  -1.0674719e+00
  -1.8828944e-01   3.9547345e+00  -1.1315678e+00
  -2.7164951e-01   4.1771245e+00  -1.1126810e+00
  -3.0228404e-01   4.2399953e+00  -1.0931451e+00
  -3.4219969e-01   4.2459105e+00  -1.0927940e+00
  -2.9296490e-01   4.2042247e+00  -1.1126521e+00
  -2.2341282e-01   4.2166069e+00  -1.1254454e+00
  -2.3096218e-01   4.2093608e+00  -1.1104714e+00
  -2.6712250e-01   4.2577343e+00  -1.1345421e+00
  -2.7578919e-01   4.2141518e+00  -1.0936229e+00
  -1.7038921e-01   3.8947306e+00  -1.1376196e+00
  -3.7307288e-01   4.0472608e+00  -1.1170891e+00
  -1.3964604e-01   4.2624412e+00  -1.1625419e+00
  -2.8752796e-02   4.2545132e+00  -1.1089557e+00
   5.6751673e-02   3.7871698e+00  -1.1617103e+00
  -3.0560783e-01   4.1079738e+00  -1.1184931e+00
  -1.0334501e-01   4.1405203e+00  -1.1273700e+00
  -4.5269691e-02   4.2857308e+00  -1.0932885e+00
  -2.8892030e-01   4.2712479e+00  -1.1027268e+00
  -2.5365395e-01   4.2306019e+00  -1.1301971e+00
   3.8618342e-02   4.2378836e+00  -9.9682694e-01
