   7.7507407e-01   3.9913589e+00  -1.0264930e+00
   1.0789907e-01   4.3266764e+00  -1.0244479e+00
   8.9845667e-02   4.3318551e+00  -1.0330717e+00
   7.8883964e-02   4.3371852e+00  -1.0587515e+00
   1.0724585e+00   4.3190850e+00  -1.0299136e+00
   2.0343426e-01   4.3188607e+00  -1.1464207e+00
   1.1649700e-01   4.3381636e+00  -1.1661660e+00
   1.5146921e-01   4.3481010e+00  -1.1424457e+00
   2.8014878e-02   4.3356247e+00  -1.1195517e+00
   1.2949712e-01   4.3298810e+00  -1.1865834e+00
   2.1566842e-02   4.3495925e+00  -1.1259139e+00
   1.2535929e-01   3.9811234e+00  -1.1938890e+00
   1.1650140e-01   4.3342309e+00  -1.1694672e+00
   9.5559344e-02   4.3340421e+00  -1.1873274e+00
   3.7834230e-01   4.3215705e+00  -1.1579220e+00
   7.4275804e-01   4.3300339e+00  -1.0287910e+00
  -4.1663762e-01   3.9863795e+00  -8.4573373e-01
   6.2051823e-01   4.3075113e+00  -4.7635911e-01
   2.4767873e+00   4.3346056e+00  -3.3369013e-01
  -8.8241823e-01   4.3112809e+00  -6.3018595e-01
  -1.0444615e+00   4.3124914e+00  -7.0270597e-01
  -3.9106781e-01   4.2923860e+00  -6.4171650e-01
  -5.7990097e-01   4.2849838e+00  -6.8572961e-01
  -2.6094315e-01   4.2999612e+00  -8.5554663e-01
  -1.3732533e-01   4.3240090e+00  -1.0639759e+00
  -3.2034926e-01   3.9778623e+00  -1.0778910e+00
  -3.8631245e-01   4.3390559e+00  -1.1259632e+00
  -4.7058595e-01   4.3209071e+00  -1.1239560e+00
  -6.7818396e-01   4.2168702e+00  -8.4598969e-01
  -4.4222290e-01   4.2952472e+00  -9.8702180e-01
  -4.9498822e-01   4.3190958e+00  -1.0523952e+00
  -2.0065755e-01   4.2884744e+00  -8.2794225e-01
  -4.4326293e-01   4.3069119e+00  -9.6129846e-01
  -4.0298643e-01   4.2911387e+00  -1.0086503e+00
  -5.1764455e-01   4.2950504e+00  -1.0260576e+00
  -7.0346847e-01   4.3311549e+00  -1.1403241e+00
  -4.4615748e-01   4.0857043e+00  -1.0539397e+00
  -3.0415329e-01   4.3197782e+00  -1.0741435e+00
  -3.8902422e-01   4.3247056e+00  -1.1492287e+00
  -3.6734251e-01   4.3369401e+00  -1.1402433e+00
  -3.8163218e-01   4.3182115e+00  -1.1519548e+00
  -3.9466510e-01   4.3258986e+00  -1.1506782e+00
  -4.2011136e-01   4.3331012e+00  -1.1189354e+00
  -4.1289570e-01   4.3293137e+00  -1.1005329e+00
   4.4894802e-01   3.9773153e+00  -9.7829750e-01
  -3.8639707e-01   4.2816409e+00  -9.4616201e-01
  -3.9911768e-01   4.2905235e+00  -1.0348694e+00
  -4.0921443e-01   4.2895264e+00  -9.8480994e-01
  -9.6967234e-02   4.0418949e+00  -1.0648513e+00
  -3.8847089e-01   4.3263763e+00  -1.0782309e+00
  -1.6035001e-01   4.3106086e+00  -7.5677808e-01
  -4.0311289e-01   4.3358107e+00  -1.1378333e+00
  -3.7051362e-01   4.3328600e+00  -1.1441140e+00
  -3.3897843e-01   4.3293939e+00  -1.1408790e+00
  -3.5036187e-01   4.3376478e+00  -1.1426040e+00
  -3.6035670e-01   4.3368351e+00  -1.1304668e+00
  -4.8635133e-01   4.2351614e+00  -1.1018593e+00
  -6.1715501e-01   4.3395130e+00  -1.1082410e+00
  -4.2304456e-01   4.3419822e+00  -1.1193213e+00
   9.5472889e-03   3.9746444e+00  -9.6534859e-01
   1.8391686e-01   3.8568096e+00  -7.7538173e-01
  -2.8989411e-01   4.3113581e+00  -8.8337185e-01
  -4.4246789e-01   4.3380412e+00  -1.1392753e+00
  -5.3012644e-01   4.2963660e+00  -1.2197300e+00
  -4.1752917e-01   4.3238457e+00  -1.1253278e+00
  -4.2177135e-01   4.3367868e+00  -1.1348855e+00
  -5.9457431e-01   4.3339702e+00  -1.1075088e+00
   4.3513098e-02   4.0162583e+00  -9.3462468e-01
  -6.3390620e-01   4.2981621e+00  -8.3143362e-01
  -1.1845180e+00   4.1989850e+00  -8.4008180e-01
  -5.1109707e-02   4.2286961e+00  -9.2516515e-01
  -3.5483199e-02   4.3348961e+00  -1.0971201e+00
   5.6395158e-02   4.3503879e+00  -1.1349800e+00
  -1.9863783e-02   4.3415492e+00  -1.1024813e+00
   6.9407489e-01   4.0320937e+00  -9.1723130e-01
  -1.2917945e-01   4.3065076e+00  -6.6153225e-01
   1.9074206e-01   4.3062456e+00  -7.2076927e-01
  -3.0219826e-01   4.3086728e+00  -8.7867676e-01
   2.7664171e-01   4.0427612e+00  -1.1301160e+00
  -3.9394928e-01   4.3014026e+00  -7.5672688e-01
   1.7842205e-01   4.3352355e+00  -1.0514069e+00
  -7.0482939e-04   4.3468606e+00  -1.1573692e+00
   3.7667475e-02   4.3436979e+00  -1.1449806e+00
   2.8114973e-01   4.3352912e+00  -1.1513215e+00
  -1.1582312e-01   4.3437923e+00  -1.1196446e+00
   6.3039021e-03   4.2728662e+00  -1.1268544e+00
  -7.4643638e-02   4.3435251e+00  -1.1229309e+00
  -6.9960500e-02   4.3502509e+00  -1.1350479e+00
  -6.3987553e-02   4.3500721e+00  -1.1390861e+00
  -1.2186958e-01   4.3467205e+00  -1.1204425e+00
  -8.0925673e-02   4.3453205e+00  -1.1286630e+00
  -9.1226881e-02   4.3462883e+00  -1.1282395e+00
   9.1688680e-02   4.3486605e+00  -1.1445039e+00
  -6.9795899e-02   4.3471999e+00  -1.1400526e+00
   3.0106327e-01   4.0669693e+00  -1.0164855e+00
   9.5834772e-01   3.9397258e+00  -5.1585854e-01
   4.7699032e-01   4.2805927e+00  -6.4329512e-01
  -6.7287272e-02   4.3248847e+00  -9.1047208e-01
  -9.2935369e-02   4.3489512e+00  -1.1311177e+00
  -1.0764965e-01   4.3458188e+00  -1.1446461e+00
  -6.0675809e-02   4.3391221e+00  -1.1075053e+00
  -1.0061531e-01   4.3482305e+00  -1.1186436e+00
  -1.1320561e-01   4.3489323e+00  -1.1296878e+00
  -4.1566528e-02   4.3443564e+00  -1.1663475e+00
  -1.4735658e-01   4.3355717e+00  -1.0972394e+00
   2.8268653e-02   4.0903128e+00  -1.1639474e+00
  -1.0352874e-01   4.3409742e+00  -1.1267575e+00
  -1.1195383e-01   4.3417631e+00  -1.1464657e+00
  -1.3129581e-01   4.3418236e+00  -1.1453074e+00
  -1.2660634e-01   4.3386280e+00  -1.1503194e+00
  -1.3551944e-01   4.3405794e+00  -1.1266093e+00
  -1.3473773e-01   4.3363985e+00  -1.1530145e+00
   3.2316375e-01   4.3324575e+00  -1.0294841e+00
  -2.3711327e-02   4.3293991e+00  -1.0036782e+00
  -2.8202690e-01   4.3355362e+00  -1.1485230e+00
  -2.2664734e-01   4.0979068e+00  -1.2052591e+00
   5.8892368e-02   4.0678744e+00  -1.0316637e+00
   8.1679109e-02   4.3190286e+00  -9.9683641e-01
  -7.2449043e-02   4.0610698e+00  -1.0760093e+00
  -4.8852371e-01   4.2742588e+00  -8.8955826e-01
  -1.6973686e-01   4.3209145e+00  -1.0231440e+00
  -1.8557347e-01   4.3248059e+00  -1.0778709e+00
  -3.9415357e-01   4.3059285e+00  -8.4603655e-01
  -1.9749134e-01   4.3221850e+00  -1.0675826e+00
  -2.5664624e-01   4.3419448e+00  -1.1588775e+00
  -1.7312079e-01   4.3364145e+00  -1.1508676e+00
  -2.0389536e-01   4.3248623e+00  -1.1476029e+00
  -1.8694500e-01   4.3313039e+00  -1.1626304e+00
  -1.9970416e-01   4.3386556e+00  -1.1528326e+00
  -2.1747922e-01   4.3421909e+00  -1.1510378e+00
  -2.4895444e-01   4.3362620e+00  -1.1597955e+00
  -7.8560874e-03   4.0359564e+00  -1.2093862e+00
  -3.6638385e-01   4.3421854e+00  -1.1310541e+00
  -1.3763781e-01   4.3249963e+00  -1.0628060e+00
  -5.1425290e-02   4.3329730e+00  -1.1674665e+00
  -1.0918449e-01   4.3355608e+00  -1.1496566e+00
   1.4873082e-02   4.2600220e+00  -1.1235384e+00
  -2.3638370e-01   4.3382741e+00  -1.1632215e+00
  -2.3373227e-01   4.3312514e+00  -1.1539185e+00
  -1.9970327e-01   4.3198776e+00  -1.1789459e+00
  -2.4956344e-01   4.3329077e+00  -1.1703755e+00
  -1.3826181e-01   4.1146142e+00  -1.1967831e+00
  -3.8406854e-01   4.3253836e+00  -1.1626891e+00
  -2.5546996e-01   4.3325705e+00  -1.1624684e+00
  -3.2880611e-02   3.9528549e+00  -1.2615356e+00
  -3.1110562e-01   4.3164285e+00  -1.1955535e+00
  -4.4267307e-02   4.3247250e+00  -1.1784610e+00
   7.5590928e-02   4.3273953e+00  -1.1847167e+00
   2.6567392e-01   4.3170641e+00  -1.1900911e+00
  -1.7168967e-01   4.3195296e+00  -1.2021551e+00
   1.2129409e-01   4.3202226e+00  -1.2038665e+00
  -3.6675384e-01   4.3239281e+00  -1.1892414e+00
  -2.3444865e-01   4.3087666e+00  -1.1894338e+00
  -1.2557382e-01   4.2808618e+00  -1.0549801e+00
