   3.2853905e-01   4.3082088e+00  -7.0272785e-01
   8.5376775e-01   4.3063553e+00  -5.2111054e-01
   7.4130390e-01   4.0224693e+00  -3.4288374e-01
  -2.0740341e-01   4.3166828e+00  -4.6936121e-01
   4.3399012e-02   4.3022159e+00  -6.1078312e-01
   5.1484107e-01   4.2713456e+00  -6.5870260e-01
   7.1018845e-01   4.3082975e+00  -8.1838029e-01
   4.1523895e-01   4.3104066e+00  -1.0205095e+00
   5.3742402e-01   4.3124142e+00  -1.0437506e+00
   3.9441667e-01   4.3127869e+00  -1.0202492e+00
   4.0001623e-01   3.9061475e+00  -1.0762207e+00
   2.2640228e-01   4.3071850e+00  -1.0409071e+00
   2.5765479e-01   4.3058182e+00  -1.0316622e+00
   2.8132437e-01   4.3094542e+00  -7.8314817e-01
   1.4007188e-01   4.3203951e+00  -1.0184174e+00
   1.3533857e+00   4.3131216e+00  -7.8815421e-01
   4.2566631e-01   4.0597382e+00  -1.0534261e+00
   1.7927209e-01   4.3218892e+00  -1.0602234e+00
   1.9262434e-01   4.3410849e+00  -1.1131159e+00
   1.9620066e-01   4.3324636e+00  -1.0919097e+00
   1.8848259e-01   4.3459136e+00  -1.1182431e+00
   1.7407791e-01   4.3379930e+00  -1.0893705e+00
   2.1314600e-01   4.3312867e+00  -1.1182978e+00
   1.5212398e-01   4.3338807e+00  -1.0890699e+00
   2.0589885e-01   4.3269935e+00  -1.0707016e+00
   3.8639520e-01   3.9556539e+00  -1.0853611e+00
   1.6622658e-01   4.3209351e+00  -1.0469738e+00
   6.2275779e-01   3.9996005e+00  -7.6445064e-01
   1.4042969e-01   4.2944235e+00  -9.0206067e-01
   2.2600447e-01   4.3368632e+00  -1.1075564e+00
   3.3877655e-01   4.3029262e+00  -9.3970348e-01
   2.0309761e-01   4.0864928e+00  -7.4497913e-01
   1.2998576e-01   3.9657832e+00  -8.6648841e-01
   4.1329643e-01   4.3142492e+00  -1.0617878e+00
   4.6904908e-01   4.3360402e+00  -1.1185268e+00
   4.4790038e-01   4.2991926e+00  -1.0775052e+00
   4.5070852e-01   4.3312077e+00  -1.1044024e+00
   4.7065047e-01   4.3203745e+00  -1.0845502e+00
   3.7835131e-01   4.3314864e+00  -1.1135633e+00
   3.4765557e-01   4.3370901e+00  -1.1158624e+00
   3.9078907e-01   4.3406712e+00  -1.1112320e+00
   4.8002510e-01   4.3389851e+00  -1.1350631e+00
   3.5688633e-01   4.3314931e+00  -1.1317409e+00
   4.8802402e-01   3.9538079e+00  -1.1284625e+00
   2.9925427e-01   4.3155179e+00  -1.0748436e+00
   3.1064865e-01   4.3330157e+00  -1.0890975e+00
   3.2912439e-01   4.3193681e+00  -1.0557605e+00
   4.8686659e-01   4.2918797e+00  -9.0599495e-01
   2.5542156e+00   3.9980591e+00  -6.2696578e-01
   4.0335454e-01   4.3148283e+00  -5.2406602e-01
  -5.2235209e-01   3.8648321e+00  -6.8550345e-01
  -1.1800758e+00   4.3173344e+00  -4.0590126e-01
   4.5270449e-01   4.3107142e+00  -9.7484588e-01
   1.7418844e-01   4.3299085e+00  -1.0851137e+00
   1.6782212e-01   4.3180221e+00  -1.0229914e+00
   1.4792901e-01   4.3477823e+00  -1.1259147e+00
   1.0201599e-01   4.3461201e+00  -1.1498711e+00
   1.3937533e-01   4.3483288e+00  -1.1269983e+00
   1.4286694e-01   4.3462336e+00  -1.1151598e+00
   1.7252226e-01   4.3475210e+00  -1.1145199e+00
   1.1152831e-01   4.3479450e+00  -1.1125089e+00
   8.4423522e-02   4.3489566e+00  -1.1175411e+00
   1.3447323e-01   4.3490659e+00  -1.1164836e+00
   1.3000703e-01   4.3486041e+00  -1.1292759e+00
   1.5107758e-01   4.0796702e+00  -1.1062805e+00
   2.1916459e-02   4.3448331e+00  -1.1079583e+00
   3.9151913e-02   4.3501010e+00  -1.1413494e+00
  -5.5300213e-03   4.3469669e+00  -1.1462405e+00
  -7.5828537e-02   4.3385917e+00  -1.1469984e+00
   2.9314944e-03   4.3435109e+00  -1.1115594e+00
   1.1500300e-02   4.3464694e+00  -1.1082100e+00
   5.6375223e-02   4.3373466e+00  -1.1510593e+00
   2.5495121e-01   4.0797211e+00  -1.1666414e+00
  -7.1503138e-02   4.3462738e+00  -1.1287226e+00
   6.1038627e-01   4.0510347e+00  -1.1615615e+00
   5.2702516e-03   4.3450538e+00  -1.1657134e+00
   6.2047693e-02   4.3455873e+00  -1.1756473e+00
   1.9737183e-01   4.3325193e+00  -1.2001714e+00
  -5.3536616e-02   4.3401173e+00  -1.1768382e+00
   9.3101378e-02   4.3352884e+00  -1.2015844e+00
   4.2919131e-02   4.3405276e+00  -1.2046986e+00
   1.5634571e-01   3.9630463e+00  -1.2356612e+00
  -5.7895070e-02   4.3380316e+00  -1.1816462e+00
  -5.7498284e-02   4.3426995e+00  -1.1892960e+00
  -7.0430671e-02   4.3453606e+00  -1.1545609e+00
   1.2735874e-02   4.3447673e+00  -1.1757671e+00
   9.9214386e-03   4.3444545e+00  -1.1648769e+00
  -4.3191804e-02   4.3458523e+00  -1.1511531e+00
  -7.9978822e-02   4.3442922e+00  -1.1495343e+00
  -4.9855159e-02   4.3418070e+00  -1.1610271e+00
   1.4715137e-01   4.0361256e+00  -1.2361041e+00
  -1.0773435e-01   4.3179141e+00  -1.1823471e+00
  -1.0362238e-01   4.3311006e+00  -1.1849271e+00
   2.1307820e-02   4.3225861e+00  -1.1873766e+00
  -9.2968503e-02   4.3299242e+00  -1.1972543e+00
  -9.9282986e-03   4.3393807e+00  -1.2067616e+00
  -8.1089810e-02   4.3378268e+00  -1.1947849e+00
   3.2042561e-01   4.3002992e+00  -1.0021888e+00
  -5.0279836e-02   4.3347358e+00  -1.2036670e+00
   1.8814574e-01   4.0275322e+00  -1.2163742e+00
   9.7900872e-03   4.3395781e+00  -1.1605992e+00
   2.6626964e-01   4.3331655e+00  -1.1280591e+00
   7.2886850e-02   4.3377588e+00  -1.1641450e+00
   1.1030409e-02   4.3430700e+00  -1.2070298e+00
   1.2384764e-01   4.3323426e+00  -1.2011383e+00
  -7.3485836e-02   4.3371300e+00  -1.1894600e+00
  -1.3136946e-01   4.3256549e+00  -1.1851872e+00
  -1.5342301e-01   4.3331433e+00  -1.1881377e+00
   1.0430479e-01   4.1152453e+00  -1.2294017e+00
  -6.3997069e-02   4.3336253e+00  -1.1772757e+00
   4.4442053e-03   4.3341272e+00  -1.1976134e+00
  -4.6289915e-02   4.3355457e+00  -1.1969033e+00
  -4.1360427e-02   4.3410621e+00  -1.2224801e+00
  -4.9370984e-02   4.3296079e+00  -1.2070267e+00
  -1.8867709e-01   4.2428461e+00  -1.1981616e+00
  -9.3051156e-02   4.3292802e+00  -1.1961276e+00
   8.9675342e-02   4.0492101e+00  -1.2489343e+00
  -7.6394086e-02   4.3162149e+00  -1.2024233e+00
  -9.7155366e-02   4.2318018e+00  -1.1844640e+00
  -1.3653211e-01   4.3261442e+00  -1.1927535e+00
   3.3380110e-03   4.3295275e+00  -1.1981694e+00
   1.0151410e-01   4.0258734e+00  -1.2465907e+00
  -4.3749625e-02   4.3299813e+00  -1.2330379e+00
  -8.6031053e-02   4.3339684e+00  -1.1986974e+00
  -3.5036992e-02   4.3421764e+00  -1.1952012e+00
   1.0389311e-01   4.3320657e+00  -1.2055512e+00
  -5.3817312e-02   4.3079465e+00  -1.1916959e+00
   1.3288125e-01   3.9854787e+00  -1.2347722e+00
  -3.5056728e-02   4.3002046e+00  -1.1910616e+00
  -6.9809491e-02   4.3303660e+00  -1.1998541e+00
  -4.3121624e-02   4.3408601e+00  -1.2051448e+00
  -4.6104711e-01   4.3339130e+00  -1.1530742e+00
  -8.9409491e-02   4.3428864e+00  -1.1103150e+00
  -6.9013749e-02   4.3379339e+00  -1.1766525e+00
  -9.3705784e-02   4.3359443e+00  -1.1749213e+00
  -9.8441379e-03   4.2581702e+00  -1.2267682e+00
  -7.1941110e-02   4.3124711e+00  -1.2211291e+00
  -4.5626003e-02   4.2970802e+00  -1.2104600e+00
  -5.0150800e-02   4.3335154e+00  -1.2327537e+00
   1.0262234e-01   4.0072539e+00  -1.2675856e+00
   8.4617120e-02   4.3176511e+00  -1.2665161e+00
  -9.6151697e-02   4.2435693e+00  -1.2316677e+00
   3.7983417e-03   4.2174756e+00  -1.2796843e+00
  -8.9781012e-03   4.2816524e+00  -1.3291401e+00
   7.7331036e-02   4.0369754e+00  -1.3127416e+00
  -2.5300224e-01   4.3298706e+00  -1.2508328e+00
  -6.9035592e-02   4.3221300e+00  -1.2194348e+00
   2.0917060e-01   3.9878017e+00  -1.2737272e+00
  -5.9800094e-02   4.3255883e+00  -1.2385056e+00
  -2.0334907e-01   4.1887544e+00  -1.2314113e+00
  -2.0707043e-02   4.3368913e+00  -1.2085405e+00
   8.4662395e-02   4.3321916e+00  -1.2361367e+00
   1.7603312e-01   4.3123268e+00  -1.2127631e+00
   1.3400489e-01   4.2772174e+00  -1.0991461e+00
