  -1.1264079e-02   4.1555439e+00  -9.9250389e-01
  -1.0233156e-01   4.0912873e+00  -9.8255657e-01
  -7.8236016e-02   4.0319126e+00  -9.5772228e-01
   5.5619150e-01   4.1893684e+00  -6.6133299e-01
   6.3933257e-01   4.3367932e+00  -6.6308522e-02
   8.8299678e-02   4.3145853e+00  -3.3753457e-01
  -9.1254078e-02   4.2829361e+00  -7.9002274e-01
   8.7073935e-02   3.7689256e+00  -1.0937451e+00
  -9.6960035e-02   4.2617186e+00  -1.0632736e+00
   2.0617821e-02   4.0656631e+00  -1.0447339e+00
   2.2739385e-01   4.2169492e+00  -7.4432977e-01
   5.3162544e-02   3.6797366e+00  -1.1194166e+00
   5.8497360e-02   4.1838601e+00  -1.1140711e+00
  -1.0394605e-01   4.1399292e+00  -1.0915696e+00
  -1.4803949e-01   4.0886346e+00  -1.0791276e+00
  -1.4505439e-01   4.0527772e+00  -1.0185512e+00
  -1.5003148e-01   3.9692689e+00  -1.0086158e+00
  -1.2827581e-01   3.9910275e+00  -1.0294872e+00
  -1.2891468e-01   3.9905869e+00  -1.0188629e+00
  -3.5932363e-01   4.1272458e+00  -1.0751411e+00
  -2.9947272e-01   4.0475141e+00  -1.0356244e+00
  -1.6857918e-01   3.9438577e+00  -9.8988534e-01
  -1.6270829e-01   3.9781630e+00  -1.0413003e+00
  -1.0676441e-01   3.9574148e+00  -1.0066755e+00
   1.5673731e-01   3.6854505e+00  -1.1087307e+00
  -1.8783649e-01   3.9420398e+00  -1.0423846e+00
  -1.2844985e-01   3.9951617e+00  -1.0480642e+00
  -1.4506006e-01   3.8961151e+00  -1.0330320e+00
  -2.0997056e-01   4.0147204e+00  -1.0749646e+00
  -1.6521553e-01   3.9775228e+00  -1.0671927e+00
  -1.7836695e-01   3.9874548e+00  -1.1049886e+00
  -1.9462366e-01   3.9032821e+00  -1.0908926e+00
  -1.0018085e-01   3.9683474e+00  -1.0945684e+00
  -5.5517325e-02   3.6662745e+00  -1.0870150e+00
  -1.7578129e-01   4.0637453e+00  -1.0793046e+00
  -2.2915565e-01   3.8829074e+00  -1.0724896e+00
  -1.2550749e-01   3.8690490e+00  -1.1109202e+00
   5.5211939e-02   4.0608765e+00  -1.0760567e+00
   7.4155292e-03   3.5023608e+00  -1.1094180e+00
  -2.2450710e-01   3.8650920e+00  -1.0869905e+00
  -2.3064652e-01   3.8925588e+00  -1.0870232e+00
  -2.1725491e-01   3.8252318e+00  -1.0626450e+00
  -2.2518621e-01   3.8036557e+00  -1.0290706e+00
  -1.9701622e-01   3.8045312e+00  -1.0563578e+00
  -3.2697994e-01   3.7575955e+00  -1.1116009e+00
  -2.2725674e-01   3.8373725e+00  -1.0943711e+00
  -2.6346294e-01   3.8100269e+00  -1.0906234e+00
   5.6207571e-02   3.6259531e+00  -1.0864793e+00
   3.1518472e-01   3.3774370e+00  -1.1234126e+00
  -1.1788955e-01   3.6853819e+00  -1.0068449e+00
  -2.4291748e-01   3.8304083e+00  -1.0805700e+00
  -3.4796652e-01   3.8474984e+00  -1.0801476e+00
  -4.7012468e-02   3.7339449e+00  -1.0649459e+00
  -2.0217405e-01   3.9965522e+00  -1.0914979e+00
  -2.3670280e-01   3.7872890e+00  -1.0756532e+00
  -2.8841460e-01   3.8536722e+00  -1.0709845e+00
  -2.4314322e-01   3.7624073e+00  -1.1063902e+00
  -2.2223923e-01   3.8533935e+00  -1.1049134e+00
  -9.2044005e-02   3.4746472e+00  -1.1246436e+00
  -6.6510318e-02   3.4257933e+00  -1.1476623e+00
  -3.5912515e-01   3.8380039e+00  -1.0852668e+00
  -1.3788165e-01   3.7437741e+00  -1.1257275e+00
  -2.4780302e-01   3.7231930e+00  -1.1217861e+00
  -3.3002535e-01   3.6657012e+00  -1.1176461e+00
  -2.2149753e-01   3.9069353e+00  -1.1102159e+00
  -2.2949391e-01   3.7325380e+00  -1.1143696e+00
  -2.0099993e-01   3.7387801e+00  -1.1257161e+00
  -2.1591098e-01   3.7149170e+00  -1.1287963e+00
  -2.9093218e-01   3.9040176e+00  -1.1453376e+00
  -2.4477723e-01   4.1737281e+00  -1.1772772e+00
  -2.7175786e-01   3.7504289e+00  -1.1094607e+00
  -2.5639378e-02   3.4226460e+00  -1.2134395e+00
  -9.6986313e-02   3.4789195e+00  -1.1975610e+00
  -1.3916732e-01   3.8153710e+00  -1.1668992e+00
   8.0536546e-01   3.1896018e+00  -1.2097715e+00
  -6.5744377e-01   3.8499539e+00  -1.1260047e+00
   1.4905578e-01   3.8839877e+00  -1.1442679e+00
   5.8805155e-02   3.7602094e+00  -1.1323330e+00
  -2.4942313e-01   3.7611954e+00  -1.1247274e+00
  -2.0267350e-01   3.6881325e+00  -1.1272015e+00
  -3.4629714e-02   3.8616091e+00  -1.1248178e+00
   2.3423703e-01   3.7761307e+00  -1.1072394e+00
  -1.9289860e-01   3.7441975e+00  -1.1117214e+00
  -1.6858992e-01   3.6723395e+00  -1.1055215e+00
  -3.1219029e-01   3.7870326e+00  -1.0787083e+00
  -2.3484348e-01   3.7662077e+00  -1.1336373e+00
  -4.3360637e-02   3.4648642e+00  -1.1664823e+00
  -2.4326405e-01   3.7394249e+00  -1.1068583e+00
  -5.5350431e-01   4.2053663e+00  -1.2018686e+00
  -4.6238794e-01   4.2156961e+00  -1.2820017e+00
  -4.2164167e-01   4.1059879e+00  -1.1642877e+00
  -2.2402933e-01   4.0015623e+00  -1.1788467e+00
  -2.2777281e-01   3.7509751e+00  -1.1435986e+00
  -5.0676275e-01   3.9879498e+00  -1.2151389e+00
  -3.8286839e-01   3.6623245e+00  -1.1692225e+00
  -3.1637061e-01   3.6392531e+00  -1.1639251e+00
  -2.5596104e-01   3.8125300e+00  -1.1596846e+00
  -2.1370942e-01   3.7898094e+00  -1.1460776e+00
  -6.1851577e-02   3.6287149e+00  -1.1680717e+00
  -2.2820136e-01   3.6978838e+00  -1.1347246e+00
   1.5116282e-02   3.7875395e+00  -1.1431591e+00
  -1.0801239e-01   3.8288560e+00  -1.1406145e+00
  -2.1026138e-01   3.7763913e+00  -1.1398773e+00
  -2.2062304e-01   3.7597428e+00  -1.1069375e+00
  -1.6367475e-01   3.8017975e+00  -1.1601180e+00
  -3.6270379e-01   3.9268805e+00  -1.1539529e+00
  -2.0686822e-01   3.7420329e+00  -1.1282530e+00
  -5.3156933e-02   3.3586917e+00  -1.1958624e+00
  -5.0943678e-02   3.7321933e+00  -1.1882553e+00
  -3.0044990e-01   3.8323161e+00  -1.1144489e+00
  -2.6845137e-01   3.7078991e+00  -1.1229610e+00
  -2.7968135e-01   3.8293281e+00  -1.1362005e+00
  -2.3606255e-01   3.7373227e+00  -1.1304962e+00
  -2.4170773e-01   3.7946517e+00  -1.1445792e+00
  -1.3450363e-01   3.8921598e+00  -1.1219257e+00
  -2.7324550e-01   3.9153861e+00  -1.0937110e+00
  -2.6633566e-01   3.8162492e+00  -1.1225965e+00
  -1.8273938e-01   3.8321744e+00  -1.1099453e+00
  -2.8959035e-01   3.8720414e+00  -1.1355707e+00
  -2.4201844e-01   3.8495259e+00  -1.1005793e+00
   1.8625625e-01   3.8851791e+00  -8.6284139e-01
   7.3804504e-01   4.1793101e+00  -8.4897633e-01
  -2.0433558e-01   4.1544591e+00  -9.1985035e-01
  -2.4880013e-01   4.0044027e+00  -1.1055729e+00
  -2.7344450e-01   3.9587629e+00  -1.1074123e+00
  -1.8850223e-01   3.9306124e+00  -1.0781755e+00
  -1.1950911e-01   3.8235363e+00  -1.0715449e+00
   2.2087635e-04   3.6030226e+00  -1.0753277e+00
  -2.1474078e-01   3.8916930e+00  -1.0232752e+00
   6.0886543e-01   4.1360435e+00  -8.5001304e-01
   2.3139706e-01   4.2010935e+00  -8.7445311e-01
  -1.9006089e-01   3.9889259e+00  -1.1062406e+00
  -1.6375880e-01   4.0240644e+00  -1.0950488e+00
   2.4803727e-01   4.0116409e+00  -1.0353448e+00
  -2.5349081e-01   3.9128748e+00  -1.0262639e+00
  -2.2766448e-01   3.9658805e+00  -1.0867352e+00
  -1.7982960e-01   4.0292398e+00  -1.0767011e+00
  -2.0988631e-01   3.9080723e+00  -1.0504755e+00
  -2.6993175e-01   3.9666807e+00  -1.0788520e+00
  -2.4522820e-01   3.9383512e+00  -1.0707621e+00
  -1.8952210e-01   3.9502867e+00  -1.0341136e+00
   4.7857621e-01   3.9427519e+00  -8.6532809e-01
  -1.7665299e-01   4.0925796e+00  -1.0466962e+00
  -1.8615064e-01   3.9157789e+00  -1.0655340e+00
  -1.2821033e-01   3.8095984e+00  -1.1035202e+00
  -1.7932005e-01   4.0107444e+00  -1.1122153e+00
  -3.5800996e-01   3.8317532e+00  -1.1022832e+00
  -1.2067679e-01   3.9702579e+00  -1.1146609e+00
   5.2068845e-02   3.4909423e+00  -1.1673691e+00
  -1.6239587e-01   3.7289474e+00  -1.1187383e+00
  -1.7587676e-01   3.8990547e+00  -1.1403360e+00
  -1.6050225e-01   3.7662275e+00  -1.1164759e+00
  -2.6904314e-01   3.7292747e+00  -1.1073120e+00
  -1.3373676e-01   3.8668534e+00  -1.0747711e+00
