   7.5263503e-02   3.3443656e+00  -1.0582833e+00
  -8.7869877e-02   3.5179814e+00  -1.0100996e+00
  -1.8588931e-01   3.3530317e+00  -9.9119658e-01
  -8.9624698e-02   3.4339807e+00  -1.0083121e+00
  -6.4783329e-02   3.4561934e+00  -1.1134779e+00
  -3.6449707e-02   3.4486844e+00  -1.1106189e+00
  -5.5312146e-02   3.4683468e+00  -1.0844098e+00
   1.1725888e-01   3.0770431e+00  -1.1498686e+00
  -2.0752186e-01   3.4465404e+00  -1.0980976e+00
  -2.8475192e-02   3.5171513e+00  -1.0847053e+00
  -3.1035649e-02   3.6313455e+00  -1.1149407e+00
  -1.6160730e-02   3.4788641e+00  -1.1104900e+00
  -8.5072336e-02   3.4545804e+00  -1.1096838e+00
  -2.6998311e-01   3.7468297e+00  -1.0871203e+00
   1.1691410e-01   3.7606449e+00  -1.0504332e+00
  -4.1195231e-02   3.5241725e+00  -1.1014068e+00
   1.6399870e-01   3.1991975e+00  -1.1563315e+00
  -6.5806472e-02   3.4784659e+00  -1.1131066e+00
   1.7731983e-02   3.4702480e+00  -1.1110997e+00
   7.0405836e-01   4.1733316e+00  -7.9888363e-01
   1.5292781e-02   3.9282799e+00  -6.7719800e-01
  -7.7224985e-02   3.5019064e+00  -1.1169073e+00
  -7.6801490e-02   3.5469448e+00  -1.1049599e+00
  -6.8314828e-02   3.5456232e+00  -1.1158421e+00
  -8.1323711e-03   3.4827145e+00  -1.0971696e+00
  -1.0567936e-01   3.4650618e+00  -1.0721783e+00
   5.2377735e-02   3.2400553e+00  -1.0980502e+00
   2.4024545e-02   3.5962474e+00  -1.0057168e+00
  -6.0029776e-01   3.5418663e+00  -9.5758464e-01
   1.0216441e+00   4.2755282e+00  -6.3900075e-01
   9.6821151e-02   4.1156361e+00  -9.3006891e-01
   1.4452257e-01   3.9366918e+00  -1.0056113e+00
   2.5685297e-01   3.5117345e+00  -9.6962904e-01
   1.5434564e-01   3.7854680e+00  -1.0231607e+00
   2.2482939e-01   3.9414986e+00  -9.7966470e-01
   1.7274712e-01   4.0696337e+00  -8.6347149e-01
  -3.0041499e-01   3.6341478e+00  -8.4922507e-01
  -1.2503673e-01   3.4002718e+00  -9.2717291e-01
  -2.4652536e-02   3.7545657e+00  -1.0053330e+00
  -5.4138535e-02   3.7721895e+00  -1.0038996e+00
  -1.2153687e-01   3.6230715e+00  -1.0352432e+00
  -8.1051289e-02   3.7443847e+00  -1.0825208e+00
   7.0515262e-01   3.5004910e+00  -9.0922223e-01
   2.6918585e-01   4.2972626e+00  -7.0240089e-01
  -8.6872945e-01   3.9999698e+00  -6.8425172e-01
   1.6489287e-01   3.7257739e+00  -9.8697948e-01
   1.6100294e-01   4.0945703e+00  -1.1036867e+00
   2.6226458e-01   4.0758950e+00  -1.0960089e+00
   5.4085043e-01   3.3995704e+00  -1.1358683e+00
   5.4364256e-02   3.9659104e+00  -1.1054287e+00
   1.7006633e-01   3.9467542e+00  -1.1271975e+00
   5.5637398e-02   3.9923511e+00  -1.1238521e+00
  -3.9322125e-02   3.9665574e+00  -1.1487892e+00
  -6.3500122e-02   4.2037750e+00  -1.2166636e+00
   6.1570103e-02   3.9843691e+00  -1.1877779e+00
   1.5039336e-01   3.9784667e+00  -1.1368813e+00
  -9.8627354e-02   3.9643816e+00  -1.1232139e+00
   4.8539603e-02   3.9281132e+00  -1.1215983e+00
   5.6173392e-02   3.8458533e+00  -1.1548932e+00
   5.8929695e-02   3.9117096e+00  -1.1436627e+00
   2.0386863e-01   3.5589419e+00  -1.1575964e+00
   1.3481224e-02   3.9009183e+00  -1.1188078e+00
   9.7781311e-02   3.9328548e+00  -1.1188097e+00
   4.4101783e-02   3.8685736e+00  -1.1296488e+00
   7.5414939e-02   4.0045042e+00  -1.1225845e+00
   7.0400355e-03   3.8462669e+00  -1.1687583e+00
  -9.1290746e-02   3.9564111e+00  -1.1417073e+00
   8.1571388e-02   3.9881089e+00  -1.1587046e+00
  -7.6243634e-02   3.8981769e+00  -1.1453892e+00
   1.6935419e-01   3.6902727e+00  -1.1574209e+00
   9.1982585e-03   3.9850742e+00  -1.0901756e+00
   3.5527355e-02   3.9850303e+00  -1.1325184e+00
   4.1256169e-02   3.9449282e+00  -1.1423534e+00
  -1.2603606e-02   4.0864221e+00  -1.1172243e+00
   8.3768600e-02   3.9888849e+00  -1.1574519e+00
   2.4830421e-01   3.9941077e+00  -1.1537751e+00
   2.1273698e-01   3.9496093e+00  -1.1571966e+00
  -6.6641756e-02   3.9483103e+00  -1.1547797e+00
   1.2697876e-01   4.0357561e+00  -1.1313217e+00
   2.2766815e-02   4.0118227e+00  -1.1472399e+00
   4.9048424e-01   3.6328851e+00  -1.1977964e+00
   2.1136113e-01   3.7834248e+00  -1.1976218e+00
   3.4753283e-03   3.8847839e+00  -1.1393040e+00
  -2.1421410e-01   3.9065717e+00  -1.1723073e+00
   2.3445117e-02   3.8592448e+00  -1.1483307e+00
  -1.5506547e-02   3.9356450e+00  -1.1422693e+00
  -2.3526141e-02   3.9973804e+00  -1.1695212e+00
   3.1222771e-03   3.8494417e+00  -1.1605637e+00
   1.6515218e-01   3.7957269e+00  -1.1380351e+00
  -2.0563248e-02   3.8248551e+00  -1.1512261e+00
  -3.7738371e-03   3.8646106e+00  -1.1488610e+00
   3.6275111e-01   3.5705970e+00  -1.1866992e+00
  -6.0924679e-02   3.8810881e+00  -1.1233698e+00
  -1.5863104e-01   3.9493433e+00  -1.1379386e+00
   2.7322941e-02   3.8706865e+00  -1.1773345e+00
  -4.5331824e-02   3.8389297e+00  -1.1618912e+00
  -3.6967985e-02   3.8933625e+00  -1.1324127e+00
  -3.0021988e-02   3.8691255e+00  -1.1280872e+00
   1.5531019e-01   3.3958296e+00  -1.1988226e+00
   2.4845219e-02   3.7348353e+00  -1.1307308e+00
   9.6410327e-03   3.8343740e+00  -1.1350848e+00
  -2.1999104e-02   3.8200136e+00  -1.1404094e+00
   1.5878230e-01   3.8088983e+00  -1.1352442e+00
  -1.1480394e-01   3.8052257e+00  -1.1645668e+00
  -1.4990456e-03   3.7539649e+00  -1.1611432e+00
  -1.8027503e-01   3.8664026e+00  -1.1369497e+00
  -4.9209719e-02   3.7724423e+00  -1.0509096e+00
   9.4009601e-02   3.5369823e+00  -1.1192182e+00
  -3.2808483e-02   3.7937463e+00  -1.1192414e+00
   2.6548227e-01   3.9319485e+00  -1.1180743e+00
   4.6333538e-01   4.1589294e+00  -8.3134986e-01
   4.0123603e-02   3.9440435e+00  -1.1427576e+00
  -5.8073954e-02   3.8779682e+00  -1.1333278e+00
   1.1619465e-01   4.0065669e+00  -1.1339714e+00
  -7.0295990e-03   3.9349660e+00  -1.1371547e+00
  -1.0919394e-01   3.7728518e+00  -1.1163600e+00
   1.1783179e-01   3.5944044e+00  -1.1634135e+00
   1.8412762e-03   3.8013257e+00  -1.1455826e+00
  -2.1613839e-02   3.8386270e+00  -1.1490301e+00
  -1.5519618e-02   3.7798263e+00  -1.1399278e+00
  -3.0088980e-02   3.7912976e+00  -1.1476683e+00
  -4.8242850e-02   3.6702024e+00  -1.1577958e+00
   1.1753070e-01   3.8057369e+00  -1.1555037e+00
  -6.7032250e-02   3.7951622e+00  -1.1243986e+00
   1.9859444e-01   3.4654498e+00  -1.1863081e+00
  -6.4240973e-02   3.7374051e+00  -1.1386869e+00
   1.0705343e-01   3.5280224e+00  -1.2181985e+00
  -8.7070419e-02   3.8197295e+00  -1.1614120e+00
  -4.9492739e-02   3.7983013e+00  -1.1536967e+00
   2.5057649e-02   3.9264583e+00  -1.1929377e+00
  -5.6988979e-02   3.7430288e+00  -1.1595077e+00
  -7.7592150e-02   3.7362357e+00  -1.2119598e+00
   1.0404103e-01   3.4610362e+00  -1.2087373e+00
  -5.0448497e-02   3.7200364e+00  -1.1767806e+00
  -6.1458883e-02   3.7753957e+00  -1.1719649e+00
   2.2449515e-01   3.4239398e+00  -1.2197423e+00
  -1.0096356e-01   3.8605587e+00  -1.1469853e+00
  -5.4398791e-02   3.7537379e+00  -1.1629745e+00
   5.8616489e-02   3.8723122e+00  -1.1719748e+00
  -2.6557644e-02   3.6634768e+00  -1.1623445e+00
  -6.0412860e-02   3.7775635e+00  -1.1741751e+00
  -5.6959428e-02   3.7546122e+00  -1.1633290e+00
  -4.5684907e-02   3.8509388e+00  -1.1576082e+00
  -5.1253426e-02   3.8040898e+00  -1.1856620e+00
   4.8270518e-03   3.8703888e+00  -1.2347810e+00
   3.5640057e-01   3.3708359e+00  -1.2263102e+00
   2.1040687e-01   3.7544818e+00  -1.1661748e+00
   8.6289959e-02   3.8111079e+00  -1.1921026e+00
   9.2312790e-02   3.8060258e+00  -1.1799001e+00
   2.7738857e-02   3.7344962e+00  -1.1613416e+00
   5.6713961e-01   3.3189299e+00  -1.2308309e+00
   1.2832091e-01   3.8193535e+00  -1.1534371e+00
  -2.4365487e-01   3.8032376e+00  -1.1557494e+00
   3.8919900e-02   3.7682793e+00  -1.1069401e+00
