  -5.9661245e-02   3.1416954e+00  -1.0565858e+00
   2.7483212e-01   2.8074490e+00  -1.1251880e+00
   2.0946879e-02   3.1827615e+00  -1.0811195e+00
   9.6598267e-02   3.1820699e+00  -1.0987036e+00
   7.3852063e-02   3.1604595e+00  -1.1590758e+00
  -5.8012544e-02   3.2491458e+00  -1.1666488e+00
  -5.6949596e-02   3.2533291e+00  -1.1558169e+00
   6.0837136e-02   3.1583417e+00  -1.1557017e+00
   1.0587858e-01   3.0728604e+00  -1.1510457e+00
   8.4722746e-02   3.1095908e+00  -1.1392499e+00
   2.7266975e-01   2.9732111e+00  -1.1264882e+00
   1.0506233e-01   3.0158609e+00  -1.1686943e+00
   4.7879579e-03   2.8951912e+00  -1.1654716e+00
  -1.0885182e-01   3.0592303e+00  -1.1421235e+00
   2.5712755e-01   3.1800018e+00  -1.1720067e+00
   7.2458352e-02   3.1514678e+00  -1.1327164e+00
   5.3478740e-02   3.1315339e+00  -1.1498574e+00
   2.8511803e-02   3.1701698e+00  -1.1429406e+00
   1.2418672e-01   2.8933223e+00  -1.1893357e+00
   4.2547639e-02   3.1930194e+00  -1.1512941e+00
   4.0870164e-02   3.1611615e+00  -1.1412210e+00
   1.2845863e-01   3.1120726e+00  -1.1221364e+00
   1.7893849e-02   3.1370925e+00  -1.1333354e+00
   3.1595568e-02   3.1363542e+00  -1.1616888e+00
   2.1336877e-02   3.1348136e+00  -1.1464940e+00
   1.2449451e-02   3.1120980e+00  -1.1396911e+00
  -3.3777258e-02   3.1641878e+00  -1.1314762e+00
   5.6722357e-02   3.1371832e+00  -1.1526772e+00
   1.7210186e-01   2.9156334e+00  -1.1875920e+00
   4.3431566e-03   3.0932354e+00  -1.1479654e+00
   2.1902951e-02   3.2036537e+00  -1.1517425e+00
  -1.8374786e-01   3.0011375e+00  -1.1590895e+00
   2.6576281e-01   2.7939223e+00  -1.2183787e+00
   4.0503588e-02   3.0866949e+00  -1.1485397e+00
   1.2692697e-02   3.0396617e+00  -1.1522420e+00
   2.2312687e-01   2.9317061e+00  -1.1406492e+00
  -5.4966947e-02   3.0338191e+00  -1.1729010e+00
   8.0034541e-01   3.6563838e+00  -1.1126731e+00
  -1.3795412e-02   3.0805495e+00  -1.1299200e+00
   2.4576088e-02   3.0659603e+00  -1.1546008e+00
   3.2688611e-02   3.0521499e+00  -1.1536557e+00
  -1.3849305e-02   3.0549804e+00  -1.1425417e+00
   1.2013220e-02   3.0439623e+00  -1.1628993e+00
   1.1132630e-01   2.8477585e+00  -1.1667878e+00
  -1.1736502e-02   3.0021135e+00  -1.1728540e+00
   6.1309962e-03   2.9622838e+00  -1.1436964e+00
   2.7367982e-03   3.0097380e+00  -1.1471661e+00
  -4.0963869e-02   2.8874472e+00  -1.1286684e+00
   4.4540795e-02   3.0106410e+00  -1.1572106e+00
  -7.6113011e-03   2.9746804e+00  -1.1430441e+00
   3.1983544e-02   3.0036066e+00  -1.1880874e+00
   1.8805807e-02   3.0075593e+00  -1.1672027e+00
  -2.8201311e-02   2.9823113e+00  -1.1423393e+00
   2.1192418e-01   2.6548309e+00  -1.2051984e+00
   2.9100228e-02   3.1985218e+00  -1.2142962e+00
   2.5070124e-02   3.1031499e+00  -1.1915521e+00
  -1.8023516e-02   2.8880142e+00  -1.1652655e+00
  -3.8837952e-02   2.9254246e+00  -1.1672400e+00
  -8.9981628e-03   2.9725446e+00  -1.2024992e+00
   2.1947703e-02   3.0304956e+00  -1.1704110e+00
   2.5289111e-01   2.6721768e+00  -1.2023445e+00
  -2.6880667e-02   2.8794093e+00  -1.1525866e+00
   4.8094317e-02   2.9292807e+00  -1.2055092e+00
   4.3619943e-02   2.8860643e+00  -1.2063719e+00
  -6.5473487e-02   3.1976323e+00  -1.2373657e+00
   1.4904048e-01   3.3420615e+00  -1.1999501e+00
   2.5535078e-02   2.1029057e+00  -1.1346272e+00
   5.7326649e-01   2.2436730e-01  -9.9985450e-01
   6.7540828e-02   3.2596818e+00  -1.0801869e+00
  -3.9635057e-02   3.0709879e+00  -1.1537161e+00
  -1.1259947e-01   3.0054086e+00  -1.1417620e+00
  -4.1470363e-02   2.9969060e+00  -1.1392908e+00
   3.0570663e-01   3.3690998e+00  -1.1476954e+00
   2.7329746e-01   2.8377751e+00  -1.1896226e+00
  -1.8247187e-02   3.0314281e+00  -1.1577080e+00
   2.3734788e-01   3.0326130e+00  -1.1516183e+00
   3.3632086e-01   2.9020586e+00  -1.1452300e+00
   8.2316139e-02   2.9119874e+00  -1.1565030e+00
  -2.7884678e-01   2.9262434e+00  -1.1598671e+00
  -1.6076063e-01   2.7739469e+00  -1.1502955e+00
  -1.5510596e-01   3.2178290e+00  -1.1885715e+00
  -2.0301038e-01   2.9638783e+00  -1.1829469e+00
   1.4506351e-01   2.7756483e+00  -1.2208931e+00
  -1.8948990e-01   2.9148613e+00  -1.1595983e+00
   7.9193614e-02   3.3807807e+00  -1.1625039e+00
  -2.3472729e-02   2.9924642e+00  -1.1490305e+00
   3.1329539e-01   3.6188546e+00  -1.1563150e+00
  -4.3049856e-02   3.1394592e+00  -1.1511876e+00
  -6.7340810e-02   2.9766298e+00  -1.1468531e+00
  -1.4851559e-02   3.0837777e+00  -1.1700085e+00
  -4.9432289e-02   3.0249079e+00  -1.0998031e+00
  -6.6240272e-02   3.1049202e+00  -1.0995403e+00
   3.5700206e-01   2.9461173e+00  -1.0358715e+00
  -2.6167398e-02   3.0747829e+00  -1.1231227e+00
   1.3010960e-01   2.7973487e+00  -1.2205269e+00
   2.5666010e-02   3.0271178e+00  -1.1652546e+00
  -4.0880525e-02   3.0841022e+00  -1.1526112e+00
   1.2146758e-01   2.8723535e+00  -1.2086994e+00
   9.5579640e-04   3.0987037e+00  -1.1564037e+00
   1.9919872e-02   3.0763722e+00  -1.1531823e+00
   4.4157058e-02   3.0341566e+00  -1.1477388e+00
  -1.0283355e-02   3.0359275e+00  -1.1393924e+00
  -2.7266807e-03   2.9933716e+00  -1.1630869e+00
   2.0219675e-01   2.7703227e+00  -1.2111785e+00
   4.2172877e-02   3.0504674e+00  -1.1643608e+00
  -5.4800686e-02   3.1376514e+00  -1.1584755e+00
  -1.0348522e-02   3.1450122e+00  -1.1441130e+00
  -2.8083435e-02   3.1002015e+00  -1.1350087e+00
  -3.1280029e-02   3.0674452e+00  -1.1563148e+00
  -3.2852662e-02   3.0739156e+00  -1.1680230e+00
  -2.4991618e-02   3.0740060e+00  -1.1339337e+00
   1.7180971e-01   2.7166292e+00  -1.1966877e+00
  -3.2537187e-03   2.9631773e+00  -1.1659477e+00
   6.3928472e-03   2.9808738e+00  -1.1559673e+00
   5.6521152e-02   2.9783023e+00  -1.1650400e+00
   3.0644242e-01   2.5428191e+00  -1.1812554e+00
   4.4572992e-02   2.9910997e+00  -1.1450225e+00
   1.0982034e-01   3.3410745e+00  -1.1537031e+00
   1.8217027e-03   3.0624705e+00  -1.1038286e+00
  -4.8289084e-02   2.9161236e+00  -1.1248701e+00
   1.1223699e-01   3.1015106e+00  -1.1418223e+00
  -5.7156967e-02   3.0032614e+00  -1.1101336e+00
   1.3865266e-01   3.0037456e+00  -1.1545325e+00
  -3.7940474e-02   3.0008897e+00  -1.1272437e+00
   3.6884255e-01   2.5893542e+00  -1.1976507e+00
  -6.8240967e-02   3.0154296e+00  -1.1582816e+00
  -2.0895771e-02   3.0671802e+00  -1.1556632e+00
   2.4562130e-01   3.1274331e+00  -1.1598107e+00
   2.8377809e-03   3.1455757e+00  -1.1254229e+00
   1.9967932e-02   2.5556178e+00  -1.1295785e+00
   8.5963849e-01   3.0283576e+00  -8.8563775e-01
   9.4901252e-02   3.3535852e+00  -1.1060024e+00
   1.2384843e-01   3.4165727e+00  -1.1277632e+00
   6.4566543e-02   3.3244770e+00  -1.1134679e+00
   3.6452879e-01   3.0494259e+00  -1.2233827e+00
   1.6273746e-01   3.0157027e+00  -1.1295159e+00
   8.6329778e-03   3.0773234e+00  -1.1546970e+00
  -1.5897943e-02   3.0559849e+00  -1.1251640e+00
   3.0395380e-02   2.9887661e+00  -1.1367824e+00
  -5.8271600e-03   3.0103691e+00  -1.1534993e+00
   2.1619660e-03   3.0370677e+00  -1.1611718e+00
   2.7422557e-01   3.2162483e+00  -1.1436421e+00
  -2.7394274e-02   2.9309076e+00  -1.1538632e+00
  -4.5613972e-02   3.0750312e+00  -1.1526237e+00
   1.8246307e-01   2.6344851e+00  -1.2552765e+00
   1.2825659e-01   3.1371506e+00  -1.1802784e+00
  -5.4996436e-02   2.9261258e+00  -1.1414437e+00
   8.9019266e-03   2.8727868e+00  -1.1590891e+00
  -1.8148826e-01   3.1572490e+00  -1.1709646e+00
   2.5524549e-01   2.6460834e+00  -1.2105192e+00
   2.1415999e-01   2.9365420e+00  -1.1614187e+00
   3.5892947e-01   3.0637179e+00  -1.1159685e+00
  -5.9208992e-02   3.0027019e+00  -1.1035948e+00
   6.2184637e-02   3.0108163e+00  -1.1517816e+00
