   5.8554933e-01   4.3048446e+00  -7.3595631e-01
   1.4968737e-01   4.3231841e+00  -3.6586374e-01
  -1.6265176e-01   4.3078651e+00  -9.8939720e-01
  -9.7170918e-02   4.3202738e+00  -1.0063071e+00
   5.0126590e-01   3.9461184e+00  -9.2768444e-01
  -2.9151032e-02   4.2538934e+00  -1.1037882e+00
  -7.4329767e-03   4.3213088e+00  -9.5584807e-01
  -1.7902957e-01   4.3435298e+00  -1.1092456e+00
  -1.5047714e-01   4.3373841e+00  -1.1041896e+00
  -1.1642109e-01   4.3332772e+00  -1.0795388e+00
  -3.6799659e-01   4.3398154e+00  -1.1090853e+00
   9.2795459e-02   3.9332190e+00  -1.1503622e+00
  -1.2638031e-01   4.3383169e+00  -1.0986546e+00
  -1.7667010e-01   4.3416015e+00  -1.1280522e+00
  -1.7189521e-01   4.3294740e+00  -1.0810764e+00
  -1.7125766e-01   4.3308779e+00  -1.1156858e+00
  -2.7046376e-01   4.3232204e+00  -1.0637210e+00
  -2.8685878e-01   4.3145970e+00  -9.8616559e-01
  -6.3845837e-02   4.3082091e+00  -9.4240684e-01
  -1.5914254e-01   4.3359246e+00  -1.1002906e+00
   2.1543671e-01   3.9290064e+00  -1.1512281e+00
  -1.7267178e-01   4.3356477e+00  -1.1212840e+00
  -1.5090535e-01   4.3380056e+00  -1.1452847e+00
  -6.0828801e-02   4.3338775e+00  -1.1549539e+00
  -1.7009368e-01   4.3315644e+00  -1.1347767e+00
  -1.6659141e-01   4.3257355e+00  -1.1700506e+00
  -4.4532696e-02   4.3394724e+00  -1.1739592e+00
  -1.3601901e-01   4.3425353e+00  -1.1474371e+00
  -4.4420033e-01   4.2834798e+00  -1.1415472e+00
  -1.1474387e-01   4.3335119e+00  -1.1141094e+00
  -1.1211665e-01   4.3282135e+00  -1.0871967e+00
  -1.9817665e-01   4.3326153e+00  -1.0878015e+00
  -1.8645920e-02   4.1197223e+00  -1.1775959e+00
  -1.5665820e-01   4.3418636e+00  -1.1444585e+00
  -5.4037883e-01   4.3427559e+00  -1.1569003e+00
  -1.7407812e-01   4.3469375e+00  -1.1255429e+00
  -1.9920458e-01   4.3424402e+00  -1.1374201e+00
  -1.5722675e-01   4.3470814e+00  -1.1228338e+00
  -1.4849119e-01   4.3494358e+00  -1.1228951e+00
  -3.5943221e-02   4.0498813e+00  -1.1836157e+00
  -2.2051139e-01   4.3342577e+00  -1.1446207e+00
  -1.3991911e-01   4.3455640e+00  -1.1195161e+00
   7.1280328e-02   4.2954733e+00  -6.1419355e-01
   4.7405527e-01   4.3101242e+00  -2.5958128e-01
   4.4269800e-02   4.2974993e+00  -7.0069942e-01
   3.9862901e-01   4.2974107e+00  -7.4419412e-01
  -2.0114376e-01   4.3209111e+00  -1.0427589e+00
   2.5702393e-02   4.2630179e+00  -1.0768454e+00
  -1.6206070e-01   4.3071995e+00  -1.0164487e+00
   5.4025317e-01   4.3227164e+00  -9.5996714e-01
  -1.6512491e-01   4.3253399e+00  -1.0764803e+00
  -2.9023810e-02   4.0873333e+00  -1.1500958e+00
  -1.2583156e-01   4.3432612e+00  -1.1039995e+00
  -5.4544329e-03   4.3479033e+00  -1.1254533e+00
  -1.2543871e-01   4.3412143e+00  -1.1262710e+00
  -5.7312799e-02   4.3370078e+00  -1.1031574e+00
  -1.5721605e-01   4.3441880e+00  -1.1325072e+00
  -5.3063403e-02   4.3425977e+00  -1.1295030e+00
   3.0589547e-02   4.0077867e+00  -1.1889820e+00
  -1.6810838e-01   4.3422621e+00  -1.1209703e+00
  -1.5582716e-01   4.3440645e+00  -1.1204998e+00
  -1.5324975e-01   4.3444830e+00  -1.1254145e+00
  -1.5024369e-01   4.3399818e+00  -1.1427521e+00
   5.5134161e-02   3.8730729e+00  -1.1768669e+00
  -2.2287569e-01   4.3325826e+00  -1.1421542e+00
  -7.2610051e-02   4.3467449e+00  -1.1429855e+00
  -2.3273621e-01   4.3282358e+00  -1.1668418e+00
  -1.6505012e-01   4.3374682e+00  -1.1455144e+00
  -1.4995601e-01   4.3129896e+00  -1.2095980e+00
  -1.6404807e-01   4.3433822e+00  -1.1543594e+00
  -2.0345846e-01   4.3068987e+00  -1.0422202e+00
   2.5557728e-02   4.2958259e+00  -7.9331857e-01
  -1.6280562e-01   4.3346216e+00  -1.1328136e+00
  -1.9903821e-01   4.3050817e+00  -1.1333738e+00
   5.4799759e-02   3.9378306e+00  -1.1935822e+00
  -1.5287869e-01   4.3381633e+00  -1.1457202e+00
  -1.3339273e-01   4.3261863e+00  -1.1646779e+00
  -1.2879973e-01   4.3398823e+00  -1.1553769e+00
  -1.7634839e-01   4.3380174e+00  -1.1401610e+00
  -1.3278805e-01   4.3272503e+00  -1.1673735e+00
  -7.7435508e-02   4.3365031e+00  -1.1668834e+00
  -1.8955560e-01   4.3279149e+00  -1.1530593e+00
  -1.1390517e-01   3.9361799e+00  -1.2024673e+00
  -1.9483383e-01   4.3322171e+00  -1.1503767e+00
  -1.6145326e-01   4.3331172e+00  -1.1502588e+00
  -2.5993953e-01   4.3317327e+00  -1.1732267e+00
  -2.0144801e-01   4.3411809e+00  -1.1440423e+00
  -1.9502597e-01   4.3481278e+00  -1.1258811e+00
  -1.9108103e-01   4.3261943e+00  -1.1853614e+00
  -1.9288961e-01   4.3289323e+00  -1.1720793e+00
  -1.9905965e-01   4.3411353e+00  -1.1250711e+00
  -1.9208373e-01   4.3483557e+00  -1.1306881e+00
  -1.4066666e-02   4.0729256e+00  -1.2112572e+00
  -2.0139361e-01   4.3443893e+00  -1.1388881e+00
  -2.6078302e-02   4.0799063e+00  -1.1950779e+00
  -1.5609944e-01   4.3313023e+00  -1.1686848e+00
  -1.0475707e-01   4.3277571e+00  -1.1637163e+00
  -1.7390262e-01   4.3360111e+00  -1.1544700e+00
  -2.0983340e-01   4.3361689e+00  -1.1623019e+00
  -2.7407788e-01   4.3262780e+00  -1.1773672e+00
  -1.9433811e-01   4.3404055e+00  -1.1277771e+00
  -3.1037455e-01   4.3090352e+00  -1.0183197e+00
  -2.3195035e-01   4.3255066e+00  -1.0574560e+00
   5.0939507e-02   4.0175848e+00  -9.9461373e-01
  -2.5800053e-01   4.3425643e+00  -1.1241571e+00
  -1.8839632e-01   4.3288067e+00  -1.1523893e+00
  -2.3545871e-01   4.3393504e+00  -1.1421772e+00
  -1.5799756e-01   4.3370487e+00  -1.1478457e+00
  -1.8660639e-01   4.3336128e+00  -1.1626305e+00
  -1.7433820e-01   4.3385876e+00  -1.1575274e+00
  -1.6138918e-01   4.3287149e+00  -1.1604175e+00
  -4.2492998e-02   3.9945369e+00  -1.2197161e+00
  -1.6228396e-01   4.3267302e+00  -1.1705840e+00
  -1.4047707e-01   4.3315567e+00  -1.1679533e+00
   1.5252317e-01   4.3303343e+00  -1.1731248e+00
  -1.4767523e-01   4.3389898e+00  -1.1563025e+00
  -1.8548837e-01   4.3325457e+00  -1.1537512e+00
  -5.3733179e-02   4.3211765e+00  -1.1327916e+00
  -2.2695081e-01   4.3391355e+00  -1.1450992e+00
  -1.0935863e-02   4.0074206e+00  -1.1981784e+00
  -1.7977941e-01   4.3233137e+00  -1.1517704e+00
  -1.9080575e-01   4.3254325e+00  -1.1726109e+00
  -1.8016508e-01   4.3278417e+00  -1.1582939e+00
  -1.8822827e-01   4.3334935e+00  -1.1525617e+00
  -1.7965864e-01   4.3089436e+00  -1.1964600e+00
  -1.4816690e-01   4.3269648e+00  -1.1752226e+00
  -3.7081512e-02   4.3366151e+00  -1.1544252e+00
  -1.4112142e-01   4.3228179e+00  -1.1742503e+00
  -2.5730604e-01   4.0175038e+00  -1.2326931e+00
   7.7961098e-01   4.3283274e+00  -1.0071564e+00
   8.9838113e-01   4.3025282e+00  -8.6158816e-01
  -2.5681775e-01   4.3249185e+00  -1.0564080e+00
  -1.6258192e-01   4.3259184e+00  -1.1671856e+00
  -1.7978057e-01   4.3290497e+00  -1.1621754e+00
  -1.9663385e-01   4.3330499e+00  -1.1754121e+00
  -1.8750875e-01   4.3278777e+00  -1.1931065e+00
  -2.1206073e-01   4.3449632e+00  -1.1318668e+00
  -2.5839428e-01   4.3353738e+00  -1.1525183e+00
  -3.9574254e-02   4.0854988e+00  -1.2242976e+00
  -5.1723941e-02   4.3182711e+00  -1.1690484e+00
  -1.8262604e-01   4.3260200e+00  -1.1761825e+00
  -1.9388072e-01   4.3356015e+00  -1.1547965e+00
  -2.0727845e-01   4.3375220e+00  -1.1397235e+00
  -1.7233874e-01   4.3321426e+00  -1.1642087e+00
   9.2744830e-02   3.9642332e+00  -1.2318746e+00
  -1.5547155e-01   4.2176202e+00  -1.1610128e+00
   4.4258404e-01   4.2332688e+00  -1.1441236e+00
  -1.1634920e-01   4.3323859e+00  -1.1452131e+00
   1.9355358e-01   4.3307482e+00  -1.1702526e+00
  -1.5340020e-01   4.3376635e+00  -1.1587276e+00
  -3.0847655e-01   4.3289825e+00  -1.1662650e+00
   8.6109367e-01   3.9977319e+00  -1.0366504e+00
  -2.0024901e-01   4.3290805e+00  -1.1614213e+00
  -9.4794104e-02   4.2874394e+00  -1.1070558e+00
