   2.1764298e-01   4.2723949e+00  -8.6556094e-01
  -1.3054388e-01   4.2510902e+00  -9.2649572e-01
  -8.2471351e-02   4.2873599e+00  -1.0035557e+00
   2.6308289e-02   4.2266160e+00  -9.8204971e-01
   2.1741214e-01   3.8087562e+00  -1.1805085e+00
  -7.9851053e-02   4.2513770e+00  -1.0751447e+00
  -9.8156442e-02   4.2349767e+00  -1.0724133e+00
  -1.1576952e-01   4.1120018e+00  -1.0645858e+00
  -7.1624713e-02   4.3304967e+00  -1.0861728e+00
  -1.9086731e-01   4.3210198e+00  -1.0613211e+00
   1.3113256e-02   4.2906534e+00  -7.3178249e-01
  -1.0396817e-01   4.2614069e+00  -1.0766834e+00
  -2.1163144e-03   4.1400006e+00  -1.0946766e+00
  -7.9559898e-02   4.3193867e+00  -1.0660262e+00
  -8.7937970e-02   4.3117817e+00  -1.0127512e+00
  -8.9285600e-02   4.2968875e+00  -1.0388350e+00
   2.1925687e-01   3.9377561e+00  -1.0245447e+00
  -1.1013847e-02   4.3095241e+00  -9.7880161e-01
   1.3211825e-01   4.2973875e+00  -1.0507955e+00
  -1.1200090e-01   4.2804842e+00  -1.0802712e+00
  -2.4998758e-01   4.3002732e+00  -1.1107539e+00
   2.4868182e-02   4.2441469e+00  -1.1010814e+00
   1.4843990e-01   3.8949321e+00  -1.1574506e+00
  -1.0180334e-01   4.2819893e+00  -1.1030941e+00
   3.6944917e-01   4.1943806e+00  -9.8201780e-01
   5.0887502e-01   3.4561645e+00  -1.0421843e+00
  -9.9109964e-02   4.2414860e+00  -1.1404375e+00
  -1.0861763e-01   4.3344658e+00  -1.1224622e+00
  -6.2888605e-02   4.2158222e+00  -1.1031968e+00
  -5.8673078e-02   4.2616703e+00  -1.0934267e+00
  -2.0822137e-01   4.2470656e+00  -1.0576803e+00
  -8.0794040e-02   4.2810063e+00  -1.1141409e+00
  -9.6335288e-02   4.2548306e+00  -1.0702920e+00
  -6.9294517e-02   4.2713958e+00  -1.0898899e+00
  -2.6480035e-02   4.2666884e+00  -1.0749400e+00
   5.4149462e-01   4.2626118e+00  -1.0820645e+00
   9.4984574e-02   3.9079074e+00  -1.1194726e+00
  -6.4387232e-02   4.1820903e+00  -1.0871861e+00
  -2.7544284e-02   4.2643724e+00  -1.0859872e+00
  -8.6883364e-03   4.2180428e+00  -1.1051756e+00
   5.8231531e-02   4.1968865e+00  -1.0912537e+00
  -1.9203103e-01   4.2684383e+00  -1.0999184e+00
  -1.3740234e-01   4.2180871e+00  -1.1092448e+00
  -1.6566887e-01   4.2375323e+00  -1.1198718e+00
   9.7500250e-02   3.8720109e+00  -1.1879083e+00
  -1.3254566e-01   4.2947643e+00  -1.1112667e+00
  -1.2184024e-01   4.2379062e+00  -1.1236092e+00
  -3.0961001e-01   4.3042666e+00  -1.1684025e+00
  -3.2276874e-01   4.3100154e+00  -1.1958540e+00
  -3.7789759e-01   4.2946745e+00  -1.2074873e+00
  -2.1880363e-01   4.2848603e+00  -1.2000124e+00
  -1.5369882e-01   4.2042846e+00  -1.1815667e+00
  -1.4486760e-01   4.3048664e+00  -1.2057811e+00
  -7.4422318e-02   4.2995479e+00  -1.1699844e+00
   1.1186317e-01   3.9414086e+00  -1.2312925e+00
  -1.3809213e-01   4.2218230e+00  -1.1563103e+00
  -2.1194617e-02   4.2507152e+00  -1.1524151e+00
   1.1076460e-01   4.2565275e+00  -1.0415953e+00
   5.3323911e-01   4.2858756e+00  -2.8297261e-01
   7.6935330e-01   3.9357400e+00  -3.6473609e-01
   2.7288073e-01   4.2620256e+00  -4.3019217e-01
   1.8463217e-01   4.3019986e+00  -5.1054976e-01
  -9.2641192e-02   4.3054314e+00  -8.4872142e-01
   1.3614876e-01   4.3030044e+00  -5.6973017e-01
  -1.3668385e-01   4.3151100e+00  -1.1316638e+00
  -1.3183774e-01   4.3290598e+00  -1.1375983e+00
  -6.1527088e-02   4.3223458e+00  -1.1365861e+00
  -2.6878858e-01   4.2195448e+00  -1.1176400e+00
  -1.2255711e-01   4.3111797e+00  -1.1057029e+00
   2.1764460e-02   3.8890845e+00  -1.1351684e+00
  -1.1634445e-01   4.2300060e+00  -1.0806215e+00
  -1.5688701e-01   4.1327598e+00  -1.0650777e+00
  -9.2786511e-02   4.3118185e+00  -1.1191753e+00
  -1.0810033e-01   4.2120484e+00  -1.1126501e+00
   3.7760068e-02   4.2111993e+00  -1.1344733e+00
  -1.0484558e-01   4.1099754e+00  -1.1451158e+00
  -8.8280502e-02   4.1669838e+00  -1.1587029e+00
  -1.4818729e-01   3.7633843e+00  -1.1879923e+00
  -2.7781651e-01   4.2177420e+00  -1.0984136e+00
  -1.2113548e-01   4.1846352e+00  -1.0752101e+00
   2.6754098e-01   3.7905512e+00  -1.0736998e+00
  -1.3367375e-01   4.2868832e+00  -1.1310696e+00
   5.9257870e-01   4.2606233e+00  -8.7956696e-01
   3.4522500e-01   4.2460793e+00  -9.1469794e-01
   3.7044973e-01   4.2840290e+00  -9.5383523e-01
  -1.0042589e-01   4.2467081e+00  -1.1732142e+00
  -4.9954132e-02   4.2558965e+00  -1.1279239e+00
  -1.2252839e-01   4.2093337e+00  -1.1399891e+00
  -1.3162190e-01   4.2380400e+00  -1.1330864e+00
  -1.1653093e-01   4.2741402e+00  -1.1244565e+00
  -1.2973664e-01   4.3228585e+00  -1.1326759e+00
  -1.3159178e-01   4.2103887e+00  -1.1277799e+00
  -5.7632356e-04   3.9852569e+00  -1.1791350e+00
  -1.1793649e-01   4.2157511e+00  -1.1391132e+00
  -3.6520375e-02   4.3002432e+00  -1.2041121e+00
  -3.8044372e-02   4.0203201e+00  -1.1836212e+00
  -1.3907446e-01   4.1982194e+00  -1.1418146e+00
  -1.3220472e-01   4.1977399e+00  -1.1413249e+00
  -1.0921582e-01   4.2450327e+00  -1.1491855e+00
  -1.3730613e-01   4.2468878e+00  -1.1421574e+00
  -9.5085381e-02   4.2122236e+00  -1.1316121e+00
  -9.4668873e-02   4.3103469e+00  -1.1299877e+00
   7.0592854e-02   3.8926564e+00  -1.1598271e+00
   1.1460167e-01   3.8604721e+00  -1.1894847e+00
  -1.4196826e-01   4.1746080e+00  -1.1362592e+00
  -1.3609550e-01   4.0901343e+00  -1.1614912e+00
  -4.7780295e-01   4.1454680e+00  -1.1410234e+00
  -1.3692310e-01   4.0940470e+00  -1.1739286e+00
  -1.5427365e-01   4.1418868e+00  -1.1683335e+00
   6.0914771e-02   3.6563274e+00  -1.1827785e+00
   4.9758790e-01   4.2942258e+00  -1.1552002e+00
  -1.9286960e-02   4.2129003e+00  -1.1888847e+00
  -1.5007689e-01   4.2129114e+00  -1.1700494e+00
  -1.3148835e-01   4.0895821e+00  -1.1619067e+00
  -1.6264827e-01   4.1863710e+00  -1.1807450e+00
  -2.0699456e-01   4.1505940e+00  -1.1688250e+00
   2.7668948e-02   3.8538581e+00  -1.1794775e+00
  -2.2909169e-01   4.2721182e+00  -1.1423048e+00
   1.3306782e-01   3.9089429e+00  -1.2098139e+00
  -1.0486780e-01   4.1641543e+00  -1.1543477e+00
  -5.6481240e-03   4.2056164e+00  -1.1641548e+00
  -1.0778770e-01   4.2328773e+00  -1.1884346e+00
  -1.7690150e-01   4.2544405e+00  -1.1511429e+00
  -1.3968581e-01   4.1658686e+00  -1.1567919e+00
  -2.9514848e-01   4.1425703e+00  -1.1758502e+00
  -9.4380921e-02   4.1903075e+00  -1.1636160e+00
  -1.1008157e-01   4.2493251e+00  -1.1110217e+00
   3.6524473e-02   3.8505709e+00  -1.1740524e+00
  -1.1686930e-01   4.1599640e+00  -1.1233645e+00
  -1.2805597e-01   4.1580569e+00  -1.1399593e+00
  -1.9037482e-01   4.2637692e+00  -1.1524098e+00
   9.4249714e-01   3.9232803e+00  -9.9624163e-01
   3.0283109e-01   4.2916300e+00  -6.5850043e-01
   1.2433760e+00   4.3218186e+00  -9.5649713e-01
   1.2830967e+00   4.3207197e+00  -7.7619540e-01
   6.1626123e-01   4.3062959e+00  -8.5186885e-01
   1.6635089e-01   4.2882974e+00  -1.0960375e+00
  -1.1675859e-01   4.2935691e+00  -1.1317928e+00
  -1.5659311e-01   4.2623315e+00  -1.0780351e+00
  -1.6282642e-01   4.2997423e+00  -1.1151236e+00
  -6.7922015e-02   4.2335595e+00  -1.0415668e+00
  -1.3693414e-01   4.2393264e+00  -1.0487296e+00
  -1.3532599e-01   4.3146600e+00  -1.0900574e+00
  -1.9275064e-03   3.9991822e+00  -1.1440354e+00
  -1.0997008e-01   4.2859953e+00  -1.1579537e+00
  -3.0775109e-01   4.1064962e+00  -1.1363868e+00
   1.0499733e-01   3.8579669e+00  -1.1938937e+00
  -1.5514128e-01   4.0674657e+00  -1.1200693e+00
  -5.6587455e-02   4.2677989e+00  -1.1430052e+00
  -4.0636390e-01   4.1072655e+00  -1.1439304e+00
  -1.3113689e-01   4.1942369e+00  -1.1187667e+00
  -8.7927220e-02   4.1309738e+00  -1.1282827e+00
  -8.8789477e-02   4.1802201e+00  -1.1472125e+00
  -1.5608458e-02   4.1867142e+00  -1.0815170e+00
