   5.6700795e-03   2.5588844e+00  -1.0459577e+00
  -7.3370264e-02   2.4709686e+00  -1.0227052e+00
  -8.2566973e-02   2.5125292e+00  -1.0312047e+00
  -1.2014411e-01   2.4526321e+00  -1.0258820e+00
   4.8060199e-01   3.2885872e+00  -9.9309296e-01
  -5.0665496e-02   2.4525959e+00  -1.1332211e+00
  -4.4519235e-02   2.5037422e+00  -1.1359584e+00
  -1.8332910e-01   2.4427372e+00  -1.1287186e+00
  -7.2907374e-02   2.5608894e+00  -1.1333571e+00
   5.4194840e-02   2.5014806e+00  -1.1310481e+00
   4.8689492e-01   2.2005426e+00  -1.1621263e+00
  -7.5697731e-02   2.4025314e+00  -1.1278377e+00
  -5.6545133e-02   2.4400918e+00  -1.1375505e+00
  -1.1764081e-02   2.4701695e+00  -1.1239551e+00
  -7.7162875e-02   2.4992198e+00  -1.0950612e+00
  -7.2249969e-02   2.5160720e+00  -1.1172405e+00
  -6.6580717e-02   2.5217769e+00  -1.1123709e+00
  -6.6745992e-02   2.7220518e+00  -1.0985107e+00
  -9.5881569e-02   2.4518880e+00  -1.0863544e+00
   7.9717019e-02   2.1449178e+00  -1.1550151e+00
  -1.7746411e-02   2.4881319e+00  -1.1058384e+00
  -2.8099061e-01   2.3623456e+00  -1.1051836e+00
  -1.0289498e-01   2.4978078e+00  -1.1000402e+00
   1.1157694e-01   2.4494123e+00  -1.1107371e+00
  -8.2921897e-02   2.4332078e+00  -1.1287633e+00
  -1.3134151e-01   2.5220880e+00  -1.1800805e+00
  -9.1552680e-02   2.3984189e+00  -1.1386371e+00
  -9.6127280e-02   2.5502252e+00  -1.1006038e+00
   4.2962415e-02   2.2312288e+00  -1.1667745e+00
  -7.9483405e-02   2.5031787e+00  -1.1341323e+00
  -7.0403274e-02   2.4531408e+00  -1.1184066e+00
  -1.3842056e-02   2.4968374e+00  -1.1102604e+00
  -6.3379653e-02   2.3398134e+00  -1.1158990e+00
  -4.9593078e-02   2.3796649e+00  -1.1184320e+00
  -5.3341543e-02   2.5247262e+00  -1.1569907e+00
  -1.5489853e-01   2.4095647e+00  -1.1344813e+00
   1.1371833e-01   2.2049690e+00  -1.1834232e+00
  -6.0404429e-02   2.3879999e+00  -1.1251141e+00
  -5.8036711e-02   2.4136287e+00  -1.1430841e+00
  -9.3393806e-02   2.3708044e+00  -1.1392438e+00
   2.5288598e-02   2.2109190e+00  -1.1919088e+00
  -9.5397279e-02   2.3642863e+00  -1.1470023e+00
  -7.9967333e-02   2.4373064e+00  -1.1513619e+00
  -1.5059140e-01   2.3688335e+00  -1.1888070e+00
  -1.0443930e-01   2.3384446e+00  -1.1455260e+00
  -8.8145664e-02   2.3905244e+00  -1.1268307e+00
  -3.3140288e-02   2.5571265e+00  -1.1040994e+00
   6.5534866e-02   2.1207365e+00  -1.1514601e+00
  -1.2309149e-01   2.3471928e+00  -1.1126260e+00
  -6.3872997e-02   2.4287592e+00  -1.1174882e+00
  -1.3826897e-01   2.3973360e+00  -1.1148591e+00
  -1.1123775e-01   2.3742657e+00  -1.1350034e+00
  -8.9472651e-02   2.4330432e+00  -1.1273090e+00
  -4.5508981e-02   2.6013813e+00  -1.1495812e+00
  -1.8566394e-02   2.6943945e+00  -1.0921941e+00
   4.7531821e-02   2.0822873e+00  -1.2153129e+00
  -1.1666407e-01   2.3453256e+00  -1.1423779e+00
  -1.2945978e-01   2.3228749e+00  -1.1404993e+00
  -1.2615139e-01   2.3725948e+00  -1.1300663e+00
   5.2502251e-03   2.2061056e+00  -1.1781289e+00
  -1.1181099e-01   2.3974199e+00  -1.1313683e+00
  -1.1575795e-01   2.4079507e+00  -1.1288449e+00
   2.9812369e-02   2.1400450e+00  -1.1892524e+00
  -1.3759184e-01   2.2767399e+00  -1.1233851e+00
  -1.6186351e-01   2.3832285e+00  -1.1549738e+00
  -2.0851838e-01   2.3880847e+00  -1.1368299e+00
  -1.2643213e-01   2.3587938e+00  -1.1312967e+00
  -1.3905295e-01   2.3566987e+00  -1.1616791e+00
  -2.4474911e-01   2.4499572e+00  -1.1622193e+00
   7.7520379e-02   2.0546186e+00  -1.1826698e+00
  -1.1539543e-01   2.3518169e+00  -1.1478533e+00
  -1.1474537e-01   2.3633628e+00  -1.1518774e+00
  -1.2209333e-01   2.4251612e+00  -1.1498913e+00
  -1.2273073e-01   2.2995347e+00  -1.1557654e+00
  -6.2109828e-02   2.4747217e+00  -1.1810850e+00
  -9.3875406e-03   2.8098845e+00  -1.1351777e+00
  -1.2495204e-01   2.5736738e+00  -1.1437729e+00
  -1.1164067e-01   2.3129823e+00  -1.1652590e+00
   4.8538596e-01   2.2486457e+00  -1.2308187e+00
   5.2511053e-02   2.5168378e+00  -1.1467730e+00
  -7.9045839e-03   2.3844593e+00  -1.1610045e+00
  -1.4409936e-01   2.3634474e+00  -1.1563867e+00
  -9.4938021e-02   2.3763113e+00  -1.1575194e+00
  -1.3526891e-01   2.4399657e+00  -1.1488255e+00
  -1.2084982e-01   2.4088223e+00  -1.1312160e+00
  -1.3579807e-01   2.3690060e+00  -1.1358368e+00
   1.2944952e-02   2.0908240e+00  -1.2026047e+00
  -1.4688524e-01   2.2926047e+00  -1.1879808e+00
  -1.4647551e-01   2.3421274e+00  -1.1558092e+00
  -1.3611953e-01   2.2976203e+00  -1.1552551e+00
  -1.5407766e-01   2.2913788e+00  -1.1402086e+00
   4.2403692e-02   2.0352282e+00  -1.2061161e+00
  -1.5577001e-01   2.3051546e+00  -1.1457299e+00
  -1.6257207e-01   2.2784778e+00  -1.1227867e+00
  -1.7933877e-01   2.3945100e+00  -1.1500091e+00
   4.6155603e-02   1.9898897e+00  -1.2104290e+00
  -1.6520495e-01   2.2923936e+00  -1.1303727e+00
  -1.6032513e-01   2.3067432e+00  -1.1280913e+00
  -2.8708378e-01   2.1943854e+00  -1.1327633e+00
  -1.6031300e-01   2.3185526e+00  -1.1384552e+00
   3.4397849e-02   2.5182514e+00  -1.1484753e+00
   5.0504492e-01   2.4819651e+00  -1.1827960e+00
   1.5179287e-01   2.4295603e+00  -1.1183693e+00
  -1.0592367e-01   2.3540635e+00  -1.1291833e+00
   1.2248431e-01   2.4640911e+00  -1.1528946e+00
  -7.7157136e-02   2.4189837e+00  -1.1354325e+00
  -1.8160520e-01   2.4274417e+00  -1.1133611e+00
  -1.6087241e-01   2.3511087e+00  -1.1596480e+00
  -1.6143978e-01   2.3419312e+00  -1.1356911e+00
  -1.9857044e-02   2.1522549e+00  -1.1425437e+00
  -1.6663438e-01   2.4100914e+00  -1.1221419e+00
  -6.7772690e-02   2.2008402e+00  -1.1607616e+00
  -1.3148417e-01   2.1352752e+00  -1.1532086e+00
  -1.6962040e-01   2.2704393e+00  -1.1272950e+00
  -1.7294627e-01   2.3209544e+00  -1.1730337e+00
  -2.0118608e-01   2.3106476e+00  -1.1212114e+00
  -6.6697125e-02   2.2360201e+00  -1.1617556e+00
  -1.5713851e-01   2.3031706e+00  -1.1385351e+00
   6.7950090e-02   2.0044711e+00  -1.2315671e+00
  -1.5052596e-01   2.3080111e+00  -1.1613096e+00
  -1.5049345e-01   2.2725916e+00  -1.1851776e+00
  -1.5810908e-01   2.2207018e+00  -1.1660577e+00
   4.0325571e-03   1.9758527e+00  -1.1995465e+00
   3.0816001e-03   2.0112765e+00  -1.1680087e+00
  -1.7051541e-01   2.2630249e+00  -1.1576659e+00
  -1.7903800e-01   2.2816576e+00  -1.1994135e+00
  -6.1643731e-02   2.4638574e+00  -1.1712740e+00
  -2.2894203e-01   2.3185530e+00  -1.1476522e+00
  -1.6092589e-01   2.3652579e+00  -1.1256315e+00
  -8.3899990e-02   2.5508428e+00  -1.1594487e+00
   2.9883190e-02   2.2547701e+00  -1.2120153e+00
  -1.1609177e-01   2.3615656e+00  -1.1604178e+00
  -1.3473673e-01   2.4815686e+00  -1.1434638e+00
  -2.1942638e-03   2.0486073e+00  -1.1744912e+00
  -1.4745843e-01   2.2908175e+00  -1.1389357e+00
   2.0549352e-02   2.0178930e+00  -1.1784504e+00
  -1.6534649e-01   2.2863365e+00  -1.1462665e+00
  -7.7535063e-02   2.0999362e+00  -1.1636399e+00
  -1.8427273e-01   2.2316346e+00  -1.1190733e+00
  -1.6491189e-01   2.3111299e+00  -1.1365351e+00
  -2.4827568e-02   2.0617797e+00  -1.1942691e+00
  -1.6067124e-01   2.3470976e+00  -1.1298318e+00
  -1.5630212e-01   2.4344706e+00  -1.0943174e+00
   5.0077795e-01   3.0590959e+00  -1.0290998e+00
   7.3964625e-01   4.1862402e+00  -7.5081134e-01
  -6.9314439e-01   4.0936334e+00  -5.4954485e-01
   4.0542062e-01   4.3021058e+00  -5.8381600e-01
   1.2423536e-01   2.9510695e+00  -1.0454318e+00
  -9.3355805e-02   2.6966257e+00  -1.1495338e+00
  -1.6819897e-01   2.4313258e+00  -1.1455424e+00
   4.2187655e-01   3.1798089e+00  -1.1230624e+00
   8.5464059e-02   2.6748641e+00  -1.1008736e+00
  -5.8085853e-03   2.2380162e+00  -1.1515778e+00
  -5.6753498e-02   2.4149731e+00  -1.1304184e+00
