  -4.9340085e-02   3.1258489e+00  -1.0463825e+00
  -1.1598489e-01   3.1082112e+00  -1.0361760e+00
  -6.5089358e-02   3.1290607e+00  -1.0908641e+00
   2.3544274e-01   2.6280067e+00  -1.1618380e+00
   3.2548384e-02   3.0049569e+00  -1.1765157e+00
   1.5279948e-02   2.9359201e+00  -1.1515563e+00
  -2.0824704e-02   2.9930478e+00  -1.1427964e+00
  -5.0523937e-02   3.0054229e+00  -1.1252545e+00
  -5.9674396e-02   3.0333503e+00  -1.1376678e+00
  -1.7046504e-01   2.8605573e+00  -1.1444953e+00
   8.8471964e-03   2.9828900e+00  -1.1425183e+00
   5.2269454e-01   3.1734962e+00  -1.1993051e+00
   5.4180370e-01   3.8301765e+00  -1.0387929e+00
  -6.8903308e-04   3.2186326e+00  -1.0495970e+00
  -1.5587066e-03   3.1335128e+00  -1.1507692e+00
  -2.0693713e-02   3.0902495e+00  -1.1226268e+00
  -1.8505767e-02   3.0426923e+00  -1.1322362e+00
  -3.9073572e-02   3.0188502e+00  -1.0888467e+00
   2.0501040e-01   2.7960294e+00  -1.1655807e+00
   5.6556648e-03   2.9683980e+00  -1.1213028e+00
  -1.6548872e-02   2.9832100e+00  -1.1223439e+00
  -1.3845130e-02   2.9892277e+00  -1.1327898e+00
  -6.5936114e-02   3.1780176e+00  -1.1182025e+00
   1.2793254e-02   3.0566076e+00  -1.0573464e+00
   7.4524458e-03   3.1175480e+00  -1.1376325e+00
   9.0683365e-03   3.0838893e+00  -1.1224414e+00
  -3.2042604e-02   2.9684832e+00  -1.1191407e+00
   8.1970983e-04   2.9950072e+00  -1.1387305e+00
  -4.0260775e-02   2.9429546e+00  -1.1350869e+00
  -5.6664559e-02   2.9845275e+00  -1.1258332e+00
   8.9618372e-02   2.8556332e+00  -1.1595049e+00
  -9.5512348e-03   3.0366824e+00  -1.1409440e+00
   1.1061522e-02   2.9449704e+00  -1.1305591e+00
  -3.7093552e-02   3.0484325e+00  -1.1431652e+00
  -3.4631894e-03   2.9567747e+00  -1.1282887e+00
  -3.5077785e-02   2.9894140e+00  -1.1211957e+00
   2.3432231e-01   2.5931796e+00  -1.2157525e+00
  -2.6972164e-02   2.9488685e+00  -1.1440446e+00
  -1.4433006e-01   2.9462417e+00  -1.1146496e+00
   3.6406478e-02   2.9504709e+00  -1.1455495e+00
  -1.4482056e-02   2.9947791e+00  -1.1189478e+00
  -1.4988352e-02   2.9557266e+00  -1.1283458e+00
  -3.6476645e-02   2.9641407e+00  -1.1234558e+00
   2.8655435e-02   2.9660406e+00  -1.1357399e+00
   9.1106582e-03   2.8893887e+00  -1.1258203e+00
   5.0905065e-02   2.9013009e+00  -1.1490313e+00
   1.8849055e-01   2.6068532e+00  -1.2058606e+00
  -1.2187558e-02   3.0233987e+00  -1.1361051e+00
  -9.4439250e-02   3.0578079e+00  -1.1327567e+00
   2.3196852e-02   2.9811526e+00  -1.1494455e+00
  -7.4623294e-03   2.8520448e+00  -1.1633887e+00
   1.9085353e-01   2.6135175e+00  -1.2147516e+00
  -4.9174958e-02   2.8710473e+00  -1.1085568e+00
  -4.0359898e-02   2.8235307e+00  -1.1210355e+00
  -4.5529734e-02   2.8528228e+00  -1.1228394e+00
  -1.2468120e-01   2.9858366e+00  -1.1699357e+00
   2.4166794e-02   3.1414043e+00  -1.1653108e+00
   3.9869669e-02   2.9399567e+00  -1.1508526e+00
  -9.9996770e-03   3.0143531e+00  -1.1572010e+00
  -5.4330632e-02   2.7847539e+00  -1.1486345e+00
   9.5765048e-02   2.6754578e+00  -1.1868226e+00
  -5.5322139e-02   2.8830880e+00  -1.1171739e+00
  -3.7730609e-02   2.9306390e+00  -1.1453977e+00
  -1.6665116e-01   3.0084993e+00  -1.1519612e+00
  -7.5948716e-02   2.8553839e+00  -1.1436710e+00
   9.2491107e-03   3.0289626e+00  -1.1634744e+00
   2.0036307e-01   2.5544670e+00  -1.1872361e+00
  -2.4807803e-02   2.8928013e+00  -1.1528955e+00
   2.0475571e-01   2.4827101e+00  -1.2286790e+00
   4.0868150e-01   3.0152931e+00  -1.1501996e+00
  -2.4047759e-02   2.9097423e+00  -1.1690781e+00
   3.3066632e-01   3.1008879e+00  -1.1756207e+00
  -2.7329719e-02   2.9644019e+00  -1.1303896e+00
   2.7419614e-02   2.8484957e+00  -1.1565970e+00
   1.4323274e-01   3.5701415e+00  -1.0552289e+00
  -1.7392048e-01   3.0070555e+00  -1.1391040e+00
   1.2012738e-01   3.1653972e+00  -1.1535385e+00
  -4.0662427e-02   3.0589642e+00  -1.1177837e+00
  -7.8584928e-02   2.9640795e+00  -1.1168827e+00
  -3.5245312e-02   2.9574861e+00  -1.1054558e+00
  -1.4175046e-01   2.9797663e+00  -1.1027479e+00
   4.4919665e-02   2.9535206e+00  -1.1266670e+00
   8.6156325e-02   2.8567551e+00  -1.1491791e+00
   5.3004926e-01   2.6806944e+00  -1.1658513e+00
   2.6767143e-01   3.2697610e+00  -1.0492551e+00
  -2.9404999e-02   2.9640276e+00  -1.1391624e+00
  -2.0464711e-02   2.9035496e+00  -1.1586132e+00
  -1.2932531e-02   3.0095979e+00  -1.1570057e+00
  -6.5544934e-02   2.9191977e+00  -1.1097232e+00
   1.4175395e-02   2.8742399e+00  -1.1465198e+00
   9.3318658e-02   3.1578119e+00  -1.1599013e+00
   7.1144609e-02   3.0652211e+00  -1.2246855e+00
   7.2022510e-02   2.9408774e+00  -1.1584375e+00
  -6.4887182e-02   2.9579358e+00  -1.1719251e+00
  -1.2959633e-01   2.8545662e+00  -1.1460104e+00
   6.7382886e-03   2.9122661e+00  -1.1284792e+00
   1.1528570e-01   3.1365054e+00  -1.1357420e+00
  -1.1641504e-02   2.9324739e+00  -1.1393406e+00
  -8.8803475e-02   3.0180649e+00  -1.1673492e+00
   4.6486152e-02   2.6312533e+00  -1.2118877e+00
  -3.1024062e-02   2.7845645e+00  -1.1203066e+00
  -3.7191638e-02   2.8653061e+00  -1.1184850e+00
  -1.5706272e-02   2.8154622e+00  -1.1089549e+00
  -5.9989119e-02   2.8801759e+00  -1.1260481e+00
  -5.6255791e-02   2.9120350e+00  -1.1584345e+00
  -5.5512774e-02   2.9566742e+00  -1.1776678e+00
   9.8813393e-02   2.6077974e+00  -1.1338285e+00
  -1.0744838e-01   3.0351752e+00  -1.1466156e+00
  -1.1805446e-01   2.9270685e+00  -1.1482057e+00
   1.6821070e-02   2.8950911e+00  -1.1521858e+00
  -3.5522711e-02   2.9239388e+00  -1.0983284e+00
  -4.5819544e-02   2.8525870e+00  -1.1635607e+00
   7.2591148e-02   2.7422357e+00  -1.1566921e+00
  -5.4908239e-02   2.9363783e+00  -1.1257061e+00
   3.1759361e-01   3.0778616e+00  -1.1391644e+00
   4.1698912e-01   4.2572137e+00  -4.9870738e-01
   5.5877981e-01   3.7282778e+00  -9.8409437e-01
   1.8437674e-01   3.5271772e+00  -1.0784389e+00
   1.6750507e-01   3.1962593e+00  -1.1186611e+00
   1.3971582e-01   3.1996513e+00  -1.1141974e+00
   1.3741182e-01   3.1925338e+00  -1.1148406e+00
   1.1338010e-01   3.1949041e+00  -1.1070248e+00
   1.5612672e-01   3.1959386e+00  -1.1118073e+00
   1.9808930e-01   3.2068575e+00  -1.1195537e+00
   1.2032956e-01   3.1522386e+00  -1.1321381e+00
   1.1282356e-01   3.1681165e+00  -1.1547826e+00
   9.2894705e-02   3.0427728e+00  -1.1473400e+00
   2.1936859e-01   2.7911166e+00  -1.2056318e+00
   7.9136740e-02   3.0691634e+00  -1.1541835e+00
   7.8662872e-02   3.0768071e+00  -1.1382603e+00
  -6.4696516e-02   3.0057320e+00  -1.1394446e+00
   2.2745594e-01   2.7096473e+00  -1.1962511e+00
   3.0225651e-02   3.0828724e+00  -1.1374197e+00
   9.0747139e-03   3.0468734e+00  -1.1401214e+00
   4.3666043e-02   3.0105337e+00  -1.1524044e+00
   2.3785030e-02   3.0353559e+00  -1.1183578e+00
   1.0859000e-01   3.0483308e+00  -1.1291437e+00
   3.0293997e-03   3.0797963e+00  -1.1210127e+00
   1.5750281e-01   2.7725389e+00  -1.1669070e+00
   3.0633042e-02   3.0672189e+00  -1.1128270e+00
   6.5864466e-02   3.0696986e+00  -1.1310283e+00
   3.8413929e-01   2.8307460e+00  -1.1633678e+00
   2.2515156e-02   3.1066353e+00  -1.1383212e+00
   3.7897340e-02   3.0840482e+00  -1.1198237e+00
   4.3078901e-02   3.0055344e+00  -1.1519914e+00
  -1.0916832e-01   2.9665491e+00  -1.1659281e+00
  -3.4724107e-02   3.0844497e+00  -1.1626927e+00
   3.2886036e-01   2.9803090e+00  -1.1503113e+00
  -1.6538275e-01   2.9385484e+00  -1.1391010e+00
   2.5757671e-02   3.1114950e+00  -1.1531212e+00
   1.3367801e-01   2.7923335e+00  -1.1755182e+00
   8.4960889e-02   2.9382285e+00  -1.1219455e+00
   1.3789595e-01   2.9832175e+00  -1.1505680e+00
   4.3773327e-02   2.9916563e+00  -1.1339442e+00
