   6.5740830e-02   3.9439278e+00  -1.0450805e+00
  -9.3401137e-02   4.3237837e+00  -1.0409286e+00
  -4.2079931e-01   4.3076263e+00  -1.0584138e+00
  -1.0811688e-01   4.3211165e+00  -1.0424737e+00
  -2.3190274e-03   4.3293301e+00  -1.1977874e+00
  -7.3416217e-02   4.3264881e+00  -1.2035054e+00
  -5.1537663e-02   4.3355179e+00  -1.2020288e+00
  -1.2715213e-01   4.1659531e+00  -1.1876302e+00
   3.6809949e-01   4.0087433e+00  -1.2134190e+00
   2.7934720e-02   4.3403956e+00  -1.1897893e+00
   2.8161433e-01   4.3280071e+00  -1.1546941e+00
   2.2845375e-01   4.3174439e+00  -1.2099477e+00
  -1.1950556e-01   4.3436759e+00  -1.1380789e+00
   1.6470687e-01   4.3313143e+00  -1.1631907e+00
   7.3370372e-01   4.3187275e+00  -9.8976403e-01
   3.8348907e-02   4.3402380e+00  -1.1495684e+00
   4.0613034e-01   4.1456890e+00  -1.1975571e+00
  -1.3532998e-01   4.3048680e+00  -1.2001594e+00
  -9.6971211e-03   4.3185738e+00  -1.2071789e+00
  -5.6174762e-02   4.3251279e+00  -1.2128465e+00
  -1.2826755e-01   4.3217098e+00  -1.2549201e+00
  -5.1212601e-02   4.3351496e+00  -1.2113325e+00
  -5.4982827e-02   4.3314439e+00  -1.1986423e+00
  -1.6355554e-02   4.3208752e+00  -1.1943731e+00
   5.9436978e-02   4.1451818e+00  -1.2191717e+00
  -8.5426702e-02   4.2935656e+00  -1.2051115e+00
  -3.7697985e-02   4.3351715e+00  -1.2167917e+00
  -3.0158272e-02   4.3380165e+00  -1.2034943e+00
  -1.0358605e-01   4.3258987e+00  -1.1868644e+00
  -5.4977537e-02   4.0671785e+00  -1.2738126e+00
  -1.6047072e-01   4.3350847e+00  -1.2016821e+00
  -6.5478008e-02   4.3324119e+00  -1.1866485e+00
   2.4700690e-02   4.3254851e+00  -1.2028747e+00
  -6.9945742e-02   4.3338735e+00  -1.1865812e+00
   1.1989790e-01   4.0472076e+00  -1.2272743e+00
  -3.3167221e-02   4.3381820e+00  -1.1948869e+00
  -8.8482725e-02   4.3330202e+00  -1.1778096e+00
  -7.9191347e-02   4.3327287e+00  -1.1763277e+00
  -6.9601796e-02   4.3339404e+00  -1.1927708e+00
   8.2891934e-02   4.0417678e+00  -1.2298633e+00
  -8.9020215e-02   4.3341466e+00  -1.1704700e+00
   5.8278493e-02   4.2099309e+00  -1.1918465e+00
   1.4434195e-02   4.1943893e+00  -1.1807369e+00
   1.2027111e-01   4.3307728e+00  -1.2025449e+00
   1.2805672e-01   4.3306887e+00  -1.2044457e+00
  -6.4120435e-02   4.3332217e+00  -1.2134249e+00
   8.5518402e-02   4.3322074e+00  -1.2148421e+00
   1.4897359e-01   3.9444195e+00  -1.2631779e+00
   9.9237389e-02   4.2287222e+00  -1.1908964e+00
  -1.1881671e-01   4.3121241e+00  -1.1857288e+00
   3.7456619e-01   4.3237778e+00  -1.1928029e+00
  -7.3909118e-02   4.3302675e+00  -1.1874583e+00
   1.1515814e-01   4.3128038e+00  -1.0120632e+00
   4.0813153e-02   4.0007931e+00  -1.0293591e+00
  -1.4532991e-01   4.3289949e+00  -1.2109181e+00
  -3.8841597e-02   4.3228785e+00  -1.3202973e+00
  -4.7810115e-02   4.3215186e+00  -1.3137375e+00
  -5.1954106e-02   4.3307549e+00  -1.2511058e+00
  -3.5733742e-02   4.2207667e+00  -1.2426313e+00
   9.5998124e-03   4.3054918e+00  -1.2852893e+00
   8.1046933e-03   4.1846691e+00  -1.2579611e+00
   1.3200712e-01   4.3178433e+00  -1.2791805e+00
  -4.4693254e-02   4.3317523e+00  -1.2756614e+00
  -1.1864872e-01   4.0933616e+00  -1.3261016e+00
  -1.2257247e-01   4.3098821e+00  -1.2805292e+00
  -3.9039342e-01   4.2754174e+00  -1.2630341e+00
  -3.3436889e-01   4.0454232e+00  -1.2785533e+00
  -2.4961222e-01   4.3156688e+00  -1.2148909e+00
  -2.9083847e-01   4.3078667e+00  -1.2311786e+00
   1.5060654e-01   4.2668688e+00  -1.2586602e+00
  -7.4176244e-02   4.3266417e+00  -1.2073005e+00
  -1.2492016e-01   4.3145085e+00  -1.2033793e+00
  -4.5152610e-02   4.3204455e+00  -1.2457243e+00
   1.5996333e-03   4.3213800e+00  -1.2320386e+00
   1.4181944e-03   4.3386908e+00  -1.2450733e+00
   1.8126620e-03   4.3350106e+00  -1.2238997e+00
   1.4160537e-01   4.1891219e+00  -1.2612483e+00
  -1.3462591e-01   4.3100150e+00  -1.2266441e+00
  -1.1183224e-01   4.2606885e+00  -1.2379878e+00
  -1.2777874e-01   4.3266925e+00  -1.2319032e+00
   1.0657585e-02   4.3244422e+00  -1.2212713e+00
   1.4314108e-01   3.9621047e+00  -1.2610414e+00
  -1.4002363e-01   4.3080298e+00  -1.2137569e+00
  -1.1848672e-01   4.3091005e+00  -1.2197293e+00
  -1.3516361e-01   4.3272524e+00  -1.1817424e+00
   1.4506328e-01   3.6327650e+00  -1.2169503e+00
  -8.1350688e-02   4.2978987e+00  -1.1850900e+00
  -3.7740768e-01   4.2502321e+00  -1.2273505e+00
  -4.4895410e-02   4.2345182e+00  -1.2494509e+00
   2.5517352e-02   4.1506274e+00  -1.2524074e+00
  -3.5857254e-02   4.2553501e+00  -1.2542043e+00
  -5.6854751e-02   4.3233494e+00  -1.2406315e+00
  -5.6964047e-02   4.3231829e+00  -1.2434794e+00
  -7.9844806e-02   4.3293896e+00  -1.2011523e+00
  -1.2889903e-01   4.3122757e+00  -1.2397975e+00
  -7.0176757e-02   4.3067672e+00  -1.3068791e+00
   1.6764053e-01   4.0464302e+00  -1.3163257e+00
  -4.6036365e-02   4.3302048e+00  -1.2715688e+00
  -6.3950227e-02   4.2635160e+00  -1.2701328e+00
  -3.0277002e-02   4.3314884e+00  -1.2761486e+00
  -3.4713820e-02   4.2957566e+00  -1.2741977e+00
  -1.2591872e-02   4.3362608e+00  -1.2580294e+00
   2.0552831e-02   4.0910997e+00  -1.2551963e+00
  -9.6252352e-02   4.0127383e+00  -1.2828710e+00
  -3.3270507e-01   4.1824186e+00  -1.2573302e+00
  -7.3409771e-02   4.2520992e+00  -1.2468724e+00
  -1.0266289e-01   4.2348822e+00  -1.2278866e+00
  -7.8521138e-02   4.3218812e+00  -1.2212391e+00
   2.3142749e-03   4.3374807e+00  -1.2525448e+00
   8.9277383e-02   4.3152828e+00  -1.2595451e+00
  -7.0010990e-02   4.1705279e+00  -1.2449824e+00
  -3.5501493e-02   4.3344877e+00  -1.2246339e+00
  -5.6994418e-02   4.1490645e+00  -1.2281236e+00
  -1.6166172e-01   4.3053615e+00  -1.2338495e+00
  -6.3472332e-02   4.3221337e+00  -1.2227831e+00
   6.1944437e-02   4.0994864e+00  -1.2603883e+00
  -6.1194303e-02   4.3181032e+00  -1.1851465e+00
  -8.0837659e-02   4.3215186e+00  -1.2003308e+00
   1.1312703e-01   3.9576060e+00  -1.2416671e+00
  -2.7244319e-01   4.2911331e+00  -1.2102454e+00
  -9.2505682e-02   4.3391158e+00  -1.1646131e+00
  -9.9020670e-02   4.3206266e+00  -1.2135493e+00
  -1.2602730e-01   4.2772915e+00  -1.2085137e+00
  -1.0348535e-01   4.3219586e+00  -1.2000746e+00
  -1.3863954e-01   4.2984834e+00  -1.2149508e+00
  -1.0202296e-01   4.3235332e+00  -1.2055534e+00
  -1.0023877e-01   4.2846550e+00  -1.2015499e+00
   2.2836590e-01   4.3243929e+00  -1.2046013e+00
  -1.3577638e-01   4.3232945e+00  -1.1715037e+00
  -9.8827930e-02   4.3230082e+00  -1.2150032e+00
  -3.6107057e-03   4.1409802e+00  -1.2292829e+00
  -1.3023192e-01   4.3160343e+00  -1.2111267e+00
   2.8925181e-02   4.3071366e+00  -1.2002963e+00
  -1.2050531e-01   4.3198363e+00  -1.1923047e+00
  -1.0300351e-01   4.3185131e+00  -1.1962323e+00
  -9.5465519e-02   4.3223003e+00  -1.2187111e+00
  -1.3361750e-01   4.3209840e+00  -1.2076742e+00
   1.0476616e-01   3.9560872e+00  -1.2760509e+00
  -9.6254621e-02   4.3157235e+00  -1.2234242e+00
  -1.3634633e-01   4.2735219e+00  -1.2170801e+00
  -1.3078894e-01   4.2724454e+00  -1.2245944e+00
  -1.3880585e-01   4.2866693e+00  -1.2238892e+00
  -2.1654014e-01   4.1454650e+00  -1.2213451e+00
  -1.0008830e-01   4.3138240e+00  -1.2124334e+00
   7.7823082e-02   3.9515467e+00  -1.2813285e+00
  -1.2756478e-01   4.2519338e+00  -1.2278810e+00
  -4.4626048e-02   4.3029099e+00  -1.2730947e+00
   6.2336269e-02   4.3363139e+00  -1.2460337e+00
   4.2117823e-02   4.3135175e+00  -1.2403191e+00
  -9.9864206e-02   4.3147671e+00  -1.2134391e+00
  -1.0973862e-01   4.3022024e+00  -1.2028271e+00
  -5.8359422e-02   4.3230339e+00  -1.2298045e+00
   1.6943005e-02   4.3408769e+00  -1.2474257e+00
  -3.5480287e-02   4.2636359e+00  -1.2159705e+00
