   0.0000000e+00   0.0000000e+00   0.0000000e+00   0.0000000e+00   0.0000000e+00  -0.0000000e+00   5.0830055e-01   6.3194951e-02  -2.8939105e-01
   5.8014517e-03  -2.1613271e-02   5.9372234e-02  -1.6068204e-05   2.0511463e-04   1.5073302e-04   4.8872228e-01   3.1090658e-02  -2.9104595e-01
  -6.7323349e-03  -2.7192521e-02   6.7934174e-02  -1.9947442e-04  -2.8150618e-04  -2.3499092e-05   5.0923413e-01   3.3654548e-04  -2.7953973e-01
   1.0022286e-02  -3.6582339e-02   7.0906165e-02  -2.5068565e-04   2.0591644e-04   8.5353909e-05   4.9671822e-01  -3.9106157e-02  -2.4574944e-01
  -1.5745946e-02   2.6885052e-02   1.0096730e-01   1.0020704e-03  -6.0955738e-05   1.3583718e-04   5.2875106e-01   7.0296951e-02  -4.2855609e-01
   1.0003679e-02  -2.8231191e-02   9.6040123e-02  -1.2143289e-04   6.6671942e-05   1.6877105e-04   3.7595580e-02  -3.9476991e-02  -4.5096122e-01
  -3.4052549e-02   5.2808494e-02   1.0540025e-01   1.3921974e-03  -1.5421774e-04  -3.2482806e-04   5.0849573e-01   1.3528257e-01  -4.3807900e-01
   4.8465669e-05  -3.0089341e-02   1.0338676e-01  -1.8486532e-04  -1.7627141e-04  -1.2433470e-04   5.3159794e-01  -4.5098054e-02  -4.3813436e-01
   5.6586811e-03  -1.0448766e-02   7.4634522e-02  -9.3678880e-05  -1.7896051e-04  -1.0872050e-04   5.3644144e-01  -5.8115693e-02  -4.4441653e-01
   8.4861872e-04  -2.3303535e-02   6.7316122e-02  -1.7175124e-04  -4.8829019e-05  -1.4459878e-04   8.1418125e-01  -3.3169736e-01  -4.7042535e-01
  -6.0191885e-03  -2.7709421e-02   3.5245552e-02   4.7283580e-05  -2.3331906e-04  -1.7774890e-04   5.3416330e-01  -2.4628020e-03  -3.8412251e-01
  -5.1667664e-04  -3.5772151e-02   3.3646737e-02  -1.2146957e-04   1.3446817e-04  -9.8028504e-05   5.4985077e-01  -3.2580663e-02  -4.0925874e-01
  -8.0093013e-03   2.6706745e-03   7.6877346e-02   5.2707028e-04   4.4358186e-05  -9.2651686e-05   6.2235466e-01   4.0876203e-02  -4.3067691e-01
   1.3205072e-02  -4.6343374e-02   3.9568423e-02  -3.4591591e-04   2.3769886e-04  -2.4692715e-05   5.3534085e-01   3.7419893e-04  -4.2518677e-01
  -2.4222589e-02   9.3057170e-03   8.9560446e-02   7.4511635e-04   3.2361964e-04  -1.8056197e-04   5.4723109e-01   4.7339586e-02  -3.7143428e-01
   4.0016426e-04  -5.7509946e-02   6.5646019e-02  -3.7153449e-04   2.2659230e-04  -3.8937245e-05   5.5948346e-01  -4.6692678e-02  -3.4064344e-01
  -1.1829470e-02   2.0831139e-03   9.8646522e-02   2.7298187e-04   1.4287420e-04  -1.1036402e-04   6.3463768e-01   6.2993921e-01  -3.4099575e-01
   1.6991737e-02  -5.4470216e-02   5.9453174e-02  -3.0580613e-04   5.3787266e-04   9.5267589e-06   6.6634793e-01   6.8480341e-02  -2.8130259e-01
  -1.3785060e-02   2.1664870e-03   6.8470192e-02   5.4682309e-04   7.7668012e-04  -9.9356871e-05   5.3632797e-01   1.6318123e-01  -2.9504997e-01
   1.6509281e-02  -5.2522403e-02   2.5348081e-02   1.5664684e-04   8.8935191e-04   5.2996067e-04   5.2944456e-01   8.4701650e-02  -3.2394182e-01
  -1.3549223e-02  -1.8893900e-02   1.0730126e-01   1.9119333e-04   3.2127542e-04  -2.7911861e-04   5.5660409e-01   1.1709680e-01  -3.4703081e-01
   2.9800095e-03  -7.4920624e-02   8.3780057e-02  -5.3432897e-04   2.3596302e-04  -1.1996614e-04   5.5105745e-01   5.6359121e-02  -3.9736162e-01
   8.8577776e-03  -1.7347925e-02   9.3333866e-02  -1.3651878e-05   6.1873561e-04  -1.0644597e-04   5.7002141e-01   6.7867108e-02  -3.9858771e-01
   1.7290487e-02  -5.2074986e-02   3.7022564e-02  -4.3097745e-04   8.4429454e-04  -1.0713026e-04   5.5197521e-01   6.8611341e-02  -3.7731050e-01
  -1.3192210e-02   2.2557873e-02   6.0255870e-02   7.1578217e-04   2.2989307e-04  -1.3175226e-04   7.9742461e-01  -1.7784861e-01  -4.4586905e-01
  -1.2508786e-02  -9.3904732e-04   4.9895734e-02   2.6361868e-04   2.2960335e-04  -2.2121827e-04   5.5177223e-01   5.4276312e-02  -3.8200490e-01
   4.9666298e-03  -6.9776459e-02   3.6110757e-02  -5.7863174e-06   3.3098312e-04   5.2468814e-05   5.6171999e-01   3.2073371e-02  -3.9164738e-01
   1.1671447e-03  -1.7486452e-02   5.0321673e-02   3.5579892e-04   3.4692847e-04  -5.6986917e-05   5.5057089e-01   3.5471563e-02  -3.6902054e-01
  -1.5254731e-02  -2.5849403e-02   9.8078253e-02   6.6440222e-04   6.1389420e-04  -2.8415770e-04   5.3190065e-01   1.8903014e-01  -3.3258132e-01
   2.3796815e-03  -8.3638926e-02   3.7608499e-02  -3.4842284e-04   4.2686608e-04   2.6529110e-05   5.4807782e-01   8.7719309e-02  -3.7425278e-01
  -1.2704891e-02  -1.5286487e-02   7.2517923e-02   2.7163677e-04   4.6734720e-04   8.4299549e-06   5.5441550e-01   9.2330576e-02  -3.8018716e-01
  -3.6064556e-03  -6.9435961e-03   6.9772912e-02   5.5533456e-04   6.2378815e-04   9.3888114e-05   5.7779995e-01   2.1956092e-02  -4.1749483e-01
   2.7388629e-03  -2.0190651e-02   6.8786991e-02  -1.5298749e-04   6.5613199e-04   1.5454547e-04   5.7092400e-01  -3.1619005e-02  -4.1434301e-01
  -4.7597178e-03  -1.3745718e-03   6.6443127e-02   2.9171449e-04   4.2667364e-04   9.6642101e-05   5.5130114e-01   1.6517250e-02  -4.2290511e-01
  -1.0311859e-02   3.0749921e-03   7.4006447e-02   3.6906331e-04   5.5806613e-04   1.0764373e-04   5.4866433e-01   6.8569090e-02  -3.7754539e-01
  -5.0885026e-04  -2.9461590e-02   6.4796545e-02   4.3227792e-05   4.3032866e-04   2.4665875e-04   5.4787354e-01   3.7989205e-02  -3.6361327e-01
  -1.1865701e-02  -1.9620105e-02   6.0018510e-02   1.9581407e-04   3.8963034e-04   1.4687427e-05   5.5493355e-01   5.5339150e-02  -3.8177170e-01
  -4.1902441e-03  -3.3968852e-02   2.1645290e-02   2.4470456e-04   4.8210105e-04   3.1991783e-04   5.4818161e-01  -9.0433139e-05  -3.9383650e-01
  -1.3807632e-02   7.2028633e-04   7.4609832e-02   5.0043649e-04   6.5919385e-04  -1.4827336e-05   5.4627343e-01   6.9368657e-02  -3.7033012e-01
  -1.1345562e-02   7.2081936e-03   5.7906481e-02   6.4947230e-04   4.8217622e-04  -1.8919439e-04   5.5617713e-01   6.0301674e-02  -3.6513078e-01
  -2.6085166e-02   1.6292833e-02   9.4976506e-02   1.1805646e-03   3.9102382e-04   2.2578498e-05   5.5311589e-01   1.2072257e-01  -3.2818394e-01
  -5.3398306e-03   3.3959971e-03   1.1797232e-01   4.1806206e-04   3.5804268e-04  -4.3750450e-05   5.4369075e-01   1.0921686e-01  -3.5179677e-01
  -2.0816569e-02  -2.1622013e-02   8.7816589e-02   1.9209482e-04   5.3710248e-05  -1.2052490e-04   5.3694678e-01   6.0206264e-02  -3.2211592e-01
  -1.5283569e-02  -3.6001652e-03   8.1606280e-02   2.9197532e-04   4.6867527e-04  -2.5625051e-04   5.3283514e-01   9.0678887e-02  -3.6140178e-01
  -9.9316867e-04  -3.8242668e-02   8.7878748e-02  -2.3303635e-04   3.6427937e-04  -1.3074630e-04   5.3282847e-01   8.4816483e-02  -3.3442325e-01
  -1.0267173e-02  -1.6057711e-02   7.0072402e-02   1.6691717e-04   3.3409612e-04  -1.5528037e-04   5.3836155e-01   1.2361871e-01  -3.4002578e-01
   1.0407854e-02  -3.0181398e-02   6.4257468e-02  -3.2557699e-04   5.7511323e-04  -3.8853951e-05   5.4681120e-01   4.0774994e-03  -3.3491849e-01
  -1.4539290e-02  -3.9348158e-02   2.8651738e-02   7.7333069e-04   8.0903115e-04  -2.5225739e-05   8.7271511e-01  -3.0233125e-01  -4.8824155e-01
  -1.9407445e-02  -8.4319327e-02   5.3076696e-02  -8.8902121e-04   3.5185268e-05  -3.3780916e-04   7.7822508e-01  -1.8188015e-01  -4.4378934e-01
  -1.3772259e-02  -7.4800429e-02  -3.3669599e-02   2.0519424e-04   4.5113943e-04   9.0887902e-05   8.1871550e-01  -3.0105740e-01  -5.2216354e-01
  -1.1217925e-02  -8.3636220e-03   8.1964270e-02   3.7437957e-04   5.6268528e-04   7.5002670e-05   7.6989195e-01  -1.2240316e-01  -4.4757841e-01
  -2.3597108e-02  -1.3894419e-02   9.2057207e-02  -1.1691930e-04   3.6679932e-05  -2.4849459e-04   5.4651368e-01   4.3574208e-02  -4.0834893e-01
  -1.2624283e-02  -2.5022410e-03   7.2682186e-02   1.5003321e-04   2.7999382e-04  -1.8305669e-04   7.5781111e-01  -1.6874018e-01  -4.3654364e-01
  -1.4024588e-02   2.0050201e-04   7.8066511e-02   1.7840999e-07   1.4734594e-04  -1.6629265e-04   5.5882565e-01   4.3138536e-02  -4.0632850e-01
   3.9816686e-03  -5.0953098e-02   5.5664059e-02  -4.4033451e-04   4.0756765e-04  -4.5664763e-05   1.0353493e+00  -6.2553241e-01  -5.5003926e-01
  -2.1726526e-02   4.0747593e-03   8.8446787e-02   3.7508751e-04   7.5406844e-05  -3.6293656e-04   5.3951314e-01   1.9511505e-02  -4.1420740e-01
  -7.2730413e-03  -3.3477592e-02   6.0598003e-02  -2.6755258e-04   1.5286139e-04  -1.4257396e-04   5.5399510e-01  -2.1813030e-02  -4.0346904e-01
  -7.4352843e-03  -2.8995342e-02   8.6798380e-02  -1.3398379e-04   1.8407187e-04   4.5693324e-05   5.4444942e-01   1.1734579e-02  -3.7145047e-01
  -3.8043574e-02   4.8987275e-02   1.2088750e-01   1.0828649e-03   2.6792914e-04  -3.1327058e-04   4.9044198e-01   7.9809666e-02  -3.8841200e-01
  -3.8819921e-02  -2.0979457e-02   9.8431261e-02   1.4713570e-04   7.3991587e-05  -3.6821753e-04   5.3560652e-01   6.6969498e-02  -3.8433117e-01
  -2.0965960e-02  -1.0863123e-01   1.8842263e-02  -1.1570668e-03  -4.8095248e-05  -2.7708745e-04   5.5645221e-01   3.9678547e-02  -3.6540499e-01
  -9.5604913e-03  -9.2894670e-02  -1.2613671e-02  -3.3108691e-04   3.1934916e-04   1.6984837e-04   5.3088160e-01   1.0072309e-01  -3.7200895e-01
  -2.1167346e-02  -1.5549738e-02   1.4825373e-02   2.8594129e-04   7.5101921e-05   4.3898293e-05   7.7739890e-01  -2.4331085e-01  -4.5796815e-01
  -3.2976328e-02  -1.7175383e-02   4.1084188e-02   3.1904874e-04   5.9523627e-05  -3.1500817e-05   4.9224360e-01   2.1643875e-01  -4.8306295e-01
  -1.7461515e-02  -2.0380213e-02   7.5638929e-02   3.2538852e-04   1.6794034e-04  -6.7420756e-06   5.6123718e-01   1.6549234e-02  -3.5552062e-01
   1.5653470e-03  -4.0743644e-02   5.4799899e-02  -9.8080405e-05   6.0400485e-04   1.2018665e-05   5.5323162e-01   1.2741041e-02  -3.8469014e-01
  -9.7977959e-03  -2.9785045e-02   9.1249594e-02   4.6835993e-05   5.0983012e-04  -4.6833307e-05   5.4700705e-01   7.2217804e-02  -3.6885050e-01
  -1.7044933e-02  -9.8819732e-03   8.8385567e-02   4.3896338e-04   5.9193139e-04  -4.9632315e-05   5.3273425e-01   7.2760406e-02  -3.7094040e-01
  -8.3011632e-03  -5.6667647e-02   8.9595179e-02  -4.0220335e-04   3.1891730e-04  -8.3833127e-05   5.5398225e-01   7.2334826e-02  -3.6131448e-01
  -1.5148391e-02  -4.3841592e-03   8.5442533e-02   4.5471433e-04   5.9415679e-04  -5.3017071e-05   5.3106298e-01   4.9164998e-02  -4.0326737e-01
  -1.1129327e-02  -4.8219012e-02   6.6237599e-02  -2.5681426e-04   3.4076883e-04  -2.0056297e-04   5.3470871e-01   5.5425321e-02  -3.8237753e-01
  -2.4072827e-02  -6.7877012e-02   3.5198432e-02  -2.6608895e-04   1.9579068e-04   9.8107086e-05   8.4251832e-01  -3.3366896e-01  -4.6824506e-01
  -2.1744945e-02  -1.1176073e-01  -7.6408918e-03  -1.1987364e-03   2.5282816e-04  -1.1613947e-04   5.8412650e-01  -2.8481185e-02  -4.0224502e-01
  -2.3455880e-02  -6.5015354e-02  -3.7132228e-02   6.5519067e-04   8.2120762e-04  -1.6008493e-04   5.3209260e-01   6.6677883e-02  -4.0045750e-01
  -1.8124392e-02  -1.7145069e-01  -7.2950781e-02  -6.8845233e-04   8.4598044e-05  -1.4534978e-04   7.8432188e-01  -1.9622955e-01  -4.7055367e-01
  -2.9954462e-02  -2.2674466e-02   7.1308259e-03   5.7707602e-04   4.8862573e-04  -1.3980405e-04   5.4049586e-01   1.1395544e-01  -4.1011666e-01
   2.1215610e-04  -1.0951742e-01   4.8648477e-02  -7.6855354e-04   8.0369478e-04   9.3997685e-05   5.5977819e-01   1.2595107e-01  -4.3009069e-01
  -1.7114812e-02  -1.0042947e-01   1.2019023e-02   2.1169006e-05   4.6443994e-04  -4.5053313e-05   5.7592648e-01   1.7106845e-01  -4.2458687e-01
  -2.4947139e-02  -1.1803311e-01   4.3991647e-02  -1.1664443e-03  -4.5751272e-05  -4.2425647e-04   5.4797633e-01   1.2223844e-01  -4.3943142e-01
  -3.7417719e-02  -1.6260263e-01  -2.0512024e-02  -9.6735709e-04  -2.9737422e-04  -5.2259322e-04   5.7198039e-01   1.0799548e-01  -4.2419916e-01
  -2.2761724e-02  -1.3051716e-01  -3.6727509e-02  -4.3799933e-04   3.5796096e-04  -7.5708567e-05   5.6297879e-01   1.4000379e-01  -3.9952563e-01
  -2.3865290e-02  -7.3777789e-02   2.2341366e-02  -2.2322616e-04   4.6550293e-04   2.5776636e-05   6.8190185e-01   1.1204372e-01  -4.2840039e-01
  -3.5791176e-02  -6.2863517e-02   2.5211746e-02   5.4373116e-04   3.6554299e-04  -2.4160773e-04   5.5308115e-01   1.7982181e-01  -4.0296992e-01
  -1.6250093e-02  -1.0275405e-01   1.2306037e-02  -2.9772991e-04   2.7446410e-04  -1.6842544e-04   5.4223008e-01   2.0330898e-01  -3.8132393e-01
  -2.4967325e-02  -7.6114916e-02   1.4233645e-02   7.6796294e-05   2.4019715e-04   6.0608299e-05   5.3386762e-01   1.3069391e-01  -3.5983839e-01
  -1.6643255e-02  -6.6837940e-02  -2.4515017e-02   3.0494736e-04   4.9869425e-04  -1.2682807e-04   7.1636647e-01  -1.5984090e-01  -3.8965471e-01
  -1.9345339e-02  -3.7423988e-02   7.9142680e-02  -1.3598679e-04   1.5438930e-04   1.9994335e-05   5.3822390e-01   1.2410857e-01  -3.5009885e-01
  -1.1134820e-02  -7.5207406e-02   7.6233698e-02  -6.6574709e-04   1.1071334e-04   1.4824317e-05   5.4777961e-01   6.9502672e-02  -3.9032835e-01
  -1.5802514e-02  -9.7980810e-02  -5.4614918e-03  -2.7378732e-04   5.5349131e-04  -2.2648853e-05   5.6740463e-01   8.7634322e-02  -4.1033024e-01
  -1.9705263e-02  -4.7046079e-02   3.4091263e-02  -8.6292060e-05   1.7160869e-04   1.5276230e-04   5.4807102e-01   1.3796416e-01  -4.0433982e-01
  -2.4277170e-02  -7.0201857e-02   3.1430688e-02   1.7398069e-04   2.3827655e-04   8.7313123e-05   5.6387420e-01   2.2264578e-01  -3.8589712e-01
  -7.6606398e-03  -1.0136921e-01   1.1755208e-02  -6.5182111e-04   4.1541347e-04   1.4842537e-04   5.4925658e-01   1.0033908e-01  -3.8952426e-01
  -5.4802869e-03  -4.9291922e-02   4.3500208e-02  -2.1205485e-04   5.3261426e-04   2.5087599e-04   5.4639808e-01   1.2915622e-01  -3.7702831e-01
  -2.5873764e-02  -1.1739652e-02   5.5908912e-02   5.7639560e-04   4.7615349e-04  -4.7130113e-05   5.3466670e-01   1.7895421e-01  -3.4991345e-01
  -2.1513994e-02  -4.1893225e-03   9.3710479e-02   6.5961464e-04   5.2459902e-04   6.4810250e-05   5.4984774e-01   1.5496315e-01  -3.7649068e-01
  -2.4034511e-02  -9.0191810e-02   3.2562980e-02   3.3393947e-06   5.6760008e-05  -1.2073791e-04   5.6148311e-01   1.5491730e-01  -3.4555797e-01
  -1.9700203e-02  -7.4609413e-02   4.9602640e-02  -1.6050288e-04   3.4602749e-04  -1.6062298e-05   5.5778719e-01   1.8972280e-01  -3.5222310e-01
   8.3753164e-03  -9.5801845e-02   2.6123402e-02  -5.9229339e-04   1.0779905e-03   3.6799765e-04   5.3433709e-01   1.7501515e-01  -3.6245569e-01
  -3.7153389e-02  -1.3442628e-02   6.7708235e-02   5.4133515e-04   3.2204644e-04  -1.0625776e-04   5.5444480e-01   1.9804003e-01  -3.4298550e-01
  -2.8621011e-02  -1.2039552e-01  -5.2187288e-03  -8.7943649e-04  -2.1375171e-04  -1.3773777e-04   7.5985444e-01  -1.5293419e-01  -4.2275969e-01
  -2.4437084e-02  -1.1937214e-01  -6.0163700e-02  -5.2307020e-04   1.2257578e-04  -9.6820011e-05   5.5755104e-01   1.5902781e-01  -3.5429519e-01
  -1.9597031e-02  -6.3692487e-02   2.1557202e-02   2.9224226e-04   4.8085809e-04   2.3860818e-04   5.5403307e-01   1.8353292e-01  -3.6111987e-01
  -3.6093545e-02  -8.7378573e-02   2.3539863e-02  -3.3129921e-04  -5.2570349e-05  -1.4760530e-04   7.6900182e-01  -1.9586215e-01  -4.0591390e-01
  -2.6479471e-02  -1.6801137e-01  -6.4616825e-02  -1.0365689e-03  -5.2937944e-04  -2.8902935e-04   5.3908798e-01   1.0639936e-01  -4.0010648e-01
  -1.5761080e-02  -6.4970617e-02  -4.0690746e-02   2.8124783e-04   2.5091145e-04   7.9234000e-06   7.5692803e-01  -2.1715110e-01  -4.0170575e-01
  -2.6030055e-02  -3.5828549e-03   6.8225284e-02   9.8965602e-04   3.9047098e-04   2.0721187e-04   4.7494280e-01   6.0775916e-02  -3.4188234e-01
  -2.9779306e-03  -2.7991031e-02   9.6165069e-02  -2.0609266e-05   1.8372958e-04   1.0487408e-04   5.1735364e-01   6.3818185e-02  -3.2944318e-01
  -2.8371387e-02  -2.5446781e-03   6.3945873e-02   7.1365584e-04   4.3215094e-04   1.1678257e-05   5.2231672e-01   7.3794627e-02  -3.1392644e-01
   6.7235003e-03  -1.2555794e-01   1.3314228e-02  -3.4097906e-04   6.9145122e-04   4.6358471e-04   5.5447893e-01   1.1932623e-01  -3.3413303e-01
  -2.4546463e-02  -9.4057859e-02  -5.8339563e-02   1.3479476e-04   3.1830920e-04  -4.4028098e-05   5.1963436e-01   1.4968073e-05  -3.4910807e-01
  -2.8620845e-02  -7.3942834e-03   6.0092150e-02   2.3707544e-04   1.5378287e-04  -6.2254471e-04   5.1984356e-01   1.2097211e-01  -3.4942504e-01
  -2.6166726e-02  -1.6487221e-01  -9.4626348e-02  -1.1704100e-03  -4.8372199e-05  -1.7998328e-04   8.5352750e-01  -2.6157160e-01  -4.4414479e-01
  -1.7671473e-02  -3.2479716e-02  -8.8381928e-03   1.9252800e-04   6.3506803e-04  -1.0790101e-04   5.2863094e-01   3.4855560e-02  -3.7440941e-01
  -1.6307733e-02  -1.1236336e-01  -6.8941184e-02  -5.6846438e-04   4.0391887e-04  -2.9157906e-04   5.3219363e-01   2.3511292e-03  -3.5937356e-01
  -2.5749765e-03  -1.0436675e-01  -7.3323816e-02  -2.8202042e-04   7.5312905e-04   3.8978080e-05   5.5302583e-01   2.9427958e-02  -3.5103864e-01
  -1.6561544e-02  -8.9370388e-03   4.8404256e-02   5.6433678e-04   6.1012438e-04   7.6546304e-06   5.1525240e-01   7.5154036e-02  -3.9391057e-01
  -1.7298712e-02  -3.2370432e-02   6.3209403e-02   3.6586166e-04   2.5466786e-04   1.0038033e-04   5.4984165e-01   3.9829195e-02  -4.0959179e-01
  -1.0641298e-02  -1.4017684e-01  -5.1145321e-02  -5.0745352e-04   6.0717472e-04   2.7304021e-04   5.4778262e-01   1.7752281e-02  -4.1456107e-01
  -6.0111005e-02   5.1464505e-02   8.0925691e-02   1.6096289e-03   1.9184508e-04  -6.1063614e-04   8.0122522e-01  -1.5721073e-01  -4.0725313e-01
  -9.0280424e-03  -3.4205954e-02   8.7260769e-02  -1.4558481e-04   2.4049145e-04   2.6154225e-05   4.8516951e-01   7.7201728e-02  -3.1744396e-01
  -2.5673679e-02  -8.7866016e-03   4.1741530e-02   3.3000252e-04   3.2451854e-04  -8.5605055e-05   7.9752865e-01  -2.1230989e-01  -3.5260565e-01
  -2.0128611e-02  -1.2196994e-01   1.1504109e-02  -5.5819866e-04   3.9354097e-04  -2.7556835e-04   5.4081818e-01   1.2230096e-01  -3.1157743e-01
  -2.5000314e-02  -1.0839381e-01   3.4864812e-02  -5.5836993e-04   2.1259505e-04   1.5076288e-04   5.4561777e-01   1.8205885e-01  -3.4441202e-01
  -5.3482881e-03  -1.2569194e-01   1.7841015e-02  -9.2005811e-04   4.7184082e-04   6.4364523e-05   5.2935323e-01   1.3842468e-01  -4.2683093e-01
  -1.3898794e-02  -6.0917505e-02  -8.4948479e-03   1.3129275e-04   4.8915137e-04   1.2129486e-04   6.9018869e-01  -4.9089055e-02  -4.6580135e-01
  -1.8811930e-02  -8.5909245e-02  -1.9628897e-02  -3.7206618e-04   5.3230942e-04   1.8960770e-04   5.3617768e-01   1.2300244e-01  -4.2174002e-01
  -2.0811190e-02  -6.8986964e-02   3.3079421e-02  -1.1417350e-04   5.1981988e-04   4.4644673e-05   5.3986665e-01   1.4526894e-01  -3.7418935e-01
  -1.3538851e-02  -3.4323797e-02   5.7130787e-02   2.9612216e-04   5.3870452e-04   1.2504298e-04   5.2348677e-01   1.3641669e-01  -3.7347830e-01
  -1.2045083e-02  -1.1706163e-01   1.4130583e-02  -3.4364877e-04   3.9280943e-04  -8.2151731e-05   5.0778274e-01   9.0564249e-02  -3.7672671e-01
   1.2360303e-03  -1.3387388e-01  -1.2876171e-02  -9.1730693e-04   5.2590984e-04  -3.6598698e-05   5.1971259e-01   1.2288089e-01  -4.2329213e-01
  -1.7474612e-02  -1.6130008e-02   4.3314572e-02   4.8616160e-04   2.3889701e-04   1.3842565e-04   5.2823410e-01   1.5096331e-01  -4.6448932e-01
   1.8804261e-03  -8.2624637e-02   2.1130568e-02  -2.3099880e-04   4.1449649e-04   2.2564636e-04   5.2926080e-01   1.5525120e-01  -3.7825796e-01
  -1.5146027e-02  -7.0715766e-02   1.1930230e-02   3.7745367e-04   4.8066950e-04   9.5800141e-05   8.0799127e-01  -1.9231936e-01  -4.5039955e-01
  -3.6343241e-02  -4.8248582e-02   5.6782174e-02   4.1693047e-04  -3.3384750e-04  -5.8181079e-05   5.3850199e-01   1.6613495e-01  -3.8369153e-01
  -1.1591004e-02  -1.0769144e-01   8.1216981e-03  -2.9550676e-04   2.5803805e-04   8.3543679e-05   5.2865309e-01   9.2109599e-02  -3.9179620e-01
  -1.6973061e-02  -5.6354444e-02   4.0366950e-02   5.0557719e-06   3.1318687e-04   1.3184435e-05   5.4378827e-01   1.6155676e-01  -4.2486268e-01
  -3.7999875e-02  -7.0774615e-02   2.9938862e-02   7.4646119e-05  -2.9065147e-04  -1.8468565e-04   5.1815443e-01   1.7466914e-01  -4.3099375e-01
   1.9600285e-03  -7.9525113e-02   3.6724253e-02  -4.8373312e-05   3.1950242e-04   1.5576167e-04   5.3588469e-01   1.4728798e-01  -4.2238395e-01
  -2.2148491e-02  -1.9311014e-02   7.7309148e-02   5.6158876e-04  -9.4158420e-05  -9.2446825e-05   5.7099030e-01   1.9825533e-01  -3.8211328e-01
  -8.4193768e-03  -4.8179675e-02   1.2061559e-02  -2.4738402e-04   2.2256374e-04  -5.3234076e-06   8.0528015e-01  -2.7381526e-01  -4.2065788e-01
  -1.4545077e-02  -2.7026078e-02   7.9682820e-02   1.5572004e-04   3.3960677e-04  -1.5174038e-04   5.5125177e-01   9.8289043e-02  -4.1315343e-01
  -1.6297154e-03  -3.5656787e-02   7.2050376e-02   1.3924156e-04   2.2403328e-04   7.1102444e-05   6.3131751e-01   1.7677986e-02  -4.2023488e-01
  -2.7313054e-02  -1.5450170e-02   9.3916649e-02   3.3547574e-04  -9.5028478e-05  -4.7201896e-05   5.2487932e-01   1.7382428e-01  -4.1579130e-01
  -3.5525879e-02   3.9982464e-02   1.1152195e-01   1.2661512e-03  -3.1584386e-04  -1.6294142e-04   9.6625838e-01  -4.4949356e-01  -5.1653580e-01
  -2.5346914e-02  -8.7508811e-02   4.2701905e-02  -5.9312037e-04  -5.2331628e-04  -5.3296629e-05   5.4059920e-01   8.5696081e-02  -4.2981376e-01
  -1.2697722e-02  -1.2044839e-01  -2.6164430e-02  -9.6390582e-04   7.5338721e-05   2.7884440e-04   5.3069059e-01   3.3541620e-01  -4.1151193e-01
  -2.2395286e-02  -2.4819398e-02   2.9108676e-02   5.8201571e-04   6.3631485e-05  -3.0978916e-05   5.3320632e-01   2.1471242e-01  -3.9712662e-01
  -3.1312276e-02  -6.5500828e-02  -1.2320885e-02   4.6576183e-04   4.4665023e-04  -1.8433325e-04   7.7514175e-01  -1.2907770e-01  -4.6260475e-01
  -3.8974109e-02  -4.4631058e-02   2.3372192e-02   2.1534905e-04  -9.3073465e-05  -1.4396831e-04   5.2860328e-01   1.2503407e-01  -3.8775624e-01
  -2.7282002e-02  -7.5435520e-02   2.3754607e-02  -2.6117123e-04  -2.3725679e-04  -1.6155610e-04   5.2648424e-01   1.0145092e-01  -3.8411064e-01
  -2.9633194e-03  -6.8603180e-02   1.5864370e-02  -3.7999627e-04   4.5401042e-04   2.9566034e-04   5.1902270e-01   1.4288572e-01  -3.9488719e-01
  -3.2809782e-02  -1.0671165e-03   1.1092463e-01   4.2642553e-04  -1.1861334e-04  -3.4618813e-05   5.1025191e-01   1.3474155e-01  -3.8057950e-01
  -4.9035367e-02  -4.0579005e-02   3.5316692e-02   5.2075239e-04  -3.6690059e-04  -3.5268251e-04   8.4708141e-01  -2.5035661e-01  -4.8815438e-01
  -3.0161048e-02  -1.6402584e-01  -2.5801641e-02  -8.2400807e-04  -5.1371410e-04  -2.0698193e-04   5.8220540e-01   4.1167596e-02  -3.9118843e-01
