   0.0000000e+00   0.0000000e+00   0.0000000e+00   0.0000000e+00   0.0000000e+00  -0.0000000e+00   1.8185655e-01   3.6731657e-02  -3.2133640e-01
   3.0661941e-03   3.1936236e-02   7.1966474e-02   9.1334435e-04   7.1596575e-05  -1.8346456e-04   1.7913525e-01   1.3832133e-01  -2.9269804e-01
   7.6223558e-03  -9.0931261e-02   9.0883572e-02  -1.3673257e-03  -1.0508717e-04  -9.3930939e-04   1.8906502e-01   1.4250631e-01  -2.6918430e-01
   1.2635687e-03  -5.7928630e-02   3.3027405e-02   2.6684614e-04   6.6753227e-05  -4.7544924e-04   2.0546629e-01   1.6253089e-01  -2.7445471e-01
   4.6810777e-03  -2.0384048e-01   1.2704025e-02  -9.0987654e-04  -5.0148569e-04  -1.1925006e-03   2.2575656e-01   1.4099168e-01  -4.2062707e-01
   9.5523839e-03  -2.2820408e-01  -1.3195788e-01  -1.1496705e-03  -4.3729193e-05  -1.0351918e-03   2.4218935e-01   2.8064457e-02  -4.1172941e-01
   9.0453062e-03  -2.4248692e-01  -1.2418110e-01  -8.5605717e-04  -2.0736460e-04  -8.6042934e-04   2.3749928e-01   8.4373055e-02  -3.9584237e-01
   1.1567097e-02  -3.8596108e-02   4.9349965e-02  -7.8959314e-05  -5.2951966e-05  -2.7266877e-04   2.8432709e-01   7.8711367e-02  -4.1011677e-01
   4.7036358e-02  -5.5238930e-02   3.3394496e-02  -2.7878376e-04   6.6901769e-04   2.5871542e-04   6.5399577e-01  -3.9231343e-01  -5.2936522e-01
   1.1894888e-02  -3.8598487e-03   6.2111626e-02   5.1273223e-04  -1.5032155e-04   1.1701622e-04   7.6937450e-01  -5.6167723e-01  -5.8363093e-01
   7.6465702e-03  -1.3373014e-02   1.0196808e-01   5.9646909e-05  -2.0800352e-04   2.8337868e-05   4.5043849e-02   5.6865696e-02  -4.9177363e-01
   7.8749524e-03  -2.5018829e-03   9.2989291e-02   3.6374806e-04  -1.8526223e-04   1.4169619e-04   5.1424480e-01  -2.3622172e-01  -5.6651174e-01
   2.0256805e-02  -1.6483673e-03   1.1613209e-01   1.2094852e-04  -6.1973724e-05   3.1558909e-05   2.3620097e-01   6.7802665e-02  -4.7250220e-01
   1.1935351e-02  -3.6342667e-02   3.4074947e-02   3.2614137e-04  -3.1223555e-04  -1.3800667e-04   5.5056584e-01  -2.7263318e-01  -5.2909686e-01
   4.6082914e-03  -7.1104096e-02   6.9791239e-02  -3.3145247e-04  -3.7818936e-04  -2.6335496e-04   2.4456859e-01   7.8564249e-02  -4.3796296e-01
   1.7450673e-02  -7.7035365e-02  -1.0253468e-02  -2.1443495e-04   1.1432583e-04  -8.0384049e-05   2.1339523e-01   2.7307907e-02  -4.2716620e-01
   9.3441538e-03  -1.8846064e-02   8.6117744e-02  -4.9632209e-04  -3.3393339e-04   6.0088790e-05   2.3020235e-01   7.1960293e-02  -4.4346839e-01
  -4.4502658e-03  -5.5146509e-04   6.7637663e-02   3.5661216e-05  -2.2910404e-04  -2.0172544e-04   2.0910764e-01   7.3313083e-02  -4.2014047e-01
  -8.3769301e-04   6.6253777e-04   8.6711202e-02   5.7053751e-05  -3.4243103e-04  -1.9173153e-04   2.2170600e-01   2.2853422e-02  -4.2658162e-01
   2.8551370e-02  -1.7759228e-02   5.9883741e-02  -1.9894706e-04   2.8638990e-05   1.5657352e-04   2.2063156e-01   1.3668514e-02  -4.3182475e-01
   2.6167494e-02  -3.3977433e-02   7.6058703e-02  -4.0170006e-04   1.1578911e-04  -6.3740034e-06   2.1299967e-01   2.0918025e-02  -4.3249571e-01
  -6.0537025e-03  -1.3236785e-01   3.9345089e-02  -1.2218642e-03  -6.8650023e-04  -8.4549791e-04   2.2325057e-01   8.6511350e-02  -4.3458399e-01
   8.3484210e-03  -2.3107402e-01  -1.0147535e-01  -1.7138371e-03  -1.8749687e-04  -5.6223596e-04   2.1427629e-01   7.2966162e-02  -4.3427643e-01
   9.4173508e-03  -1.5366475e-01  -7.4140323e-02  -9.7333139e-04  -2.1149653e-04  -4.0385881e-04   2.3154573e-01   4.8838983e-02  -4.2506140e-01
  -5.2704215e-03  -2.0708972e-01  -1.5103293e-01  -1.1758157e-03  -1.7846589e-04  -9.0685886e-04   2.5139650e-01   6.4994870e-02  -4.4274543e-01
  -1.1448540e-03  -2.2755200e-01  -1.5844939e-01  -7.6217038e-04  -2.7039085e-04  -9.1064232e-04   2.4674001e-01   2.8171234e-02  -4.1711083e-01
  -1.0675715e-03  -2.2420938e-01  -1.2610018e-01  -5.3306197e-04  -2.6830451e-04  -8.3464000e-04   2.3770203e-01   4.7570736e-02  -4.2494231e-01
   5.4740801e-03  -2.2014921e-01  -1.2351384e-01  -7.6228176e-04   1.6685384e-05  -5.9983209e-04   2.4215758e-01   4.3204673e-02  -4.2965851e-01
   2.8194061e-03  -2.3425830e-01  -1.2559024e-01  -5.1402078e-04  -1.5725752e-04  -6.0447060e-04   4.3234205e-01  -2.1968908e-01  -4.7269054e-01
   2.7656243e-03  -1.8768188e-01  -8.8799182e-02  -4.5292520e-04  -1.2534348e-04  -4.1932395e-04   4.8783857e-01  -2.9898219e-01  -4.7231165e-01
   1.1795169e-02  -8.8079366e-02  -5.7729430e-03   6.6401291e-05   1.4564353e-05  -1.3699758e-04   2.1654150e-01  -3.0116568e-02  -4.3719994e-01
   3.2958944e-02  -5.5020034e-02   4.2289654e-02  -5.1264308e-04   2.1373364e-04   1.5857649e-04   2.0176281e-01   5.1179122e-02  -4.0860571e-01
   5.4557584e-03  -3.2359328e-02   3.5860313e-02   5.5754743e-04   7.2279979e-05  -2.1696950e-04   1.8488601e-01   4.6006305e-02  -3.7178306e-01
   1.0024135e-02  -3.6561685e-02   4.7401365e-02   7.3879813e-04  -2.1818680e-04   3.3786062e-04   2.1016538e-01   5.1286561e-02  -4.3556952e-01
  -1.3404414e-02  -7.5378378e-02   3.6229875e-02   9.3823733e-04  -6.1145344e-04  -2.8442307e-04   2.1132366e-01   5.7614368e-02  -4.3648505e-01
   1.4048296e-02  -1.2251378e-01  -6.9176327e-02   1.1951636e-04  -1.2073884e-04   6.9778753e-05   6.9112827e-01  -5.0364156e-01  -5.2932809e-01
  -1.5071032e-02  -1.8776029e-01  -7.8172244e-02  -8.2820366e-04  -6.8799265e-04  -7.3868228e-04   1.7030658e-01   1.5742085e-01  -4.9497476e-01
   1.8632849e-02  -6.0924142e-02  -2.1989008e-02   9.4270270e-05   1.2118811e-04   7.0082406e-05   2.1903301e-01   1.7304330e-02  -4.6340851e-01
   1.6502042e-02  -9.9745163e-02   1.5448945e-02  -4.2387790e-04   7.0122389e-05  -2.9611164e-04   2.2704062e-01   1.3199210e-01  -4.8996216e-01
  -1.1088318e-03  -2.6769514e-02   5.2296731e-03   6.5558579e-04  -2.7800814e-04   1.6522500e-04   2.4887258e-01   2.6740667e-02  -5.0213874e-01
  -6.5692520e-03  -3.4410466e-03   3.8644088e-02   9.1229759e-04  -3.9738452e-04   8.2976928e-05   1.6110790e-01   2.1319223e-01  -4.9756033e-01
   5.3931037e-03  -1.9828007e-01  -1.0087630e-01  -1.0667533e-03  -6.2150041e-05  -8.6453863e-04   2.1756354e-01   4.5494946e-02  -4.5981618e-01
   1.8618302e-02  -1.0471024e-01   3.6932035e-03  -5.3882982e-04  -5.5800093e-05  -1.9483764e-04   1.9255359e-01   3.6832504e-02  -4.6843503e-01
   1.0651051e-02  -1.1098084e-01   4.5027547e-02  -1.0147590e-03  -4.7454229e-04  -4.9981930e-04   2.4812688e-01   3.0714334e-01  -5.0922559e-01
   1.8261422e-02  -3.1999511e-02   1.2904213e-02  -3.5092603e-04  -3.1759329e-04  -1.4204856e-04   3.9738291e-01   2.3859047e-01  -4.9229317e-01
  -1.1591640e-02  -2.2836639e-03   8.6366290e-02   4.2460576e-04  -6.1786269e-04  -9.0602140e-05   1.9951757e-01   1.2130773e-01  -4.7862014e-01
  -1.8181515e-02  -7.7718439e-02   3.2347711e-02   5.0306667e-04  -9.2915048e-04  -3.1417902e-04   2.1082982e-01   1.0441813e-01  -4.5901523e-01
  -5.1978404e-03  -6.2761847e-02  -1.0689447e-02   4.8632691e-04  -5.6640449e-04   9.9274007e-06   2.1429724e-01   8.9302857e-02  -4.6188635e-01
   5.6885140e-03  -6.6540486e-02   2.5424468e-02   5.5313992e-04  -3.7496160e-04   2.1681853e-04   4.4967718e-01  -1.3921012e-01  -5.1043577e-01
   1.7641401e-02  -2.5017347e-02   6.6421042e-02   2.7455507e-04  -2.7029636e-04   4.0412430e-04   1.8723721e-01   5.7634961e-02  -4.5178181e-01
   2.6272428e-02  -3.2440536e-02   6.3493112e-02  -3.1008454e-05   1.1948885e-05   4.1987032e-04   2.0556941e-01   1.0478454e-01  -4.6640972e-01
   5.2173609e-03   1.3958623e-02   8.2349545e-02   6.7376361e-04  -4.9850445e-04   1.9926285e-04   2.2817287e-01   9.7976538e-02  -4.5704341e-01
  -7.9423905e-04  -3.4531853e-03   6.5664629e-02   7.0386303e-04  -5.8357022e-04   3.5984011e-04   1.8932332e-01   5.8785596e-02  -4.6012198e-01
  -1.9891900e-03   1.9836947e-02   6.6124956e-02   7.0905671e-04  -4.8481177e-04   3.9195094e-04   2.3264739e-01   1.0102697e-01  -4.4237703e-01
  -1.9984320e-03  -1.5271290e-01  -5.0498907e-02  -9.8113449e-04  -5.2712480e-04  -5.2734509e-04   1.9274156e-01   3.9344462e-02  -4.8348328e-01
  -4.1734006e-03  -2.0266116e-01  -7.6581503e-02  -1.9151111e-03  -1.0678449e-03  -2.8273673e-04   2.0812301e-01   2.3364878e-02  -4.6057917e-01
  -1.2582935e-02   6.3430526e-03  -5.2811911e-03   7.4191098e-04  -4.3743248e-04   1.1680280e-04   4.0298807e-01  -9.8639460e-02  -4.9579187e-01
   1.2136513e-02   9.6788113e-04   6.1475958e-02   3.6377612e-04  -3.5213612e-04   3.3052647e-04   2.0259390e-01   2.1764717e-02  -4.7026950e-01
   2.1146739e-02  -3.1708060e-02   7.1854194e-02  -9.5275110e-05  -2.6702734e-04   4.4037248e-04   3.0830489e-01  -5.9861665e-02  -4.9625586e-01
   8.5102596e-03  -1.6028899e-02   7.8426120e-02   2.7039496e-04  -3.4122697e-04   3.4613872e-04   4.4626626e-01  -1.7129343e-01  -5.0404570e-01
  -4.2181635e-04  -2.4988392e-02   7.9045178e-02   1.2041655e-04  -4.9181914e-04   1.0805136e-04   5.3272973e-01  -2.3411533e-01  -5.1338249e-01
   9.3956841e-03  -3.6980231e-02   3.9070434e-02   1.7583548e-04  -2.9515890e-04   2.6713415e-04   3.1192169e-01   4.6316568e-01  -4.5340845e-01
  -3.2190129e-02   8.5463819e-02   6.7457915e-02   2.4645434e-03  -8.7202201e-04  -1.9843823e-04   1.9791267e-01   1.3975183e-01  -4.8026929e-01
  -7.0962858e-03  -4.7645140e-02   3.4177781e-02   1.1123013e-03  -5.6879683e-04  -5.3667687e-05   2.1878496e-01   4.9917383e-02  -4.8322473e-01
  -9.0428570e-03  -2.4683891e-02   2.3912331e-02   6.5759173e-04  -4.3445303e-04   1.5363649e-04   2.6996973e-01   1.4160609e-01  -4.6808184e-01
   7.6880020e-03  -1.7177113e-01  -8.8235042e-02  -4.7176673e-04  -4.0686735e-04  -1.8789657e-04   2.1715254e-01   4.3085137e-02  -4.6698922e-01
  -1.0624300e-02  -2.0012911e-01  -1.1715583e-01  -1.3448637e-03  -5.2293950e-04  -6.3695174e-04   2.2606724e-01   7.4327204e-02  -4.6273682e-01
  -5.0935321e-03  -2.2586873e-01  -1.0561462e-01  -2.1848477e-03  -7.8951395e-04  -5.0915176e-04   2.0310720e-01   3.3452985e-02  -4.5967494e-01
  -1.1954526e-02  -2.5270667e-01  -1.5261955e-01  -1.0293422e-03  -5.4961124e-04  -6.4082859e-04   2.0134137e-01   1.7816592e-02  -4.5761583e-01
  -1.4928425e-02  -1.8155587e-01  -7.0096619e-02  -1.0894665e-03  -9.2306397e-04  -4.9487456e-04   2.1370954e-01   1.0462839e-02  -4.6487816e-01
  -4.1673347e-03  -1.7292361e-02   1.1463895e-02   3.4804302e-04  -4.1382791e-04   1.7699993e-04   1.9076213e-01   6.1634644e-02  -4.7361464e-01
  -4.4637895e-03  -2.0509899e-01  -2.8383740e-02  -7.2293837e-04  -5.1583592e-04  -4.8947401e-04   2.0245673e-01   2.4051046e-02  -4.4022312e-01
  -2.6340986e-02  -1.5244296e-01  -5.6822574e-02  -4.0480641e-04  -7.7040668e-04  -7.0174517e-04   4.4475497e-01  -2.1747117e-01  -4.8187149e-01
  -2.4954994e-02  -1.8017190e-01  -2.4829443e-02  -2.5607918e-04  -7.0677009e-04  -8.4816927e-04   2.2240623e-01   4.1899840e-02  -4.0877009e-01
  -2.5688632e-02  -8.6612263e-02  -5.7663124e-03   1.0065900e-03  -5.5036124e-04  -5.3476296e-04   5.4561164e-01   3.4335652e-01  -4.7866116e-01
  -3.0713279e-02  -1.0733587e-01  -1.2525874e-02   7.4051820e-04  -9.2498016e-04  -5.8574436e-04   2.4850779e-01   4.5158462e-02  -4.8485231e-01
  -1.5095441e-02  -8.4462777e-02  -6.4105769e-02   1.2317677e-03  -5.0384996e-04   2.6695326e-05   2.2837208e-01   5.3992668e-02  -4.9371413e-01
  -1.1282792e-02  -6.0913850e-02   1.1146038e-02   1.1357187e-03  -4.6967663e-04   1.3747765e-04   2.3422419e-01   4.7799781e-02  -4.9128653e-01
  -1.3797444e-02  -1.1234979e-01  -4.1593630e-02   1.2111723e-03  -3.2254160e-04  -1.7622894e-04   2.2961265e-01  -6.2806749e-03  -4.6653404e-01
   3.6229124e-04  -1.2796893e-01  -7.3054760e-02   1.0827517e-03  -4.7973905e-07  -2.1390243e-04   2.4748896e-01   3.8990210e-02  -4.6554496e-01
  -4.8270297e-05  -2.0450992e-02   5.6883220e-02   1.2158983e-03   1.2130936e-04   1.1834441e-04   2.1415198e-01   8.6900772e-02  -4.5531343e-01
   1.1051167e-02  -8.1998633e-02   5.2019722e-02  -1.1852231e-04  -2.9190129e-05  -3.8806919e-04   5.5110950e-01  -3.3923802e-01  -5.4112575e-01
   1.2293547e-02  -4.4396279e-02   6.3841152e-02   6.8942221e-04  -1.8102784e-04   3.4579514e-04   2.0518452e-01   9.2520307e-02  -4.7895295e-01
   1.7433562e-03  -1.7451730e-01  -1.0507649e-02  -1.2273572e-03  -5.7231094e-04  -8.5772269e-04   2.3105445e-01   5.6728772e-02  -4.8434851e-01
  -4.4523550e-03  -1.1457666e-01  -2.6012427e-02  -7.0428572e-04  -5.4860575e-04  -3.5300757e-04   2.7369536e-01   1.9355642e-01  -4.5084894e-01
  -3.3876536e-03  -1.1456769e-01  -3.0421754e-03  -8.1642692e-04  -2.2937612e-04  -4.5264236e-04   5.2492887e-01  -2.5873836e-01  -4.8107775e-01
  -2.4733634e-02  -2.0304487e-02   4.2636057e-02   1.1183713e-03  -4.9468788e-04  -6.2989168e-05   2.0380849e-01   8.7489526e-02  -4.3514934e-01
  -1.0026687e-02  -9.1055523e-02   1.1575707e-02   2.8411941e-04  -4.4777790e-04  -3.5609149e-04   2.0767895e-01   6.2608053e-02  -4.5528152e-01
  -1.0901487e-02  -4.0789629e-03   2.8616983e-03   1.3784083e-03   1.0692377e-04  -3.6472329e-04   6.3647538e-01   2.8369283e+00  -2.9529687e-01
  -4.6873828e-03  -7.2562878e-02   2.9600675e-02   2.2380151e-04  -1.3666558e-05  -5.0846731e-04  -2.3540970e-01   3.1706873e+00  -2.8543329e-01
  -1.2332545e-02  -7.3381698e-02   5.6413489e-02  -7.7175718e-04  -4.8898021e-04  -2.0729675e-04   2.6755621e+00   4.3404735e+00  -2.8437664e-02
  -3.0041393e-02  -1.8480920e-02   1.2555199e-01  -8.3113324e-04  -8.3472553e-04  -5.4890500e-04   2.9718815e+00   3.8415934e+00  -9.4175197e-03
  -2.8315595e-02   8.5184281e-03   9.0854907e-02   6.4716248e-04  -8.1075327e-04  -5.5958815e-04   3.1068348e+00   2.1741912e+00  -4.0876960e-01
  -6.5811130e-03  -2.0522019e-02   7.9781273e-02  -4.3900436e-04  -5.7043874e-04  -4.1467771e-04   1.3875655e+00   4.3434557e+00  -4.5435281e-02
   4.2444775e-02  -1.2345583e-01  -1.7245924e-03  -1.3387290e-03   5.0355492e-04  -5.9319392e-05  -2.0330590e+00   2.8944126e+00  -4.5781116e-01
   6.8569451e-03  -1.3218620e-01  -1.6562635e-03  -1.5863681e-03  -2.4032480e-04  -4.0566925e-04   1.7157227e-01   5.2682582e-01  -4.9743999e-01
   9.5271434e-03   4.7918818e-03   2.4934898e-02   1.5805780e-04  -1.5210591e-04  -2.4208162e-04   2.1188566e-01   1.7975612e-01  -4.5961056e-01
  -1.3566085e-02  -1.9629000e-01  -4.8067305e-02  -6.4301642e-04  -7.2634397e-04  -7.8045291e-04   2.4034231e-01   1.5187155e-01  -4.5314407e-01
  -1.1866001e-02  -3.7286706e-02   4.2141623e-03   3.2040317e-04  -5.0577080e-04  -4.2313647e-05   2.1079774e-01   1.6186020e-01  -4.2630289e-01
   1.7464188e-04  -1.5633960e-02   1.0219678e-01  -2.1705202e-04  -5.5128688e-04  -1.6349421e-04   2.5267005e-01   4.7426206e-02  -4.3259357e-01
  -1.1053815e-02  -3.1391658e-03   9.8913407e-02  -2.3774042e-04  -7.8750275e-04  -3.0756135e-04   2.5295901e-01   1.4920513e-01  -4.2123163e-01
   8.9497558e-03  -1.7170327e-02   6.9138289e-02  -4.2346694e-04  -4.1996483e-04  -2.5373059e-05   1.8716780e-01   1.5752291e-02  -4.3923191e-01
  -1.4288815e-02  -2.2239653e-02   7.8245199e-02   7.6745438e-04  -8.7862693e-04   1.8889691e-04   2.1178527e-01   6.9227773e-02  -4.4471764e-01
  -2.1355072e-02   8.8630804e-03   7.4917660e-02   3.3795803e-04  -8.5564114e-04  -1.3396844e-04   4.9272036e-01  -2.6841744e-01  -4.9223918e-01
   1.9244138e-02  -4.4619127e-03   3.2601483e-02   1.4781870e-04  -1.1721244e-04  -3.4646749e-05   1.9656460e-01   3.1053268e-02  -3.9109539e-01
  -1.6668959e-02   3.2145242e-02   7.9463164e-02   1.0637676e-03  -8.1726411e-04   3.9893413e-05   1.8910013e-01   3.5622958e-03  -4.2946176e-01
  -2.7593434e-03  -3.7445437e-02   6.1243677e-02  -4.9043211e-04  -8.9629741e-04  -2.9619815e-04   2.2497831e-01  -6.9392057e-02  -4.2558821e-01
  -2.0222822e-03  -4.0190712e-02   1.5339195e-02   9.4798833e-05  -6.9522575e-04   2.1910703e-05   4.7738536e-01  -2.9766533e-01  -4.9227274e-01
  -1.6120673e-02   2.5548230e-02   3.2495721e-02   9.1577202e-04  -8.1093852e-04  -9.3718992e-05   1.8481795e-01  -2.3736332e-02  -4.4992368e-01
  -1.2230023e-02  -2.4553748e-01  -9.6142373e-02  -1.4123982e-03  -1.0151293e-03  -5.9872081e-04   2.0284266e-01   2.7148268e-02  -4.2209635e-01
  -6.2700731e-03  -4.2050515e-02  -2.8859657e-02   4.5479724e-04  -4.3504602e-04   6.1552456e-05   2.1754270e-01   6.3504906e-02  -4.4696924e-01
  -1.6761866e-02  -7.4062783e-02   3.0934386e-02   3.1101028e-06  -4.6370202e-04  -5.8812341e-04   2.0456324e-01   2.3715860e-02  -4.3678354e-01
  -6.2739431e-03  -7.7886225e-02   4.6337438e-02  -1.2608884e-03  -8.8101954e-04  -4.4748569e-04   1.2754631e-01   3.4518447e-02  -4.4789558e-01
  -2.1505659e-02  -2.0169779e-02   5.8067616e-02   4.1249290e-04  -9.9201636e-04  -2.0608449e-04   1.9860270e-01   4.8502168e-02  -4.3498152e-01
  -7.1849425e-03  -8.7587399e-03   7.7404426e-02   4.5873191e-05  -9.3328647e-04  -4.1075213e-04   4.8324390e-01  -3.2461719e-01  -5.0837490e-01
  -8.2545051e-03  -1.0722620e-02   3.9070162e-02   4.9755436e-04  -8.9158428e-04  -1.7520143e-04   1.7362666e-01   1.1152266e-02  -4.2775863e-01
  -1.6157552e-02  -6.3353800e-02   8.9798450e-02   5.1836470e-04  -1.3300408e-03  -4.3177158e-04   1.8438469e-01   7.6779696e-02  -4.4316999e-01
  -3.4413672e-04  -2.9524716e-02   1.1956074e-01  -6.1972375e-04  -1.0295611e-03  -2.6253891e-04   1.9294990e-01  -1.3707311e-02  -4.5262006e-01
   1.8925393e-02  -2.0056170e-02   5.2894734e-02  -3.5637353e-04  -6.5142750e-04  -1.2074378e-04   4.7050382e-01  -3.1462447e-01  -5.1853296e-01
  -8.7523969e-03  -4.5136306e-02   7.0410212e-02  -1.8380186e-04  -1.1713181e-03  -1.2356868e-04   1.8149566e-01   2.2745852e-02  -4.5043717e-01
  -1.0687344e-02  -8.6415008e-02   5.5728398e-03   2.7080170e-05  -9.4283135e-04  -3.7933842e-04   1.8519881e-01   8.1766743e-02  -4.7530539e-01
  -1.6956478e-03  -5.3052319e-02   4.4302895e-02  -6.5673486e-04  -9.0716100e-04  -2.8303763e-04   1.8992064e-01   3.5647834e-02  -4.7141581e-01
  -2.7598781e-02  -5.0997302e-02   1.0530477e-02   6.0416943e-04  -1.3896428e-03  -4.1131026e-04   1.8056991e-01   2.9837549e-02  -4.6107772e-01
  -3.9433341e-03  -1.5326915e-01  -4.0835720e-02  -2.8682551e-04  -1.0022935e-03  -2.9255537e-04   2.0265931e-01   3.5696335e-02  -4.7726562e-01
  -2.3976358e-02  -6.5389418e-02  -1.1616700e-03  -4.3837007e-04  -8.7506233e-04  -8.4129532e-04   1.7409977e-01   5.9004960e-02  -4.6729732e-01
   5.7747561e-03  -5.5873622e-02   3.7134709e-02  -4.4929767e-04  -8.1723387e-04  -5.2029402e-04   1.2192090e-01  -3.3789463e-02  -4.4553754e-01
  -1.7965813e-03  -1.8851190e-02   6.0702286e-02  -6.3925531e-05  -9.6208291e-04  -3.2726121e-04   1.8686616e-01   2.8159087e-02  -4.4182286e-01
  -4.3858144e-03  -3.2643182e-02   7.1596569e-02  -2.5267514e-04  -1.2608721e-03  -3.9573568e-04   3.0586022e-01  -1.6860803e-01  -4.6642867e-01
  -1.9195882e-02  -5.9521698e-02   7.2336718e-02   3.6014179e-04  -1.3349897e-03  -4.4416660e-04   3.3011150e-01  -1.3423649e-01  -4.4012661e-01
  -1.8389142e-02  -1.2877488e-01   9.3602527e-03  -4.7904643e-04  -9.2479681e-04  -7.2196784e-04   1.9877605e-01   9.1808275e-03  -4.1091347e-01
  -9.1954264e-03  -9.9564210e-02   1.7452997e-02  -3.6960795e-04  -9.0960584e-04  -5.0891554e-04   1.8900493e-01   3.7612586e-02  -4.3171770e-01
  -2.3027023e-02  -3.0180533e-02   3.0610354e-02   1.2208834e-03  -8.5962307e-04   6.6760974e-05   1.9583091e-01   5.6944029e-02  -4.1552534e-01
  -2.8777196e-02  -1.0968345e-01  -9.0509564e-03   8.0834523e-04  -1.0735969e-03  -9.0486577e-05   2.1199812e-01   6.7714735e-02  -4.0739380e-01
  -6.4342639e-03  -1.0804348e-01  -3.8439018e-02   6.2189847e-04  -9.0184846e-04   5.0803272e-05   2.1413294e-01   8.2956593e-02  -4.5459371e-01
   7.2636233e-03  -1.4920077e-01  -7.8832602e-02  -8.8766241e-05  -6.7527708e-04   2.8358016e-05   2.1879056e-01   5.4875174e-02  -4.4353688e-01
  -1.7668006e-02  -3.3717719e-02   2.5685032e-02   1.7005963e-05  -9.6330013e-04  -2.3809377e-04   2.1183714e-01   9.9865095e-02  -4.0450914e-01
  -2.8834623e-02  -1.2582974e-01  -2.0698338e-02  -1.4555625e-04  -1.2185320e-03  -4.2108604e-04   2.0658984e-01   1.0818255e-01  -4.2747742e-01
  -1.3928951e-02  -2.3162648e-01  -6.0096127e-02  -1.3683400e-03  -1.3276757e-03  -8.1662249e-04   2.0415053e-01   5.2682002e-02  -4.3648829e-01
  -2.2207383e-02  -2.9188486e-01  -1.4750046e-01  -9.6699571e-04  -1.6253762e-03  -5.7984155e-04   2.2058143e-01   7.6654951e-02  -4.1760547e-01
  -1.1753035e-02  -1.2241549e-01  -2.6528078e-02  -6.2720148e-04  -9.1525374e-04  -2.8486909e-04   3.9214530e-01  -1.6227573e-01  -4.6554472e-01
  -7.8619069e-03  -6.3003434e-02   5.1088501e-02  -3.3425008e-04  -1.2397008e-03  -1.6783274e-04   2.0812002e-01   7.1071952e-02  -4.3505252e-01
   4.7343109e-03  -5.0203528e-02   2.8377007e-02  -4.1289068e-04  -9.0636368e-04   1.8735868e-04   1.7005129e-01   6.7844443e-02  -4.4877079e-01
  -1.7546050e-02   1.6951086e-02   7.3647424e-02   1.3183687e-03  -1.1419282e-03   2.3403118e-04   2.2059173e-01   2.6384205e-01  -4.3544403e-01
  -2.4139184e-02  -6.6894543e-02   4.0132389e-02   5.6159218e-04  -1.0467849e-03  -1.3153354e-04   1.9913212e-01   1.2291969e-01  -3.9543633e-01
  -8.4057877e-03  -1.6401170e-01  -2.5348547e-02   4.3269134e-05  -9.0878347e-04  -3.1125138e-04   2.3261042e-01   8.0114086e-02  -4.3746369e-01
   2.8937470e-03  -1.6712290e-01  -4.7033933e-02  -5.7531332e-04  -7.6395395e-04  -1.5155048e-04   2.0726522e-01   6.5532623e-02  -4.4525665e-01
  -4.3515556e-02   8.6312273e-02   8.9475546e-02   2.0804307e-03  -1.3712977e-03  -6.1799727e-04   3.4379596e-01   1.7057088e-01  -4.2853707e-01
  -2.4802052e-02   1.7694723e-02   7.8951137e-02   1.2808164e-03  -9.1013851e-04  -4.2305248e-04   2.1835637e-01   1.2576977e-01  -4.2728000e-01
  -1.3354212e-02  -8.8195773e-03   6.3681518e-02   6.4606735e-04  -6.6984111e-04  -2.9090536e-04   1.9319435e-01   1.1371854e-01  -4.2555211e-01
  -1.6124887e-02  -6.4230090e-03   5.4130039e-02   8.1392634e-04  -9.5436933e-04  -5.1712457e-04   5.0107996e-01  -2.9409802e-01  -4.9867010e-01
  -5.8982939e-03  -1.9057449e-02   7.4447846e-02   1.1700381e-04  -8.9595046e-04  -2.6689145e-04   1.9657873e-01   1.9832524e-02  -4.2642343e-01
  -1.8692721e-02  -1.0985778e-01  -1.1025155e-03  -8.3710385e-05  -1.1452689e-03  -4.9851569e-04   2.1370338e-01   1.2029911e-01  -4.2032549e-01
  -1.1294955e-03  -3.8037592e-02   7.4019894e-02  -4.4559283e-04  -8.0927249e-04  -3.7209871e-04   2.0020276e-01   1.4001771e-01  -4.4476905e-01
   7.2887469e-05  -3.4912681e-03   5.7619344e-02  -6.5241699e-05  -8.8527010e-04   6.6109212e-05   3.0200523e-01   1.7926731e-01  -4.4130631e-01
