   0.0000000e+00   0.0000000e+00   0.0000000e+00   0.0000000e+00   0.0000000e+00  -0.0000000e+00   8.8354075e-01   4.3258982e+00   3.7721642e-01
   1.5504805e-02  -8.9907593e-02  -3.9334039e-02  -1.6673085e-03   3.2708252e-04   5.5133560e-05   4.0504492e-01   3.1170911e+00  -1.6572872e-02
   5.2615067e-02  -1.2088779e-01  -7.5819880e-02  -2.1888688e-03   7.0721801e-04   9.6960924e-04   5.5379798e-01   3.7011269e+00   2.8875042e-01
   4.5132498e-03  -2.5347815e-02  -4.3434698e-02  -5.2832439e-04   1.2481052e-04   4.5419049e-04   7.2290907e-01   4.2766003e+00   3.8257085e-01
   2.4140479e-02  -8.1545543e-02  -5.7503404e-02  -7.5895120e-04   6.1408001e-04   4.6209939e-04   3.1990786e-01   9.3151235e-01  -3.2686875e-01
   3.0235329e-02  -1.0082804e-01  -6.7216926e-03  -1.8898634e-03   7.4012880e-04   5.9688301e-04   1.6190465e-01   4.5086346e-01  -4.3703223e-01
   6.4432625e-04  -7.3072951e-03   3.9283491e-02  -2.9121195e-04   1.6097617e-04   6.0579411e-04   2.0779255e-01   3.8749858e-01  -4.0554418e-01
   1.9513602e-02  -7.8869349e-02  -5.3360911e-02  -1.1493493e-03   4.7599968e-04   6.9232130e-04   3.6520086e-01   8.1755622e-02  -4.2366561e-01
   4.7277213e-02  -1.6098151e-01  -6.2046354e-02  -2.1064026e-03   8.7052945e-04   1.0317267e-03   1.4969409e-01   3.0259359e-01  -3.6128266e-01
   1.0768847e-02  -4.9181537e-02  -1.8463084e-02  -8.9754342e-04   5.2422638e-04   9.4537580e-04   1.7731936e-01   3.6244493e-01  -3.5325471e-01
   3.2794674e-02  -6.5961191e-02  -5.2935341e-02  -6.5077317e-04   5.9610311e-04   1.0260886e-03   3.9116911e-01  -5.7708347e-03  -4.1582896e-01
   1.1048602e-02  -8.1274344e-02  -5.6089646e-03  -1.3260002e-03   1.9667804e-04   5.0878024e-04   1.4206198e-01   4.3103196e-01  -3.4298289e-01
   4.2260744e-02  -1.5386651e-01  -3.9934955e-02  -2.3567278e-03   9.1871961e-04   6.4053864e-04   1.0034721e-01   4.0881350e-01  -3.0981534e-01
   1.8832451e-02  -8.8515923e-02  -1.9140282e-02  -1.3139014e-03   3.6868166e-04   5.7590439e-04   1.0544271e-01   3.8070292e-01  -3.1329154e-01
   2.9585534e-02  -7.6908178e-02  -6.4035131e-03  -1.4419975e-03   4.5345153e-04   5.3268148e-04   9.5671383e-02   4.1323775e-01  -3.1204063e-01
   3.1852769e-02  -1.4573084e-01  -2.1836303e-02  -2.6822835e-03   3.9468148e-04   3.4585297e-04   2.3256846e-01   3.9038291e-01  -2.9616784e-01
   2.7493013e-02  -1.1269802e-01   1.4689977e-02  -2.0280782e-03   4.0357163e-04   4.2156299e-04   1.2432762e-01   4.6032801e-01  -3.0159116e-01
   2.9578821e-02  -1.4016179e-01  -1.7209959e-02  -2.6486512e-03   4.8058579e-04   4.0858426e-04   3.9337692e-01   2.1743794e-01  -3.8667617e-01
   6.9942569e-05  -4.4173801e-02   4.3128754e-02  -8.8292592e-04   9.3467368e-05   4.2576854e-04   1.4771055e-01   4.3809547e-01  -3.1478932e-01
   2.4939096e-02  -1.1361237e-01  -2.3526623e-03  -1.9155724e-03   2.5783739e-04   4.7445258e-04   3.2052699e-01   1.3854528e-01  -4.1538329e-01
   2.3465340e-02  -1.0809024e-01  -1.6829230e-03  -2.5070273e-03   1.7998713e-04   4.4830083e-04   1.2271603e-01   4.3973189e-01  -3.3005104e-01
   2.0706159e-02  -1.1452672e-01  -1.3312521e-02  -2.1554329e-03   1.4843883e-04   3.8636763e-04   3.6460133e-01   8.8833294e-02  -3.5755962e-01
   3.0494034e-02  -1.3201235e-01  -1.5302164e-02  -2.5776558e-03   4.2768408e-04   3.9455228e-04   1.1122397e-01   3.5812134e-01  -3.3045118e-01
  -3.1582344e-03  -2.0801628e-02   2.9424076e-02  -3.2294749e-04  -7.6867962e-06   3.7458005e-04   1.4630632e-01   4.3914272e-01  -3.3921946e-01
   2.0302409e-02  -1.2969037e-01  -1.6071697e-02  -2.3654418e-03   2.2872741e-04   2.9397149e-04   1.0905779e-01   3.7902494e-01  -3.3850996e-01
  -1.3296258e-03  -7.7994891e-02   1.2574258e-02  -1.0703949e-03   1.0205398e-04   2.4303747e-04   1.3228083e-01   3.5081250e-01  -3.2127698e-01
   2.5874719e-02  -1.5715066e-01  -1.5009570e-02  -2.5340974e-03   3.8500103e-04   3.4604047e-04   1.0615237e-01   4.3965766e-01  -3.1159552e-01
   4.6829949e-03  -9.1002040e-02  -1.1962637e-02  -1.4771448e-03   5.1736763e-05   3.8689727e-04   1.2139588e-01   4.1671732e-01  -3.0587335e-01
  -4.8180645e-03  -1.3844341e-01  -9.0863545e-04  -2.1997981e-03  -2.1344346e-04   2.0241491e-04   3.8558813e-01   1.7137210e-01  -3.7593146e-01
   1.2518312e-02  -1.4411678e-01  -4.6019159e-02  -2.3109231e-03   2.0418143e-04   3.9732939e-04   1.4977388e-01   3.7056101e-01  -2.9967252e-01
  -1.7455039e-03  -8.8729202e-02  -2.9365065e-02  -1.1917197e-03   2.0295755e-06   8.0616390e-04   1.2497439e-01   4.2412925e-01  -3.1397271e-01
   2.5536268e-02  -1.1954746e-01  -2.6640509e-02  -2.2179449e-03   1.9054907e-04   6.8876461e-04   3.6727497e-01   1.2460980e-01  -3.8511076e-01
   5.9374609e-03  -1.2063499e-01  -5.7486601e-02  -1.9820343e-03   1.4079946e-04   3.9395944e-04   1.4205915e-01   4.1745467e-01  -3.4054137e-01
   2.4485585e-02  -1.4493087e-01  -2.9173797e-02  -2.4677860e-03   3.7560684e-04   9.0956571e-04   1.1679561e-01   4.5498369e-01  -3.5003205e-01
   1.1965870e-02  -7.8124947e-02  -7.1183979e-04  -1.3089407e-03   2.1831665e-04   5.5399925e-04   1.5176906e-01   4.3440560e-01  -3.3846711e-01
   7.6680477e-03  -9.5599827e-02   3.0685591e-03  -1.7337511e-03  -1.7942540e-05   7.8041336e-04   1.3182697e-01   5.0593635e-01  -3.2928065e-01
   5.2231836e-03  -7.7864165e-02  -2.6258320e-03  -1.1245976e-03   1.4300294e-04   6.5868693e-04   1.4551961e-01   4.5765355e-01  -3.1409476e-01
  -9.8698933e-03   7.3726181e-03   2.0621519e-02  -2.2553453e-04   6.6810248e-06   3.5250466e-04   5.4543502e-01  -7.7140059e-03  -4.0938886e-01
   4.8864927e-03  -1.3666477e-01  -1.9256078e-02  -1.3995139e-03  -5.1692422e-04  -4.0997564e-05   4.3322399e+00   4.0977548e+00  -5.2551884e-02
  -2.2196400e-04  -8.8823006e-03  -7.7163368e-02   1.0703768e-04  -1.7097890e-04   9.0371436e-05   1.2966526e+00   3.7328512e+00  -1.0143433e-01
   2.0556463e-02  -5.8048932e-02  -5.7371024e-03  -1.0982992e-03   2.2110731e-04   1.5057192e-04   3.4309147e-01   1.8312685e+00  -2.5110730e-01
   2.4092463e-02  -6.7185394e-02  -1.2742903e-02  -1.4206928e-03   5.5031538e-04   3.8124422e-04   1.0537972e-01   6.1913834e-01  -3.5218432e-01
   9.7332946e-03  -7.4242995e-02   3.4005928e-02  -1.4483116e-03   1.1121175e-04   1.8449921e-04   2.9288222e-01   8.6981936e-01  -3.1923408e-01
   2.3270348e-02  -1.0450110e-01  -5.0417858e-03  -1.2245385e-03   6.7365083e-04   4.8078810e-04   3.5107104e-01   1.9083766e-01  -3.5433203e-01
   2.4049682e-02  -1.0693002e-01   9.8953275e-03  -1.8996461e-03   6.9767682e-04   5.7971624e-04   1.3811852e-01   4.9451070e-01  -3.1993599e-01
  -5.9757587e-03  -1.2994701e-03   4.3707356e-02  -8.5965341e-05  -1.6574658e-05   5.1919476e-04   1.8511417e-01   5.8550615e-01  -2.8907763e-01
  -1.3430867e-03  -4.9122889e-03   6.2005412e-02  -3.4973490e-04  -2.5272384e-05   3.4168053e-04   1.7170078e-01   5.7169561e-01  -3.0847728e-01
   1.6495333e-02  -7.8627153e-02  -8.6709994e-03  -1.2799514e-03   3.0200541e-04   6.8100771e-04   4.4221242e-01   1.7187430e-01  -3.6128408e-01
   9.5460904e-03  -1.0959843e-01  -3.6671119e-02  -1.7070855e-03   2.5803268e-04   5.9577864e-04   1.0949307e-01   5.0020728e-01  -3.0764298e-01
  -3.7318693e-03  -1.6185294e-02   2.5529044e-02  -4.0312717e-04   1.2226682e-04   2.3878379e-04   1.5774390e-01   5.0520855e-01  -3.7735199e-01
  -1.5200528e-03  -2.2729392e-02   2.5103534e-02  -5.3586563e-04  -1.4762444e-04   5.0829649e-04   1.6839296e-01   5.0698792e-01  -3.3769819e-01
  -2.9935793e-03  -6.9158989e-03   5.9125641e-02  -3.9316588e-04  -2.4473703e-04   5.1728223e-04   1.5653644e-01   4.8700704e-01  -3.2582297e-01
  -5.5209752e-04  -1.7189547e-02   1.5098983e-02  -3.5403761e-04  -8.8310814e-05   6.7520945e-04   1.5971958e-01   4.2780203e-01  -3.1972600e-01
   3.3954723e-02  -1.0912209e-01   1.0096342e-02  -2.2293047e-03   3.8039079e-04   8.0645542e-04   9.2486987e-02   4.2599383e-01  -3.1560776e-01
   1.2385001e-02  -3.7220079e-02   4.9631675e-02  -1.0451871e-03   3.9537174e-04   8.0213802e-04   1.5086471e-01   5.1017764e-01  -3.4142182e-01
  -7.6663528e-03  -1.1249306e-02   5.9289814e-02  -4.1527959e-04   1.8272179e-06   2.6849844e-04   1.5748633e-01   4.7536101e-01  -3.1405158e-01
   3.8657249e-03  -3.7256797e-02  -1.6988637e-02  -5.3510400e-04   3.4668614e-04   4.7463235e-04   3.7587378e-01   1.8540689e-01  -3.7727883e-01
   2.2704020e-03  -6.8910252e-02   2.0254073e-02  -1.3222801e-03   2.4002400e-04   3.2362224e-04   1.4031116e-01   4.2646407e-01  -2.9785913e-01
  -7.9055382e-03  -1.8535844e-01  -6.2087291e-02  -2.1077322e-03   1.2538936e-04  -2.0950393e-05   1.4874459e-01   5.7232146e-01  -2.8617193e-01
  -4.3423294e-03  -2.0907690e-02   1.9626354e-02  -4.5457611e-04   1.8811734e-04   1.6032849e-04   1.1886530e+00   6.1854994e-01  -4.2236974e-01
   1.1168735e-03  -4.6201547e-02  -6.8782106e-02   7.4960020e-04   1.5587330e-04   3.4275946e-05   2.9586707e+00   3.3778477e+00  -3.7510798e-02
   4.1029864e-02  -1.7914616e-01  -4.8705079e-02  -2.4997661e-03   6.0338472e-04   1.3455886e-04   2.8433476e+00   3.9603668e+00   5.7461272e-03
   9.2878634e-03  -9.0447556e-02  -1.2171088e-01  -1.6926541e-04  -1.9420611e-04   1.6605370e-05   4.4096897e+00   4.3499116e+00   2.1917103e-01
  -6.8804932e-03  -3.2124191e-02  -9.9896245e-02   1.0309121e-03  -2.4231035e-04  -4.4282355e-04   4.2664706e+00   3.6181590e+00   8.9377157e-02
   3.8281744e-02  -1.9274497e-01  -1.6112009e-01  -1.1328469e-03   6.0127918e-04  -2.6251180e-06   3.6644658e+00   4.0601256e+00  -7.2830112e-02
   1.2621248e-03  -1.7007377e-02  -1.1442800e-01   1.1041487e-03  -3.0131020e-04  -2.8012474e-05   4.4263804e+00   4.3497454e+00   2.2100990e-01
   1.6923800e-03  -9.0392575e-03  -5.9192890e-02   6.2159376e-04   2.7652860e-04  -7.7965894e-05   2.0509925e+00   2.7728142e+00  -1.9859917e-01
   2.3870283e-03  -7.0539838e-03  -1.1024459e-02  -5.8491780e-04   7.3489084e-04   3.3148501e-04  -4.6202774e-01   4.3314503e+00   1.3550956e-01
   1.1513413e-02  -3.6129345e-02   9.8608511e-03  -1.1850188e-03   4.2689787e-04  -1.6309180e-04  -2.0075751e-01   4.2872789e+00   3.0271432e-01
   1.1605616e-02  -8.7640624e-02  -4.1578472e-02  -1.1583504e-03   5.6161826e-04   5.1655579e-04  -1.5305113e-01   2.2706924e+00  -4.6363852e-02
   3.9049668e-02  -1.1588108e-01  -7.8059082e-02  -2.7332707e-03   1.2475802e-03   6.6947736e-04   1.8057055e-01   5.2557991e-01  -3.7810528e-01
   1.9021496e-02  -1.3282399e-02   1.2115534e-02  -7.6492812e-04   8.8707684e-04   6.5997510e-04   1.7685737e-01   5.6039422e-01  -3.3197943e-01
   3.8118417e-02  -1.9226264e-01  -9.5047662e-02  -2.2860127e-03   1.4161343e-03   9.2743063e-04   1.6666921e-01   4.1412848e-01  -3.0471861e-01
  -8.4670202e-04  -3.6583295e-03   1.4427914e-02  -1.1689087e-04   6.8036952e-04   4.6611791e-04   1.8439764e-01   5.2085872e-01  -3.1051110e-01
   2.5394831e-02  -6.3714822e-02  -2.2087896e-02  -9.0964633e-04   1.0924072e-03   3.8820337e-04   1.6890741e-01   4.4151588e-01  -3.5162280e-01
   1.1280886e-02  -4.3515266e-02   2.2835785e-02  -6.1717615e-04   8.4361635e-04   7.5535674e-04   1.9466687e-01   4.5049665e-01  -3.6646626e-01
   1.8200466e-04   2.6225489e-03   7.3209352e-03  -4.1816784e-05   7.4396179e-04   4.9497178e-04   1.7054822e-01   3.9208461e-01  -3.2401649e-01
   3.7127086e-02  -7.4947289e-02  -3.6810298e-02  -7.6756531e-04   1.3991005e-03   8.4631295e-04   1.7633073e-01   4.2636868e-01  -3.1614585e-01
   5.1249733e-03  -8.8407931e-02  -6.8337800e-02  -1.2458970e-03   8.6252443e-04   1.1420248e-04   1.5241657e-01   4.5124506e-01  -3.1010811e-01
   1.5713937e-02  -5.1869507e-02  -1.6233278e-02  -1.0522915e-03   6.1544006e-04   5.8036019e-04   1.4502707e-01   4.5785859e-01  -3.1657126e-01
  -1.2881669e-02   7.4363333e-03  -1.6961720e-02   1.5907446e-04   6.1867796e-04   6.9330344e-05   1.6218530e-01   4.8202831e-01  -2.7039240e-01
   2.7910839e-02  -2.0978032e-01  -8.4987594e-02  -2.8257856e-03   1.1600332e-03   3.5777346e-04   3.5976831e-01   1.2165417e-01  -3.5849420e-01
   1.0519229e-02  -4.7024456e-02  -3.4023230e-03  -1.4540245e-03   5.9650757e-04   4.0571147e-04   1.3374121e-01   4.1201989e-01  -2.7852473e-01
   2.3353566e-02  -1.4489594e-01  -7.6211874e-02  -2.2110126e-03   8.1815304e-04   7.7749075e-04   3.9770435e-01   2.0758292e-01  -3.5313313e-01
   8.5396194e-03  -1.4016538e-02   5.4901628e-02  -4.6674182e-04   7.3375628e-04   3.1234235e-04   1.4723783e-01   5.0348358e-01  -3.5703751e-01
   6.4805994e-03  -4.0659268e-02   7.3850824e-02  -1.0092458e-03   5.1101447e-04   3.8660015e-04   1.4551069e-01   5.0834312e-01  -3.3504291e-01
   7.6500389e-03  -2.4104736e-03   6.8746478e-02  -1.3549109e-04   7.3589180e-04   6.1581833e-04   1.5524211e-01   5.9823652e-01  -2.9488211e-01
   6.4921578e-03  -1.4798345e-02   9.8897746e-02  -5.8888034e-04   7.5415737e-04   4.3865771e-04   1.3054896e-01   6.1121869e-01  -2.3641945e-01
   6.1037269e-03  -1.0298320e-02   1.3210693e-01  -7.4821633e-04   2.7348033e-05   3.2529415e-04   1.0518454e-01   4.6690671e-01  -2.5839570e-01
  -1.2138633e-02   2.2502904e-02   4.1737962e-02  -1.1664471e-04   2.7556075e-04   9.9946029e-05   1.2875943e-01   5.2943048e-01  -2.5469951e-01
   2.1870187e-02  -4.4493519e-02  -5.3736355e-02  -6.1911964e-04   1.3159215e-03   1.7916101e-04   1.6230064e-01   4.5223107e-01  -2.8645038e-01
   7.1206292e-03   1.8687987e-02  -3.3976774e-02  -2.3170147e-04   4.9459728e-04  -2.3626122e-05   3.2587320e-01   2.8692867e-01  -3.1252577e-01
   8.3465467e-03  -1.0990163e-02  -7.3139160e-03  -7.9609014e-04   9.6352778e-04   7.6584628e-05   1.4584448e-01   4.9036811e-01  -2.8204403e-01
   1.0026994e-02  -1.0334690e-01  -4.7219472e-02  -1.3150843e-03   1.2873821e-03   1.7539063e-04   1.6210430e-01   4.8317169e-01  -3.1835051e-01
  -1.2934677e-02   5.9858001e-03   7.0081411e-03  -3.6071313e-05   7.6711840e-04  -7.5606804e-05   1.5159686e-01   5.2576525e-01  -2.8218891e-01
   1.7218035e-02  -1.0798048e-01   7.9580365e-02  -1.6189602e-03   3.4585848e-04   6.1759231e-04   1.2364679e-01   5.7476570e-01  -2.2922209e-01
   1.2148378e-02  -9.9651463e-02  -1.8772781e-02  -1.0581804e-03   1.6978819e-05   8.5965046e-04   1.1264542e-01   5.2801678e-01  -2.5583427e-01
   2.2627867e-02  -9.5942897e-02  -2.2031070e-02  -1.4998020e-03   2.4637941e-04   1.0845290e-03   1.1029272e-01   5.4548777e-01  -2.6846142e-01
   2.7962370e-02  -1.2433748e-01   3.2531356e-02  -1.7193307e-03   5.7739136e-04   7.3664953e-04   1.2783246e-01   5.4453684e-01  -2.9102879e-01
   6.6793775e-03  -2.3084857e-02   3.1968904e-02  -4.4747847e-04   3.9601389e-05   7.2750513e-04   1.3503648e-01   5.8660271e-01  -2.9801914e-01
   5.5469628e-04  -3.0641080e-02   5.1566484e-02  -7.1072828e-04  -4.4443939e-04   6.7077272e-04   1.3078989e-01   7.0292741e-01  -2.9230188e-01
   2.4249870e-02  -1.3074051e-01   4.6740412e-02  -1.8806038e-03   8.8775206e-06   1.2554286e-03   1.4392032e-01   5.5349042e-01  -3.0341090e-01
   1.0538506e-02  -3.4511288e-02   7.4909262e-02  -7.6367727e-04  -3.9384758e-04   8.5018046e-04   1.0847439e-01   6.0787219e-01  -3.0540674e-01
  -8.9271176e-03  -4.7452468e-02   4.1549475e-02  -6.9700653e-04  -5.7093027e-04   1.2149858e-04   5.2017181e-01   8.8681174e-02  -4.0057759e-01
  -6.3452187e-03  -2.9829249e-01  -1.7559907e-01  -3.2082153e-03  -8.5837525e-04   4.6402899e-04   1.4076123e-01   4.2868787e-01  -3.0848842e-01
   2.1078008e-02  -1.1091547e-01  -5.8587017e-02  -1.6403762e-03  -3.2311052e-04   1.0331767e-03   1.2333580e-01   5.5727180e-01  -3.0439672e-01
   2.9859733e-02  -1.1992504e-01  -1.4298416e-02  -2.0874320e-03   1.5455467e-04   9.2441988e-04   1.6613839e-01   5.1064136e-01  -3.1091592e-01
   7.6221098e-03  -7.3659219e-02   1.5329588e-03  -9.0903303e-04   3.0421426e-06   1.0325645e-03   1.3185945e-01   5.8529756e-01  -3.1824466e-01
   3.6166848e-02  -1.0115323e-01  -1.7985086e-02  -1.2060553e-03   1.6912111e-04   1.4043581e-03   1.1523582e-01   5.2720775e-01  -2.9768963e-01
   1.4886251e-02  -7.9441949e-02   2.4812446e-02  -1.2578586e-03  -4.4603253e-04   1.0471987e-03   1.1732351e-01   6.1029730e-01  -3.1679196e-01
   2.0386589e-02  -1.2767583e-01  -4.9887902e-03  -1.5724162e-03   1.5379564e-04   1.1491464e-03   1.2270331e-01   5.7874660e-01  -2.9692358e-01
   3.4701779e-02  -1.2892333e-01   3.6711202e-02  -2.4323579e-03   1.6851649e-04   1.1197931e-03   1.1285037e-01   5.8022655e-01  -3.0070388e-01
   1.2890659e-02  -7.6568556e-02   4.1081982e-02  -1.3346580e-03  -4.4173763e-04   8.9773261e-04   3.6600501e-01   2.6601093e-01  -3.5287645e-01
   3.9241850e-02  -1.6399548e-01  -9.3756534e-03  -2.8602553e-03   7.0298465e-05   1.2333143e-03   8.1868455e-02   5.0413419e-01  -2.8383263e-01
  -1.1156964e-04  -2.5874127e-02   5.2360886e-02  -2.9761424e-04  -5.9557547e-04   1.0700935e-03   1.2040696e-01   5.3963217e-01  -3.0059914e-01
  -3.7861898e-03  -1.2368343e-02   4.7767144e-02  -3.8817286e-04  -4.7798300e-04   9.1914065e-04   1.3635134e-01   5.7008659e-01  -2.8310310e-01
   2.1497341e-02  -7.2064363e-02   1.3987536e-02  -5.3029301e-04  -8.3201963e-05   1.1545839e-03   1.3274509e-01   5.6011178e-01  -2.5480514e-01
   2.0474537e-02  -8.7494983e-02   1.2997797e-02  -1.4768910e-03  -2.1156213e-04   1.0962547e-03   1.3121731e-01   6.7598894e-01  -2.9616071e-01
   2.6185327e-02  -1.0342544e-01  -1.8691397e-03  -1.2650726e-03  -1.1889603e-04   1.3365450e-03   1.0257266e-01   5.0533532e-01  -3.1902360e-01
   3.1636986e-02  -1.7193600e-01  -1.0648202e-01  -1.8198465e-03   3.8548595e-05   1.5116170e-03   2.9235218e-01   2.3152908e-01  -3.5891800e-01
   9.1171012e-03  -6.4050853e-02  -8.6392946e-03  -1.0767165e-03  -1.7700096e-04   1.0011279e-03   1.4631352e-01   5.7112115e-01  -2.9367588e-01
   3.4542694e-02  -2.9800518e-02   9.3708836e-02  -9.8239351e-04   1.4540501e-04   7.1732688e-04   1.2285330e-01   5.8474530e-01  -3.0851855e-01
   4.0025994e-02  -1.4240845e-01   1.0293276e-02  -2.6708047e-03  -6.2475933e-05   1.3844219e-03   1.1488301e-01   5.0255194e-01  -3.4297278e-01
   3.5390659e-02  -1.7345067e-01  -3.1697680e-02  -2.6101598e-03   7.8864229e-06   1.3983379e-03   1.0685909e-01   5.2655811e-01  -3.0687071e-01
   1.8993626e-02  -8.0168996e-02   1.7481195e-02  -1.5263071e-03  -1.4515863e-04   1.3206643e-03   3.0595948e-01   2.7589449e-01  -3.4492537e-01
   1.4937165e-03  -2.3541125e-02   5.1445270e-02  -4.4673710e-04  -3.0244324e-04   8.7445387e-04   1.2829939e-01   6.2941514e-01  -3.1023752e-01
  -7.6552580e-04  -7.3771076e-03   1.0727046e-01  -1.3173532e-04  -5.1149697e-04   7.6230547e-04   1.2595023e-01   6.3490608e-01  -2.9390290e-01
   2.1138934e-02  -2.0022727e-01  -4.1113817e-02  -2.4486676e-03   1.1178174e-04   1.1888545e-03   3.3839171e-01   2.6021928e-01  -3.3916811e-01
   1.8338538e-03  -1.0237137e-01  -1.8167744e-02  -1.5353687e-03  -1.9657517e-04   1.0576961e-03   8.3881565e-02   5.1442906e-01  -2.9353681e-01
   1.6720613e-02  -1.6765962e-01  -3.5362398e-02  -2.4322666e-03   8.9030135e-05   1.2639118e-03   1.2779936e-01   5.0457874e-01  -2.7974756e-01
  -4.0328851e-04  -9.0188666e-02  -1.0847321e-03  -1.2380654e-03  -3.3522807e-04   9.9398382e-04   1.4741813e-01   6.0047473e-01  -3.1756969e-01
   1.5292386e-02  -1.4850821e-01  -3.2182432e-02  -1.4695139e-03   2.0909720e-04   9.2537637e-04   1.5174196e-01   5.7368820e-01  -2.8506701e-01
  -2.9264116e-02  -2.1330612e-02   4.1163660e-02  -3.3875296e-05  -7.6525277e-04   6.3034529e-04   1.5803720e-01   6.2516454e-01  -3.0424120e-01
  -1.3087496e-03  -3.2594514e-02   7.7707609e-02  -7.3106080e-04  -6.3251077e-04   1.1090812e-03   3.4741209e-01   4.2006349e-01  -3.4258970e-01
  -2.6902450e-02   5.7741923e-03   7.9300594e-02  -3.9143428e-05  -7.8678115e-04   2.6258385e-04   1.5179642e-01   6.8399579e-01  -2.9772299e-01
  -8.8082721e-03  -2.3202045e-02   7.7190768e-02  -4.6898130e-04  -7.4546572e-04   7.8236382e-04   1.5622109e-01   6.7169336e-01  -2.8236557e-01
   9.1136532e-03  -7.0543445e-02   6.0716266e-02  -1.4635947e-03  -5.1449203e-04   8.6012430e-04   9.6129442e-02   6.8176728e-01  -2.5927761e-01
   2.6192408e-02  -2.1423854e-02   6.0542428e-02  -6.0966906e-04  -6.4154935e-04   1.3316547e-03   8.7046468e-02   5.5938702e-01  -2.7147055e-01
   8.8544564e-03  -3.9905975e-02   4.1522183e-02  -6.7854322e-04  -5.4896121e-04   1.0255706e-03   1.1379378e-01   5.9940795e-01  -2.8248034e-01
   2.2597063e-02  -1.0723186e-01   2.9252126e-02  -2.1229464e-03  -3.2832043e-04   1.2462319e-03   1.0727536e-01   5.0545737e-01  -3.0207071e-01
   8.1821371e-03  -9.2393414e-03   2.6145328e-02  -5.9664057e-04  -5.3967230e-04   1.0742108e-03   2.8321851e-01   4.5004313e-01  -2.9402785e-01
  -8.9735296e-03  -1.1509856e-02   5.7484859e-02  -2.4842954e-04  -8.8238257e-04   7.5949162e-04   1.3986847e-01   6.7910402e-01  -2.3031829e-01
   1.0734649e-03  -1.2712047e-01  -1.3590079e-02  -1.5824701e-03  -3.7422438e-04   9.9100942e-04   9.8973216e-02   5.9404676e-01  -2.0889012e-01
  -2.1636222e-02  -2.0781628e-02   4.1443410e-02  -1.9549571e-04  -5.5856813e-04   6.5022652e-04   1.3122484e-01   6.7732302e-01  -2.2950526e-01
   7.9648647e-03  -7.7653963e-02   4.7793175e-02  -1.0675798e-03  -4.1539644e-04   8.4324347e-04   1.3007345e-01   6.5197631e-01  -3.0040543e-01
  -4.2378876e-03  -6.1801001e-02   4.1990741e-02  -8.9267249e-04  -4.3047651e-04   1.0082982e-03   1.5732862e-01   6.4088751e-01  -3.2536548e-01
  -5.9142402e-03  -2.5797799e-03   9.6468481e-02  -3.9080285e-04  -6.1078206e-04   8.2040789e-04   1.5163013e-01   6.2104958e-01  -3.5238159e-01
  -7.1613081e-03  -1.1096349e-02   6.6372053e-02  -4.1928083e-04  -6.7608591e-04   6.8647599e-04   1.5471378e-01   6.6955694e-01  -3.2080527e-01
  -8.2926243e-03  -1.3141000e-02   7.5498111e-02  -4.5852459e-04  -7.1941520e-04   7.7808967e-04   1.4792665e-01   6.6744295e-01  -3.1415697e-01
   2.2804440e-02  -8.1311672e-02   2.8259625e-02  -1.2012910e-03  -1.6730190e-04   1.0172654e-03   1.3641779e-01   6.3154775e-01  -3.1718702e-01
   1.8442747e-03  -5.4159487e-02   5.0227860e-02  -1.1175845e-03  -2.7311940e-04   1.0131688e-03   1.6501364e-01   7.4941193e-01  -3.1286392e-01
   3.0088049e-02  -1.1727739e-01   7.4679698e-04  -1.7110920e-03  -1.3049793e-05   1.5348088e-03   1.4675522e-01   5.6184025e-01  -3.1344372e-01
   5.8772289e-04  -3.9880397e-02   4.5056526e-02  -5.8556263e-04  -3.3171317e-04   1.1418507e-03   1.4379226e-01   5.5387321e-01  -3.3344517e-01
  -7.0904298e-03  -2.4460497e-02   2.8497953e-02  -4.8804635e-04  -6.2736833e-04   6.8129205e-04   3.7572253e-01   8.3018215e-01  -2.7540816e-01
