   0.0000000e+00   0.0000000e+00  -1.4210855e-14   2.1684008e-20  -8.6736174e-19   1.8807879e-38   4.9646333e-01   7.9508420e-02  -2.3805543e-01
   5.9427166e-03   5.3923319e-02   5.8747195e-03   1.2240051e-03   2.2066115e-04   3.5109101e-04   5.0063213e-01   9.7161989e-02  -2.4596715e-01
  -6.7189711e-03   1.4078459e-01   1.6759320e-01   1.1758412e-03   1.2807108e-04   5.7251828e-04   7.7349571e-01  -2.3668830e-01  -3.1683691e-01
   9.7724745e-03   8.5168553e-02   1.4522500e-01  -3.2054355e-05   1.0262054e-04   5.3983456e-04   4.8211874e-01   5.0419143e-02  -2.4697602e-01
   7.2725400e-03   1.0935480e-01   1.1927549e-01   6.2116366e-04   2.9087589e-04   4.5930751e-04   4.9791319e-01   2.5698953e-02  -4.0953790e-01
  -6.7085084e-03   9.5169906e-02   1.6652241e-01   4.3572366e-04  -1.2271546e-05  -3.1071463e-05   5.2438379e-01   7.3265865e-02  -4.4719857e-01
   1.7013975e-02   1.2055078e-01   1.6751663e-01   7.0555963e-04   7.4069394e-05   4.9525506e-04   5.3283859e-01   3.2915297e-02  -4.3380169e-01
   2.1277304e-02   1.1024224e-01   1.7345722e-01   5.9279200e-04   2.0525563e-04   6.2202284e-04   5.1725141e-01   1.2693440e-01  -3.7559036e-01
  -6.8317574e-03   1.3590412e-01   2.0841531e-01   6.2826882e-04  -1.3070063e-04  -3.1625843e-05   4.9159226e-01   2.6604041e-01  -4.0763862e-01
  -4.2139023e-03   9.7189131e-02   1.4465884e-01   8.7011274e-04  -1.5504708e-04  -1.9325848e-04   5.0337325e-01   6.1604090e-02  -3.8333470e-01
   1.7893171e-02   1.0925121e-01   1.4300374e-01   6.4360689e-04  -7.1959132e-05   4.8578207e-04   4.2720108e-01   1.1888942e-02  -3.9747100e-01
   3.6910258e-03   1.0639734e-01   1.1321397e-01   1.3816435e-03  -2.9352875e-05   3.1694318e-04   6.9394137e-01  -6.7978752e-02  -4.5535322e-01
   1.9752801e-04   9.0499720e-02   9.8554060e-02   3.0837591e-04  -2.5417606e-05   5.7294773e-05   5.6066885e-01   1.2176868e-01  -3.9777080e-01
  -4.1791804e-03   1.0723616e-01   1.0657765e-01   9.9705250e-04  -1.2614764e-04   6.6933690e-04   5.2989460e-01   9.3441188e-02  -4.0082608e-01
   3.4672210e-03  -3.2068611e-02   8.8962857e-03   7.3251605e-04   5.1662349e-05  -1.5608811e-04   5.1176636e-01   9.4814902e-02  -3.4864764e-01
  -1.6879027e-02   1.1341628e-01   7.7805692e-02   9.1474178e-04   2.3542086e-05   2.7050990e-05   5.2666767e-01   1.0854508e-01  -3.4896133e-01
  -1.5463245e-02   4.8922065e-02   1.1543039e-01   6.3265403e-04  -4.4568605e-05   3.9758944e-05   5.4685926e-01   9.0837308e-02  -3.5387637e-01
  -3.8720396e-03   1.1053215e-01   8.4860568e-02   1.6191737e-03   1.0759211e-04   3.9094045e-04   8.4661406e-01  -3.5582415e-01  -4.6238816e-01
  -3.8537046e-03   9.9459570e-02   1.1555022e-01   1.4184173e-03   2.0734918e-04   3.2491362e-04   5.1989257e-01   7.7320639e-02  -3.6500482e-01
  -9.3480445e-03   1.2988528e-01   1.8013033e-01   8.3861157e-04   3.6114556e-04   5.2693253e-04   5.2094276e-01   1.0565467e-01  -4.1992025e-01
  -2.8216722e-02   1.9289841e-01   2.0434345e-01   1.8520597e-03   2.1273484e-04  -8.6322417e-05   5.3214945e-01   1.3210462e-01  -3.8995761e-01
  -1.2827484e-02   1.0826479e-01   1.8115478e-01   8.3177940e-04   9.6674246e-06   2.5139450e-05   6.0778713e-01   1.0737384e-01  -3.6353369e-01
  -9.5624518e-03   1.2926216e-01   1.3928863e-01   1.1896694e-03   1.3505315e-04   4.1823101e-04   5.1532523e-01   6.7258468e-02  -3.7482601e-01
   3.5475241e-03   5.8075516e-02   5.3577146e-02   1.7112680e-03   3.8121532e-04   5.1809898e-04   5.1525044e-01   3.7792670e-02  -3.7406442e-01
  -1.3212842e-02   1.5131657e-01   1.3760977e-01   1.2560407e-03   3.5941592e-05   3.4831142e-04   5.0752126e-01   7.4831332e-02  -3.6665640e-01
   3.8809377e-03   1.4300482e-01   1.1450966e-01   1.3996764e-03  -1.7449691e-04   5.4065121e-04   5.2789806e-01   9.1333514e-02  -3.8643191e-01
  -1.9885549e-02   4.5868815e-02   1.0967543e-01   1.6206926e-04  -6.8152031e-04   3.3272877e-05   5.3209663e-01   2.0675403e-02  -4.1656022e-01
  -1.5907037e-02   1.0349490e-01   1.1443487e-01   9.9445092e-04   3.8480673e-04  -9.5043260e-05   5.4047274e-01   1.7444943e-01  -4.1810838e-01
  -1.1035080e-02   5.3514663e-02   8.3728672e-02   1.8272453e-03   5.9081259e-04   3.3614097e-05   8.4613106e-01  -2.7784344e-01  -4.7879284e-01
  -1.1361100e-02   1.2996263e-02   3.4382533e-02   5.7324670e-04  -4.0074539e-04  -3.4718677e-04   5.3014864e-01   6.6846988e-02  -3.7417779e-01
  -4.6816247e-03   1.7391514e-02   2.1662711e-02   1.5055705e-03   6.0879307e-05   1.9378569e-04   5.5688830e-01   1.3292917e-01  -3.7374131e-01
  -1.5061116e-02   1.0473463e-01   1.2881628e-01   1.0910657e-03  -4.4258994e-04   3.2937032e-04   5.0872791e-01   9.8480286e-02  -3.7551266e-01
  -1.6546329e-02   1.0726811e-01   9.8133401e-02   1.5182390e-03  -3.8347097e-04   6.0682025e-05   5.4039290e-01   1.4145529e-01  -3.6450553e-01
  -2.2485675e-02   1.0556685e-01   4.8168269e-02   9.4612404e-04   1.5081431e-05  -5.9121496e-04   7.7982107e-01  -1.2296272e-01  -4.0521550e-01
  -2.0780552e-02   5.3514300e-02   1.2103370e-01   1.6880890e-03  -2.5972468e-04   9.6990175e-05   5.1806991e-01  -8.9030879e-02  -4.3163853e-01
  -1.2325828e-02   1.1939032e-01   1.1032596e-01   2.3872400e-03  -1.4720392e-04   2.0829505e-04   4.8665211e-01  -6.3147309e-03  -4.3365672e-01
   5.2010037e-03   1.3012731e-01   1.7005761e-01   1.1906353e-03  -9.1644282e-05   5.7186287e-04   4.9577042e-01   4.7039063e-02  -4.2605596e-01
  -2.1230492e-02   1.4191859e-01   1.9354506e-01   1.5997296e-03  -4.3888679e-04   8.4301058e-05   5.3317472e-01   1.1026225e-01  -3.8593206e-01
  -6.4920546e-03   7.7903628e-02   5.0555401e-02   1.5273896e-03  -2.1234040e-04  -1.2699493e-05   5.5411701e-01   9.2237559e-03  -3.8145175e-01
  -4.0204523e-03   1.0884840e-01   8.3851395e-02   1.2986234e-03  -9.5934014e-05   5.7702930e-04   5.0046120e-01   7.9788020e-02  -3.3502932e-01
   3.5594256e-03   9.3475241e-02   5.2279488e-02   1.6455489e-03   2.6094276e-05   2.5498925e-04   4.9139023e-01   1.9940127e-02  -3.6070604e-01
  -5.2959080e-03   8.7822981e-02   6.4907025e-02   1.5454099e-03   1.6636581e-05  -4.8037317e-05   5.0115567e-01   8.4070011e-02  -3.5421922e-01
  -1.1729295e-02   8.3516849e-02   1.1751810e-01   6.3446411e-04  -3.8675524e-04   3.2015986e-04   5.1472923e-01   4.0770851e-02  -4.6969180e-01
   8.7948315e-03   1.0267491e-01   1.1867797e-01   3.2731656e-04  -1.2558823e-04   1.7783659e-04   5.0718168e-01   1.0855924e-01  -3.9671586e-01
  -1.2917486e-02   1.3505431e-01   1.6135640e-01   1.1343861e-03  -2.6501665e-04   2.0221289e-04   4.8954728e-01   1.6516360e-01  -4.0573095e-01
  -2.2210502e-02   4.9613207e-02   1.0215813e-01   1.7488823e-03  -3.2264040e-04  -2.0653855e-04   7.2696217e-01  -1.4150205e-01  -4.4086025e-01
  -5.0981637e-03   5.8613467e-02   1.0932367e-01   1.3594266e-03  -2.9981358e-04  -7.3099298e-05   7.9024911e-01  -2.4658097e-01  -4.7017674e-01
  -1.9774362e-03   1.0063345e-01   1.6980004e-01   8.1746943e-04   1.8125518e-05   4.1940320e-04   5.1861201e-01   7.5031516e-02  -4.5314576e-01
  -1.1997427e-02   6.5898946e-02   8.4331901e-02   7.1557489e-04  -1.5247574e-04   4.3406860e-04   5.3074938e-01   1.0226148e-01  -3.7084075e-01
  -6.4008971e-03   8.8744944e-02   4.5368129e-02   1.3130125e-03   9.8853758e-05  -1.0684108e-04   5.2334048e-01   1.3319605e-01  -3.4287153e-01
  -1.6131550e-02   4.5218438e-02   6.5736785e-02   9.8353209e-04  -3.0894650e-04  -1.5963332e-04   5.1087715e-01   8.3074270e-02  -3.6551027e-01
  -2.3750477e-02   4.4732716e-02   1.5314117e-02   1.9718330e-03  -3.5242041e-04  -3.0463030e-04   5.0861534e-01   1.2898037e-01  -3.6570621e-01
   4.6973406e-04   1.0941697e-01   9.5546473e-02   5.1476425e-04  -2.5374837e-04   5.3184876e-04   5.2170521e-01   1.0187276e-01  -3.4380778e-01
  -5.9156324e-03   1.1794067e-01   8.0351299e-02   2.2468643e-03   1.5848097e-04   2.3770934e-04   5.1056973e-01   5.8303130e-02  -3.6902771e-01
   5.0740411e-02   7.2797695e-02   7.6054908e-02   1.9080806e-03   1.2202578e-03   1.7492695e-03   4.7758199e-01   1.1245165e-01  -3.7411718e-01
  -2.6710052e-03   1.2615664e-01   1.3644284e-01   9.8352439e-04  -2.7765813e-04   4.4022564e-04   4.7916633e-01   7.3098289e-02  -3.9250047e-01
   5.0867003e-03   1.1520121e-01   1.5633955e-01   1.3008455e-03  -2.9085541e-04   3.5869866e-04   4.9124053e-01   1.0914273e-01  -3.6205538e-01
   2.1707210e-02   1.2476595e-01   7.2850192e-02   1.8812029e-03  -5.1875362e-05   1.1134478e-03   6.7691349e-01  -2.0329307e-01  -4.1194740e-01
   1.2353273e-02   1.4929029e-01   1.4724248e-01   9.5923827e-04  -3.4592366e-04   6.8201239e-04   4.6581335e-01   6.8336934e-02  -3.6303234e-01
  -2.2416427e-02   5.4373563e-02   5.9049217e-02   2.1572686e-03  -4.1818155e-04   9.6346517e-06   4.7794671e-01   1.0520660e-01  -3.2967575e-01
   9.6176199e-05   1.1451175e-01   1.3343326e-01   1.1987664e-03  -4.2392221e-04   5.5531940e-04   4.5013985e-01   9.8051698e-02  -3.5520345e-01
  -7.6802801e-03   1.2655991e-01   1.0126831e-01   1.9214190e-03  -9.0741743e-05   3.9136331e-04   4.7990610e-01   8.7006240e-02  -3.6338956e-01
   2.3837700e-03  -3.1566816e-03  -1.5936252e-02   2.3706424e-03   1.7146610e-05   3.1461177e-04   4.6956726e-01   4.9366628e-02  -3.3410952e-01
  -7.9394060e-03   1.3473813e-01   1.1313705e-01   1.3941955e-03  -2.1847154e-04   1.7372383e-04   4.8671939e-01   1.2345397e-01  -3.3536478e-01
  -8.6565242e-03   9.0132735e-02   1.1029617e-01   6.7792460e-04  -3.0645336e-04   5.6651316e-04   4.7947372e-01   7.2010732e-02  -3.3646572e-01
   1.0196538e-02   8.9060488e-02   4.6649838e-02   1.6839469e-03   1.4510497e-04   6.3846517e-04   4.9912343e-01   9.8811430e-02  -3.4921966e-01
   2.1102285e-03   8.3686217e-02   6.3841092e-02   1.3301546e-03   2.2408957e-04   3.3153339e-04   4.5562670e-01   9.8292280e-02  -3.2732019e-01
  -1.0745635e-02   9.9253516e-02   5.1930667e-02   1.4991627e-03  -2.9253677e-04   1.1049284e-04   7.4233073e-01  -1.9532617e-01  -3.9302063e-01
  -1.0188150e-02   7.4130638e-02   1.3023463e-01   9.4720956e-04  -3.7848197e-04   3.6651661e-04   5.1046729e-01   5.8188525e-02  -3.7059340e-01
   4.9598521e-04   5.8954381e-02   1.0804662e-01   6.6179422e-04   3.7353020e-05   7.1670307e-04   4.8628555e-01   2.0181549e-02  -3.0898247e-01
   4.7947364e-03   1.1612924e-01   9.2367034e-02   1.6529307e-03   3.4713088e-04   6.8861320e-04   4.8345616e-01   1.2296154e-01  -3.5574113e-01
  -3.9716397e-03   1.2008338e-01   1.3066655e-01   7.3508062e-04   2.5220238e-04   7.1010094e-04   4.7393418e-01   6.4788570e-02  -3.5681001e-01
  -1.1165769e-02   2.8405766e-03   9.6293451e-03   1.2247115e-03  -2.0126921e-04  -9.5770115e-05   5.0776721e-01   6.5736473e-02  -3.5988477e-01
  -1.0625937e-02   7.7106781e-02   5.3927335e-02   1.0292441e-03  -2.1221708e-04   2.2997076e-04   5.0024634e-01   1.4375217e-01  -3.6343381e-01
   3.4477398e-03   7.2473603e-02   1.3608487e-01   9.0428834e-05   2.4143338e-04   4.7712636e-04   5.0763542e-01   1.3225886e-01  -3.9273766e-01
   9.5749190e-04   8.1473230e-02   6.7711645e-02   1.4929339e-03   5.4485824e-04   1.9230266e-04   5.0764242e-01   1.7523129e-01  -3.7749120e-01
   6.1754034e-03   1.3286909e-01   1.1996523e-01   1.0886854e-03   2.0153362e-04   7.7625145e-04   5.0098255e-01   1.3030614e-01  -3.8167716e-01
  -4.4846240e-03   1.5381921e-01   1.4157527e-01   1.7515285e-03   3.2048071e-04   4.9068530e-04   5.1815022e-01   8.5383823e-02  -3.5614636e-01
   2.0821614e-03   9.4757612e-02   1.7209335e-01   7.3465304e-04  -2.3321155e-05   1.9881928e-04   5.0795765e-01   1.2702913e-01  -3.7527733e-01
  -1.9194953e-02   1.2583196e-01   1.5742675e-01   1.3233853e-03   3.5948263e-04  -2.8225732e-05   5.2086098e-01   1.7804304e-01  -3.5404200e-01
  -1.2381493e-02   1.6658495e-02   3.9413644e-02   1.6699803e-03  -1.3133929e-06  -3.2423276e-04   5.0397991e-01   1.2700109e-01  -3.6777043e-01
  -1.6964904e-02   3.1452915e-02   7.8281878e-02   1.6641434e-03  -5.9862763e-05  -2.1982119e-05   5.0851666e-01   1.7674521e-01  -3.6757032e-01
  -3.5424318e-03   6.2376268e-02   1.1591949e-01   4.8699229e-04   1.9872542e-04   1.1448992e-04   5.0945504e-01   1.1126252e-01  -3.5545804e-01
  -8.7979377e-05   5.6403826e-02   1.4460602e-01  -7.7202519e-05   4.8359395e-05   3.9047951e-06   5.0492892e-01   2.3604114e-01  -3.5211168e-01
  -8.6610802e-03   5.8970519e-02   1.0729587e-01  -2.9264463e-04  -2.0120411e-04  -1.1854414e-04   4.8498785e-01   1.3480990e-01  -2.7727383e-01
  -1.5309246e-02   8.0649053e-02   7.1474328e-02   1.3772600e-03  -2.0543123e-04  -7.0329121e-05   7.0633546e-01  -9.3823246e-04  -3.6690660e-01
  -5.2031238e-03   9.7746779e-02   1.5431473e-01   1.1424092e-03  -4.9515051e-05   1.9470891e-04   4.9110845e-01   1.7516867e-01  -3.3052368e-01
   6.1077069e-03   1.0819954e-01   1.5235732e-01   5.5006681e-04   9.0535598e-06   1.7365786e-04   4.7438295e-01   1.0278270e-01  -3.1759359e-01
  -8.9780609e-03   6.9542034e-02   1.0796138e-01   7.6058805e-04  -2.9211979e-04  -3.3794742e-05   5.1233847e-01   1.8658789e-01  -3.5501380e-01
  -3.0816769e-02   4.5470899e-02   8.9924264e-02   1.1838677e-03  -2.3070712e-04  -4.5643750e-04   4.9548328e-01   1.5328214e-01  -3.0423136e-01
   5.1701741e-03   8.4514104e-02   1.3697169e-01  -1.3599870e-04  -1.4155081e-04   3.8107816e-04   4.8815121e-01   1.5353992e-01  -3.3391720e-01
  -5.7060439e-03   1.3914101e-01   1.4239111e-01   7.3736361e-04  -1.8584111e-05   2.8541688e-04   4.9445142e-01   1.1962964e-01  -3.5244094e-01
  -1.3008001e-02   1.0255919e-01   1.3831885e-01   1.0778937e-03  -1.0925696e-04  -1.3127852e-04   7.0554131e-01  -1.2772690e-01  -4.2434864e-01
  -6.6675605e-03   5.2015360e-02   9.8994378e-02   1.2156202e-03  -3.4115126e-04  -1.5955954e-04   4.7814391e-01   1.4980534e-01  -3.5663525e-01
  -5.8637495e-03   1.4044932e-01   1.0078392e-01   1.4109672e-03   8.5694199e-05   1.2804109e-04   4.9052195e-01   1.4451082e-01  -2.8168389e-01
   7.2192540e-04   1.3625001e-01   1.2400688e-01   1.1676678e-03   2.1245292e-04   2.6511300e-04   4.9438681e-01   6.2255627e-02  -3.1323735e-01
   5.0617937e-04   1.0621891e-01   1.1532853e-01   2.4236149e-04   2.0093390e-04   2.1498989e-05   4.9450236e-01   8.7999552e-02  -2.6048980e-01
   1.0564512e-02   1.6921143e-01   1.0035588e-01   1.3024164e-03   2.7100427e-04   5.8567412e-04   4.6119689e-01   1.2519632e-01  -2.7817310e-01
   1.7082805e-02   1.3208915e-01   1.4861131e-01   5.5703924e-04   2.2533941e-04   5.9803943e-04   4.8189738e-01   1.2033259e-01  -3.2542217e-01
   1.0199107e-02   1.8009568e-01   1.7034945e-01   1.5254712e-03   1.1269100e-04   7.5234607e-04   4.5764128e-01   1.3363355e-01  -3.3294795e-01
  -5.0845920e-04   1.0867938e-01   1.0785180e-01   1.4515365e-03   2.1731563e-04   1.0820632e-04   6.7659316e-01  -1.4543180e-01  -3.8436277e-01
  -2.3446749e-02   6.6254029e-02   5.3430231e-02   8.3329262e-04  -1.2490634e-04  -5.3289006e-04   4.9634060e-01   1.4464345e-01  -3.6407111e-01
  -9.5004202e-03   9.8626439e-02   1.5789791e-01   7.7234089e-04   8.0715820e-05   5.8227036e-04   4.9939437e-01   1.3211776e-01  -3.3129057e-01
  -1.8441281e-03   1.2967046e-01   1.1636730e-01   8.3354867e-04   4.6377200e-05   8.7714948e-04   5.1219119e-01   9.8883253e-02  -3.2112060e-01
   8.2927324e-04   1.1287189e-01   6.0027237e-02   1.4723884e-03   3.3291089e-04   4.5108299e-04   4.8881788e-01   1.0886374e-01  -3.4670205e-01
   5.3698701e-03   1.1162062e-01   1.5832919e-01   7.4066459e-04   1.3957086e-04   8.3381567e-04   4.8734030e-01   1.7143759e-01  -3.1342023e-01
  -1.0095006e-02   9.0799187e-02   1.6669705e-01   4.4001566e-04   1.1278563e-04   2.5409121e-04   4.8797884e-01   2.5126524e-01  -3.3156151e-01
  -1.4743364e-02   1.0722824e-01   1.3745545e-01   4.4972327e-04  -9.7203440e-05  -1.5264020e-04   4.9383693e-01   1.1683865e-01  -3.6285842e-01
  -3.7151099e-03  -7.8990048e-03   3.5636339e-02   1.0474037e-03   3.3055857e-04  -2.5953383e-04   5.1559108e-01   1.4950418e-01  -3.3955238e-01
  -3.3047282e-02   3.3550099e-02   1.0488256e-01   3.8112101e-04  -1.9598198e-04  -4.7221465e-04   4.8534301e-01   1.5129797e-01  -3.3256939e-01
  -1.7322916e-02   4.2971682e-02   8.9261937e-02   1.0380585e-03  -2.3447504e-04   6.0071918e-05   5.0662181e-01   1.5890603e-01  -3.3757432e-01
   8.9158434e-03   6.5800357e-02   1.1299185e-01   1.2007624e-04   4.3689735e-04   6.3315235e-04   5.0580885e-01   1.6870394e-01  -3.3827120e-01
  -2.9292371e-03   9.6179513e-02   1.2033774e-01   6.2942385e-04   1.1726998e-04   3.8999981e-04   5.1077029e-01   1.7211120e-01  -3.3349329e-01
  -9.5989802e-03   1.2102076e-01   1.6151150e-01   3.2393257e-04   8.6105237e-05   5.6065665e-04   4.9523446e-01   2.4839483e-01  -3.2649838e-01
  -2.1016928e-02   3.6677327e-02   8.8109974e-02   5.2554517e-04  -5.3391938e-05   2.9096795e-04   5.1600304e-01   1.4601579e-01  -3.3006315e-01
   1.2694166e-02   1.0082616e-01   1.1015163e-01   6.1015576e-04   1.3871834e-04   6.2195824e-04   5.1565683e-01   1.8278025e-01  -2.9676220e-01
  -5.2633188e-03   1.6586495e-01   1.9572664e-01   4.0873400e-04  -1.8424744e-04   3.8909761e-04   4.7656610e-01   1.8568333e-01  -3.1315261e-01
   5.2601080e-03   1.2685100e-01   2.0781608e-01   2.0129258e-04  -1.5661554e-04   3.4157867e-04   4.6755480e-01   1.6367197e-01  -3.0331598e-01
  -2.3437682e-02   4.4358927e-02   1.1326362e-01   1.1816074e-03  -7.7287424e-04   5.5382568e-05   6.9953692e-01  -1.0843481e-01  -3.7049875e-01
   4.2328344e-04   6.3530019e-02   1.4805361e-01   3.6559320e-04  -1.2130391e-04   3.9383791e-04   4.7122176e-01   1.7768899e-01  -2.9338053e-01
  -2.1073927e-02   1.5456322e-01   1.9554911e-01   1.0694346e-03   4.6756459e-05   3.0407038e-04   5.0851207e-01   2.6266062e-01  -3.0013402e-01
  -1.3856948e-03   1.0221552e-01   2.1341498e-01  -4.5378634e-05   8.2535490e-05   1.9634636e-04   5.1467248e-01   1.8232933e-01  -2.9561860e-01
  -2.6002786e-02   3.6545810e-02   2.5605278e-02   1.2605395e-03  -7.6220144e-04  -4.4540683e-04   1.0222583e+00   9.6545941e-01  -3.3670416e-01
  -1.3808215e-02   2.4324581e-02   3.7971140e-03   1.5617645e-03   1.3170026e-05  -2.8475401e-04   5.2978346e-01   9.3633058e-02  -3.1094233e-01
  -4.1218889e-03   3.9992795e-02   4.5657196e-02   2.4171443e-04   2.6273176e-04  -5.8932579e-05   5.1129916e-01   1.9271600e-01  -3.0534038e-01
   1.0229296e-03   1.4226249e-01   1.2957223e-01   1.1419696e-03   4.7546603e-04   3.2472228e-04   8.2106181e-01  -1.3764430e-01  -3.9556197e-01
  -2.4857874e-02   1.1966553e-01   6.4935030e-02   1.2934358e-03   2.9231497e-05  -9.6837229e-04   7.3406848e-01  -1.7631125e-01  -3.5017161e-01
   1.3832753e-02   1.0581596e-01   1.7174293e-01   2.9928681e-04   1.7466154e-04   4.5764654e-04   5.0026466e-01   1.7436331e-01  -2.9545137e-01
  -6.0349134e-03   1.6645245e-01   1.7224734e-01   8.4779382e-04   2.0608884e-04   4.4918699e-04   4.7131900e-01   1.9513015e-01  -3.0590231e-01
  -1.7141744e-02   9.1490666e-02   1.4098376e-01   1.0228696e-03   4.7025822e-04  -1.7193977e-04   4.8243297e-01   1.9441978e-01  -3.0231976e-01
  -2.5867107e-02   5.2690977e-02   1.3643538e-01   1.0508854e-03   1.7398186e-04  -1.5115522e-04   5.2340798e-01   2.2107383e-01  -3.0618666e-01
   1.9396014e-02   9.1234651e-02   1.4510658e-01  -7.9539538e-06   3.7381972e-04   9.1069659e-04   4.7559676e-01   1.4912314e-01  -2.9592485e-01
  -6.2652529e-03   1.6779345e-01   1.9784360e-01   5.2616649e-04   4.7865357e-04   6.5561533e-04   5.1149055e-01   1.6255812e-01  -3.2654641e-01
  -1.7614939e-02   1.7117320e-01   1.9154417e-01   1.3950773e-03   8.8710853e-05   6.8917555e-04   5.0086305e-01   1.7850058e-01  -3.2682821e-01
  -1.6087569e-02   1.5291082e-01   2.0467978e-01   1.0734730e-03   1.6756041e-04  -3.8011698e-06   4.7105286e-01   7.7717852e-02  -3.1376319e-01
   5.3734579e-03   6.7194495e-02   1.8521051e-01   1.6874804e-04   6.8581655e-04   5.3443690e-04   4.9040112e-01   1.3617371e-01  -3.1513675e-01
  -1.2072294e-02   1.2107166e-01   1.5384983e-01   8.6773125e-04   5.5196541e-04   9.6995787e-05   4.9507477e-01   9.9134898e-02  -3.1797489e-01
  -7.7156895e-03   6.5676972e-02   1.1006479e-01   3.7689452e-04   5.3111022e-04   8.4522639e-05   5.1813813e-01   1.4030356e-01  -3.1030236e-01
  -2.6575798e-03   3.1038415e-02   6.1227956e-02   6.0181101e-04  -1.2494431e-04   1.3129793e-04   7.9366057e-01  -1.6601499e-01  -3.8400752e-01
   2.2180108e-03   1.7015778e-01   1.4451725e-01   8.6170390e-04   6.9204892e-05   3.9182650e-04   5.1169322e-01   1.2157972e-01  -3.4501073e-01
  -9.8096163e-03   1.6770760e-01   1.5565459e-01   1.7154770e-03   3.2586130e-04   2.8846894e-04   4.2862498e-01   1.1036113e-01  -2.9124403e-01
  -1.7312305e-02   8.2840931e-02   1.1976181e-01   5.5767042e-04  -7.4040941e-05   1.7495156e-05   5.1831186e-01   1.9796682e-01  -3.1062838e-01
  -5.1143741e-03   1.1127973e-01   1.8122197e-01   3.0777813e-04  -2.4697331e-04  -4.2780287e-05   6.5368234e-01   3.0339927e-02  -3.3941033e-01
   9.5734401e-03   1.1829034e-01   1.9708971e-01   1.8619707e-04   2.2003990e-04   4.9393211e-04   4.8903396e-01   1.5120578e-01  -3.3500038e-01
  -2.9475033e-03   1.0484272e-01   1.1037462e-01   1.1655656e-03   3.8770853e-04   3.5861746e-04   5.2832936e-01   2.2190215e-01  -3.6736939e-01
   9.4409020e-04   1.0603169e-01   2.0011018e-01   1.4493672e-04   4.9113249e-04   5.4999707e-04   5.0173441e-01   2.2338560e-01  -3.3563479e-01
   4.3974904e-03   1.4768466e-01   2.5696532e-01  -1.4932144e-04  -1.0580886e-05   2.9377234e-04   5.0217945e-01   2.6602479e-01  -3.4651366e-01
   3.1696945e-03   1.4138422e-01   2.0587300e-01  -4.2052805e-04  -2.5108441e-05   1.3913756e-04   5.0027211e-01   2.6978086e-01  -3.2217880e-01
  -3.9531147e-03   9.2875824e-02   1.6029845e-01  -2.4636184e-04  -4.2550253e-05   8.6892281e-05   4.8525476e-01   1.7645197e-01  -3.0775566e-01
   5.3624675e-03   1.4893118e-01   2.2417051e-01   6.5450123e-04   2.1704825e-04   3.9199439e-04   4.9318998e-01   1.2581436e-01  -3.2308750e-01
  -4.1970388e-03   1.7042293e-01   2.1621252e-01   8.9245448e-04   4.2697943e-04   5.8217316e-04   5.0133544e-01   8.6012350e-02  -3.4058908e-01
   1.9483211e-02   1.3807093e-01   1.9400419e-01   1.6084779e-04   6.9160464e-04   1.1297799e-03   4.8468948e-01   1.7963997e-01  -3.5318499e-01
   1.9003802e-02   9.2439803e-02   1.1494978e-01   5.8643598e-04   1.7612438e-05   8.2943639e-04   4.9777799e-01   1.7698373e-01  -3.4052875e-01
  -9.7526086e-04   1.0661279e-01   1.0899534e-01   4.8718362e-04  -1.2079358e-04   3.1595064e-04   5.3237783e-01   9.6707644e-02  -3.5475476e-01
