   0.0000000e+00   0.0000000e+00   0.0000000e+00   0.0000000e+00   0.0000000e+00  -0.0000000e+00   4.1996064e-02  -1.3480241e-01  -5.2706074e-01
  -2.2274045e-02   1.0651193e-01   1.7454187e-01   4.1379354e-04  -2.8798941e-04  -1.6333361e-04   5.5349168e-02  -4.2474009e-02  -5.4312654e-01
  -2.2082130e-02   1.4326940e-01   1.1737824e-01   1.8246515e-03  -6.4477117e-04   1.1576271e-04   6.7043118e-01  -7.5279597e-01  -6.4260426e-01
   2.4341533e-02   8.7405352e-02   1.2852238e-01   3.7065457e-04   3.1854377e-04   3.9479145e-04   2.8819411e-02  -9.6664520e-02  -5.4296338e-01
  -2.0472000e-02   1.8646990e-01   2.1911523e-01   1.6210668e-03  -9.5216150e-04  -1.2211851e-04   4.0309276e-01  -8.0281963e-01  -7.9741056e-01
  -1.6254759e-02   1.5521694e-01   2.7429697e-01   4.7483319e-04  -1.2372053e-03  -2.5714302e-07   9.2277525e-02  -6.3110180e-01  -8.1244255e-01
  -3.1534360e-02   1.5369778e-01   2.3566044e-01   9.1078388e-04  -8.6843646e-04  -2.1187715e-04   2.8512858e-02  -5.7253656e-01  -7.4597299e-01
  -1.4006258e-02   1.9560078e-01   2.2052379e-01   1.6942514e-03  -9.8746895e-04   1.2708983e-05   3.7100013e-01  -9.8438070e-01  -8.0183700e-01
  -2.3189521e-02   1.0908851e-01   1.8292386e-01   1.3319516e-03  -8.8869103e-04  -1.1929523e-04   7.4666347e-02  -4.8973975e-01  -7.2741213e-01
  -7.2516036e-03   1.1138070e-01   1.3563345e-01   2.1300751e-03  -7.8550620e-04  -2.6921142e-04   1.7552162e-01  -3.1167351e-01  -7.2377430e-01
  -2.2969924e-03   9.9217674e-02   9.7901981e-02   9.9896199e-04  -7.1181601e-04   6.8677216e-04   7.1896994e-02  -2.7137385e-01  -6.8074070e-01
  -2.0065744e-02   1.5728713e-01   1.8664754e-01   1.2211481e-03  -9.0001922e-04  -2.6491452e-04   8.2937620e-02  -3.0164050e-01  -6.9377816e-01
  -1.0761303e-02   1.5417144e-01   1.4619001e-01   1.4508209e-03  -9.9478257e-04   3.5707688e-04   3.6105573e-01  -5.9940620e-01  -7.4454094e-01
  -2.3605122e-02   1.7124460e-01   1.7429749e-01   1.6691135e-03  -1.2286647e-03  -1.3326842e-04   5.9525549e-02  -2.7827069e-01  -6.8157865e-01
   1.7078025e-03   1.5612112e-01   1.6039958e-01   1.3224819e-03  -7.2679776e-04   3.3174413e-04   5.2985543e-02  -1.7773295e-01  -6.8611669e-01
   5.6862393e-03   1.1732279e-01   1.9937181e-01   7.0864105e-04  -9.0405056e-04   4.3402826e-04   2.5320585e-02  -2.4509682e-01  -6.0711565e-01
  -2.1824474e-02   1.6932199e-01   2.1289773e-01   1.3838506e-03  -9.9903425e-04  -1.3414297e-05   6.5171823e-03   9.6567734e-02  -4.2828201e-01
  -1.4561505e-03  -1.7763459e-01  -6.8252282e-03  -2.5732305e-04  -3.8407075e-04  -1.0609885e-03   5.5905262e-01   7.5976639e-01  -4.0770859e-01
  -2.4113547e-02   1.9945651e-01   7.9838380e-02   2.5277493e-03  -8.1977653e-04  -4.4300551e-04   1.3451706e-02   9.8067541e-02  -4.0228954e-01
  -2.7625184e-02   1.4646944e-01   2.1191908e-01   1.1630771e-03  -7.7721622e-04  -2.2308097e-04   5.2103941e-03   9.4681035e-02  -3.8998057e-01
  -1.8256322e-03   1.4096238e-01   1.8716282e-01   1.2632048e-03  -6.7910812e-04   1.6891486e-04  -2.2817609e-02   8.9732876e-02  -3.9833396e-01
  -1.8403353e-02   1.4041503e-01   1.8804780e-01   1.4420394e-03  -4.7566689e-04   9.4426127e-05  -3.1965291e-02   1.6842688e-01  -3.1827176e-01
  -3.8077225e-02   1.9287621e-01   2.0685656e-01   1.7838912e-03  -1.3088764e-03  -5.4190270e-04  -2.7142369e-02   2.4908469e-01  -2.7528997e-01
  -2.5795225e-02   1.5529457e-01   1.7609033e-01   1.4899251e-03  -8.2419835e-04  -2.0292112e-04   1.4045363e-01   1.7077018e-02  -2.3688066e-01
   5.2659951e-03   8.3574622e-02   1.7011238e-01   4.8294468e-04  -5.1219837e-04   1.0715061e-04  -5.2766792e-02   1.7517761e-01  -3.1334060e-01
  -3.7591023e-02   1.7239301e-01   1.9078090e-01   1.5729904e-03  -1.0481167e-03  -5.8791639e-04   2.4059695e-01   5.9480800e-02  -3.4524460e-01
  -1.3955047e-02   1.1648866e-01   9.0077439e-02   6.6288502e-04  -9.8723843e-04   5.0930059e-05  -1.0311180e-02   4.4381404e-01  -3.1476745e-01
  -2.0611791e-02   2.5445061e-02   5.2569128e-02   1.4585295e-03  -7.2354700e-04   2.0059424e-05   1.2583336e-01   5.3489714e-01  -2.8988463e-01
  -4.1432601e-02   1.5444809e-01   1.8435421e-01   1.5696341e-03  -7.8744032e-04  -2.6461979e-04   1.0917572e-01   6.5581038e-01  -3.0887539e-01
  -3.9416413e-02   9.7627034e-02   1.6388631e-01   6.3150225e-04  -1.2114623e-03  -5.0951763e-04   1.8637894e-01   9.2119792e-01  -2.9312242e-01
  -3.7728363e-02   3.5006826e-03   4.6545177e-02   1.7115371e-03  -8.6146136e-04  -5.4007527e-04   2.3630716e-03   1.8077507e-01  -3.1100477e-01
  -4.2499821e-02   1.7526526e-01   1.7326231e-01   1.6984269e-03  -8.1668947e-04  -5.0567843e-04   6.0269681e-01   7.4221477e-02  -3.9452094e-01
  -1.9568142e-02   1.0113950e-01   1.2638691e-01   9.1544934e-05  -3.3801251e-04  -4.2213601e-04   1.4130331e-01   4.3337672e-01  -2.7153858e-01
  -8.9391065e-04   8.2617923e-02   2.0044245e-01  -3.1172221e-04  -2.4345773e-06  -2.3637245e-04   3.2972883e-01   8.2007600e-01  -2.4220410e-01
  -2.2527558e-02   1.5415080e-01   2.1216239e-01   8.6300284e-04  -6.4392540e-04  -3.6168038e-04  -1.4761919e-02   2.6203319e-01  -2.7382236e-01
  -1.1064030e-02   1.1897602e-01   2.1829876e-01   5.0895464e-04  -4.3212648e-04  -2.3214579e-04  -3.9181339e-02   2.8700366e-01  -3.0326776e-01
  -2.1539996e-02   1.7006014e-01   2.2929005e-01   1.1402554e-03  -6.1300999e-04  -2.1021599e-04   1.6666628e-02   2.1114086e-01  -3.0298887e-01
  -7.5261578e-03   1.2250489e-01   1.5327534e-01   1.3202616e-03  -2.0621049e-04   1.4269266e-04  -3.8128776e-02   2.3242343e-01  -3.1136584e-01
  -7.5077471e-03   1.1805680e-01   2.3323681e-01   5.8165642e-04  -1.4305319e-04   1.3809556e-04  -4.0277638e-02   2.7136723e-01  -3.2222234e-01
  -1.6268315e-02   1.5756261e-01   2.0992619e-01   1.2640568e-03  -5.6395076e-04   9.2379950e-06  -2.2025778e-02   2.6952555e-01  -2.9001741e-01
  -9.4584008e-03   1.0852571e-01   2.1896851e-01   3.7173391e-04  -4.6013810e-04   3.4046728e-06   1.8663635e-01   8.0892536e-02  -3.4900666e-01
  -2.7073605e-02   1.4631021e-01   1.8458372e-01   1.4494225e-03  -6.8054891e-04  -4.6393566e-04   7.4917291e-01   5.0780360e-01  -3.4603453e-01
  -4.7165128e-03   6.5883768e-02   1.1430590e-01   1.0477846e-03  -3.6394657e-04   2.0940519e-04  -2.0113687e-02   2.9104464e-01  -3.2412955e-01
  -1.5870676e-02   1.1279276e-01   2.1151023e-01   4.8918962e-04  -6.4831399e-04  -1.0691864e-04  -2.3205586e-02   3.4970522e-01  -3.4352508e-01
  -2.0003871e-02   1.2153605e-01   1.9824533e-01   7.1228738e-04  -4.8537844e-04   1.1536931e-05  -4.5871467e-02   3.5874469e-01  -3.1846046e-01
  -2.4678141e-02   1.1700042e-01   1.9840636e-01   4.2865253e-04  -6.3909022e-04  -1.7392058e-04  -2.1454496e-02   2.1765377e-01  -3.1472737e-01
  -3.3956192e-02   1.6182021e-01   1.8486838e-01   1.4933585e-03  -4.9816406e-04  -1.7232436e-04  -5.9211208e-03   2.3799621e-01  -3.3246755e-01
  -1.4568076e-02   1.5440013e-01   1.7083842e-01   1.3024381e-03  -4.6715066e-04  -1.8445806e-04  -3.6572283e-02   1.9105442e-01  -2.7378391e-01
   3.0105118e-03  -1.1109066e-01   8.7284512e-02  -1.0841366e-03   1.8562405e-04  -2.2866955e-05   2.5142194e-01  -3.6816233e-02  -3.7691084e-01
  -1.3506318e-02   1.0306328e-01   1.6791434e-01   9.8720528e-04  -3.8714500e-04   8.7139787e-05  -2.4823696e-02   2.0489065e-01  -3.6423752e-01
  -1.2941646e-02   5.1428831e-02   9.6502719e-02   9.8711381e-04  -5.8078807e-04   4.2713393e-04  -3.3227605e-02   2.4042316e-01  -3.0857754e-01
  -4.0211235e-03   5.4956944e-02   1.8094531e-01  -2.2131019e-04  -8.9907691e-05   4.0883176e-05   8.5291238e-04   4.9699901e-01  -3.1852142e-01
  -2.4500609e-02   1.7484823e-01   1.6911488e-01   2.2573002e-03  -8.1812833e-04   5.7281038e-05  -1.6164855e-02   2.6767794e-01  -3.3456073e-01
  -3.2072251e-02   1.5209617e-01   2.0945694e-01   1.3863675e-03  -7.1500885e-04  -3.4935382e-04  -2.5103658e-02   2.5840677e-01  -3.2054314e-01
  -1.6667152e-02   1.0130759e-01   1.4088690e-01   7.6198641e-04  -7.0094133e-04   3.6412594e-04   4.7841635e-01  -2.9533910e-01  -4.1853168e-01
  -2.2025391e-02   1.1532442e-01   1.6420788e-01   1.4264894e-03  -6.0801345e-04   8.6488459e-06  -4.6054181e-02   2.4676988e-01  -3.1051127e-01
  -2.8815791e-02   1.6123029e-01   2.1984645e-01   1.3025773e-03  -9.3798179e-04  -3.6002483e-04  -3.1961100e-02   2.4420262e-01  -3.1235679e-01
  -3.1406010e-02   1.5967230e-01   2.3794774e-01   1.2602721e-03  -7.5212712e-04  -4.6769374e-04  -4.9537920e-02   2.2734997e-01  -2.8645960e-01
  -3.4956042e-02   1.8423346e-01   1.7898775e-01   1.9294314e-03  -9.4480145e-04  -1.9169189e-04  -6.5399037e-02   2.1350848e-01  -2.7179574e-01
  -1.6335871e-02   1.3324455e-01   2.0914672e-01   1.0314204e-03  -1.0058577e-03   1.2942473e-04  -4.5568249e-02   1.8382769e-01  -3.1719920e-01
  -2.7009375e-02   1.4671209e-01   2.0047782e-01   1.1965510e-03  -1.1193412e-03   5.6991340e-05  -4.3623023e-02   1.7568524e-01  -3.1475867e-01
  -2.9015362e-02   1.5322593e-01   1.7095484e-01   1.5285252e-03  -8.1886266e-04  -2.3577213e-04  -2.6507728e-02   1.9689339e-01  -3.2315029e-01
  -3.2482148e-02   1.3449622e-01   1.9976354e-01   8.7320196e-04  -1.1713489e-03  -3.0809243e-04  -6.1770254e-02   2.6402312e-01  -3.2171933e-01
  -2.0244363e-02   1.3863486e-01   2.0973659e-01   1.2947227e-03  -6.4240573e-04  -5.3700928e-04   1.2925473e-01   5.0746585e-03  -3.4917502e-01
  -3.3649107e-02   1.7324584e-01   1.8417923e-01   1.6369405e-03  -1.0926332e-03  -3.2877759e-04  -4.4928972e-02   2.2763749e-01  -2.9344234e-01
  -2.1175048e-02   1.2884018e-01   2.2190184e-01   5.0356750e-04  -1.2015082e-03   3.9320240e-05   6.2427067e-01   6.2769047e-01  -3.8285506e-01
  -1.8111216e-02  -1.2503292e-03  -7.2667639e-02   8.4995215e-04  -3.0120440e-04  -6.3195494e-04  -1.4295871e-01   1.0309094e+00  -1.6139538e-01
  -2.2149648e-02   1.8205799e-01   2.1537603e-01   1.6621251e-03  -5.0225840e-04  -4.6936276e-04  -1.7350695e-02   2.3714284e-01  -3.1787264e-01
  -2.1608646e-02   1.2443365e-01   2.6613379e-01   9.1705866e-04  -8.0391763e-04  -3.0885875e-04  -4.0485768e-02   2.9129842e-01  -2.7890470e-01
  -6.6801572e-03   1.4964053e-01   2.3664359e-01   1.3814196e-03  -3.9555224e-04  -2.8794785e-05   8.6962690e-02  -8.8250061e-03  -3.3961017e-01
  -5.1650335e-03   1.2683926e-01   2.2749521e-01   7.5906056e-04  -3.8402103e-04   1.9602271e-04  -8.7450360e-02   2.0010725e-01  -2.9430710e-01
  -3.0900058e-02   1.8114665e-01   2.3444226e-01   1.6384709e-03  -7.3772144e-04  -3.9510536e-04  -8.3076080e-02   2.1688739e-01  -2.6503746e-01
  -1.8775086e-02   1.9684367e-02   1.8773877e-01   5.4154039e-04  -2.4832944e-04  -8.2901555e-04  -6.7920195e-02   1.8460034e-01  -2.9709994e-01
  -1.8129387e-02   1.4930854e-01   1.8030398e-01   1.2004595e-03  -7.2981993e-04  -3.4935857e-04  -5.2395236e-02   2.2822427e-01  -3.0203621e-01
  -3.5242894e-02   1.8327457e-01   1.6906213e-01   1.6081928e-03  -1.0113865e-03  -7.3260040e-04  -1.0308221e-01   4.3437157e-01  -3.8250543e-01
  -3.9095265e-02   1.6559697e-01   1.9868504e-01   1.5367000e-03  -9.0322055e-04  -5.4584588e-04  -3.4645546e-02   2.5287131e-01  -3.5270090e-01
  -2.0937063e-02   1.4618459e-01   1.7932198e-01   1.4264750e-03  -8.3346274e-04  -5.3554823e-05  -3.9008322e-02   1.9857780e-01  -3.4677083e-01
  -1.3194357e-02   7.5159804e-02   1.7705096e-01   5.9733693e-04  -6.5531381e-04   5.1573645e-04  -5.0252964e-02   2.5886437e-01  -3.2789428e-01
  -3.6265912e-02   1.4203999e-01   1.4102767e-01   1.7243653e-03  -1.1005768e-03  -6.8126220e-04   6.3370235e-01   4.9772500e-01  -3.8669605e-01
  -1.4058298e-02   1.4682596e-01   2.0276409e-01   1.8503940e-03  -5.6981612e-04  -1.9906736e-04  -3.9489390e-02   2.4562347e-01  -3.1278636e-01
  -4.4027003e-02   1.6658593e-01   2.1401365e-01   1.8169092e-03  -6.5496974e-04  -7.5560749e-04  -5.1156293e-02   2.9935572e-01  -3.1920226e-01
  -3.2031490e-02   1.7613450e-01   2.8209836e-01   1.4024194e-03  -8.6116747e-04  -9.1324977e-04  -4.9734407e-02   2.7587438e-01  -3.3984408e-01
  -2.6699718e-02   1.4788837e-01   2.3353490e-01   1.4960059e-03  -5.6905470e-04  -7.4178711e-04  -4.6448174e-02   2.6740877e-01  -3.3296578e-01
  -2.1050154e-02   1.7575919e-01   1.7598003e-01   2.2843043e-03  -5.1629265e-04  -3.6427358e-04   2.2973387e-01  -8.5573068e-02  -3.9979997e-01
  -3.5729492e-02   1.6249789e-01   1.8495367e-01   2.1856804e-03  -6.8909806e-04  -4.6757658e-04  -9.8561115e-02   5.7237984e-01  -2.6758973e-01
  -4.2955061e-02   1.7847104e-01   2.6799780e-01   1.1988585e-03  -1.3172246e-03  -9.6411588e-04  -5.7738291e-02   2.8343608e-01  -3.0036270e-01
  -3.6430174e-02   1.7141523e-01   2.2514378e-01   1.2323105e-03  -8.8937314e-04  -1.1998948e-03  -5.9972257e-02   2.7703359e-01  -3.3836374e-01
  -3.6857369e-02   1.6635845e-01   2.0561553e-01   1.0602560e-03  -1.2798137e-03  -9.1631908e-04  -7.2007577e-02   2.2636561e-01  -3.3657814e-01
  -3.0194955e-02   1.5726662e-01   2.1312584e-01   9.3377312e-04  -1.0402009e-03  -8.6325721e-04  -7.7097594e-02   2.6516179e-01  -2.8626339e-01
  -1.8700170e-02   1.1352167e-01   2.2788318e-01   2.0220072e-04  -9.3909574e-04  -3.9091212e-04  -7.8603728e-02   3.1552504e-01  -2.8621453e-01
  -2.4949562e-02   1.4902887e-01   1.7168523e-01   1.4108385e-03  -9.2700803e-04  -3.7947298e-04  -6.4033112e-02   2.3525226e-01  -2.8777646e-01
  -2.3023496e-02   1.6045637e-01   2.1847260e-01   1.4259008e-03  -9.1263136e-04  -5.4400324e-04  -1.0923748e-01   2.5704445e-01  -2.6850014e-01
  -2.3514124e-02   1.6484113e-01   2.1609689e-01   1.4543461e-03  -1.0289139e-03  -2.7449820e-04  -6.2713357e-02   2.3815272e-01  -3.1653488e-01
  -3.8594978e-02   1.3949988e-01   2.5373759e-01   1.1774119e-03  -9.5351912e-04  -8.5960496e-04  -6.4484038e-02   2.6400154e-01  -3.2577387e-01
  -2.9597932e-02   1.5591670e-01   2.0200986e-01   1.5138083e-03  -1.0518881e-03  -4.7608342e-04  -8.2821411e-02   2.2629852e-01  -3.4294494e-01
  -2.8968775e-02   1.7959084e-01   2.4311371e-01   1.9434275e-03  -1.4050890e-03  -5.4780177e-04  -6.8164362e-02   2.5032267e-01  -3.2729850e-01
  -2.6166452e-02   1.2267494e-01   2.2290824e-01   8.6910773e-04  -1.2193710e-03  -2.6654956e-04  -6.7570679e-02   2.8082164e-01  -3.7378813e-01
  -2.0611104e-02   1.4331373e-01   2.3999449e-01   8.7785801e-04  -1.2870161e-03  -4.2615112e-04  -9.3849169e-02   2.6919120e-01  -3.1193189e-01
  -3.3592292e-02   1.3947972e-01   1.9637834e-01   1.6514509e-03  -9.1756807e-04  -4.9914185e-04  -6.8117800e-02   2.8750185e-01  -3.1276879e-01
  -3.4908294e-02   1.7056017e-01   1.8243381e-01   1.6513220e-03  -1.0404362e-03  -9.9851681e-04   1.8726395e-01  -1.0463433e-02  -3.9162558e-01
  -3.8358248e-02   1.6898008e-01   2.2167197e-01   1.7010743e-03  -1.3601452e-03  -7.2675256e-04  -9.0005936e-02   2.9329297e-01  -3.1911519e-01
  -1.8168689e-02   1.0290586e-01   2.3291341e-01   4.5446210e-04  -9.3444917e-04  -2.9133924e-04  -9.8050861e-02   2.9708070e-01  -2.9510033e-01
  -1.9722009e-02   1.4358529e-01   1.8814964e-01   1.3125239e-03  -9.3702010e-04  -6.0763394e-04   1.2528880e-01   8.5748776e-02  -3.4606225e-01
  -2.5453498e-02   1.5402236e-01   1.9694025e-01   1.8214640e-03  -1.0328120e-03  -5.1805956e-04  -1.0369490e-01   2.5813348e-01  -2.6833498e-01
  -1.0651719e-02   1.4035418e-01   1.6563542e-01   1.3799031e-03  -5.7587601e-04  -4.2197514e-04   1.6290038e-01   3.9490755e-02  -3.2337001e-01
  -3.5736512e-02   1.5779994e-01   2.1401302e-01   1.6535485e-03  -3.5441237e-04  -1.1085468e-03  -5.4723476e-02   2.1762969e-01  -2.8453248e-01
  -1.8840305e-02   1.1715235e-01   2.6951853e-01   9.5128780e-04  -4.8917748e-04  -2.4220769e-04  -8.9020627e-02   2.8010302e-01  -3.3920251e-01
  -3.2798395e-02   1.6431072e-01   2.7291382e-01   1.3577338e-03  -7.2336666e-04  -7.2179997e-04   1.0615362e-01   1.3026501e-01  -3.3765545e-01
  -1.9330045e-02   1.5792279e-01   2.7061334e-01   1.6920894e-03  -7.9601128e-04  -3.8738813e-04   1.4960920e-01   3.0584310e-02  -3.9272772e-01
  -3.0124555e-02   1.1795134e-01   2.4992468e-01   5.8243291e-04  -5.3500883e-04  -4.8146958e-04   1.5163405e-01   2.0314867e-01  -3.7703951e-01
  -2.1857895e-02   1.3513677e-01   2.2789633e-01   9.2075123e-04  -1.0296053e-03  -2.9652212e-04  -8.1226147e-02   2.9661065e-01  -3.1305515e-01
  -3.2476636e-02   1.3900825e-01   2.0553625e-01   1.0147056e-03  -9.4450618e-04  -3.0331485e-04   1.3571948e-01   9.4346273e-02  -3.9828629e-01
  -1.8639742e-02   1.4928797e-01   1.8530331e-01   1.2324964e-03  -8.0954343e-04  -1.5759576e-04  -8.0373127e-02   3.1699112e-01  -3.6822293e-01
  -2.6991479e-02   1.3264706e-01   1.9675251e-01   1.1029096e-03  -8.0848570e-04  -1.5795255e-04  -7.2556869e-02   3.2263546e-01  -3.5540658e-01
  -3.9281103e-02   1.3217333e-01   2.0751556e-01   1.2724755e-03  -1.2169978e-03  -4.8345908e-04  -6.9725210e-02   2.5446872e-01  -3.4413255e-01
  -4.0153357e-02   2.0228383e-01   1.2717552e-01   1.7996368e-03  -4.4922732e-04  -2.1045976e-03   1.5425014e-01   1.3998778e-01  -3.2777167e-01
  -4.1630704e-02   1.3333171e-01   2.0984589e-01   1.1953859e-03  -3.1953502e-04  -9.9935368e-04  -1.1467861e-01   3.5526356e-01  -2.7685851e-01
  -2.6869747e-02   1.1607229e-01   2.8268283e-01   9.8669202e-04  -3.4697482e-04  -6.5323850e-04   1.3305341e-01   1.4944243e-01  -3.9364527e-01
  -4.1002492e-02   1.3888887e-01   2.9276615e-01   6.5284920e-04  -6.9948267e-04  -8.9673370e-04  -6.3648078e-02   3.4960008e-01  -3.3139231e-01
  -4.6501568e-02   1.9628340e-01   3.4695702e-01   1.1665182e-03  -9.3088578e-04  -1.9581671e-03  -8.3215864e-02   3.5781500e-01  -3.1027884e-01
  -2.7614648e-02   1.4136147e-01   2.6324910e-01   7.2523399e-04  -5.6987090e-04  -9.0948346e-04  -7.9172625e-02   3.8904461e-01  -2.9674053e-01
  -3.9301912e-02   1.5445450e-01   2.6152785e-01   8.7368755e-04  -3.5945060e-04  -1.1589460e-03  -7.1694364e-02   2.9972276e-01  -2.9307695e-01
  -5.4029231e-02   1.9640385e-01   2.4274476e-01   8.3431445e-04  -6.5723344e-04  -2.4393864e-03  -6.8051647e-02   4.1198667e-01  -3.3894078e-01
  -3.7373200e-02   1.3173307e-01   1.7582594e-01   6.2839554e-04  -6.1528454e-04  -1.0923675e-03  -8.1851470e-02   3.6189850e-01  -3.3239379e-01
  -4.3498539e-02   1.7762667e-01   1.8814436e-01   1.0187717e-03  -5.8199736e-04  -1.6331507e-03  -8.1543714e-02   3.7244634e-01  -3.4990277e-01
  -2.0821401e-02   1.4860722e-01   2.0410703e-01   4.2471176e-04  -3.7648799e-04  -1.0934589e-03  -9.4019605e-02   3.5293020e-01  -3.0278664e-01
  -3.7579224e-02   1.3405018e-01   2.6696109e-01   2.7960066e-04  -7.1353173e-04  -1.1560373e-03  -9.9875385e-02   5.8553941e-01  -3.0054068e-01
  -1.8747885e-02   1.2985925e-01   2.3476251e-01   1.0293870e-03  -6.2639305e-04  -8.8718588e-04  -1.1428238e-01   3.6573399e-01  -2.9587140e-01
  -3.0615736e-02   1.5671106e-01   2.9022675e-01   7.1505740e-04  -4.8616173e-04  -1.3527455e-03  -1.0434432e-01   3.6072180e-01  -3.2835436e-01
  -2.9856809e-02   1.4101787e-01   2.6647256e-01   8.5108853e-04  -9.7788666e-04  -8.3970664e-04   3.4657520e-01   3.7336393e-01  -4.2944451e-01
  -3.1026538e-02   1.5634831e-01   2.8602588e-01   1.0558203e-03  -7.5249485e-04  -1.1130752e-03  -7.8645195e-02   4.0043091e-01  -3.3946894e-01
  -4.5375289e-02   1.8177323e-01   2.6284683e-01   9.0649173e-04  -8.1780648e-04  -1.6641219e-03  -8.2607060e-02   3.6890493e-01  -3.2083219e-01
  -2.6228265e-02   1.4231024e-01   2.7578453e-01   5.8184576e-04  -7.5691889e-04  -1.0911829e-03  -8.2514297e-02   4.1403934e-01  -3.1821011e-01
  -4.1416794e-02   1.2912345e-01   2.6454361e-01   7.7828962e-05  -7.6834082e-04  -1.2423279e-03  -1.0402241e-01   4.4899822e-01  -2.9329822e-01
  -3.4015126e-02   1.6143829e-01   2.3609146e-01   6.7289943e-04  -8.0393023e-04  -1.3652581e-03  -9.1634581e-02   4.1434711e-01  -3.2378795e-01
  -3.1657926e-02   1.7157292e-01   1.5870518e-01   1.5174753e-03   1.7877767e-05  -1.9018825e-03   7.3065447e-01   4.3515627e-01  -4.1675099e-01
  -3.0953756e-02   1.2923852e-01   2.1100863e-01   8.1026093e-04  -3.8287950e-05  -1.3520988e-03  -9.9681790e-02   3.6815337e-01  -3.0847961e-01
  -4.8669793e-02   1.6187115e-01   2.9399778e-01   6.3783341e-04  -5.0499730e-04  -1.7008124e-03   1.4005769e-01   1.6745591e-01  -3.6304882e-01
  -5.7476237e-02   1.7445282e-01   2.9301102e-01   9.0523812e-04  -4.2199784e-04  -2.1788823e-03  -7.4095202e-02   4.6381806e-01  -3.2998014e-01
  -4.7785226e-02   1.7876448e-01   3.1813069e-01   7.8567460e-04  -8.5984408e-04  -2.0467282e-03  -1.0156167e-01   4.3306505e-01  -2.6717734e-01
  -4.3047687e-02   1.7607309e-01   2.2707907e-01   1.6464700e-03  -7.7011250e-04  -1.4499397e-03   8.9216787e-02   2.2908872e-01  -3.0034155e-01
  -4.5869974e-02   1.6225515e-01   2.9995639e-01   6.8231945e-04  -9.7804341e-04  -1.7137055e-03  -1.0511636e-01   4.6286848e-01  -3.0219832e-01
  -5.0652154e-02   1.3505849e-01   2.9302736e-01   5.7162994e-04  -8.7075014e-04  -1.4420496e-03   1.1181440e-01   2.9253400e-01  -3.5647152e-01
  -5.3109178e-02   1.5063603e-01   2.7957860e-01   1.1785132e-04  -5.7491952e-04  -2.4422507e-03  -1.0060101e-01   4.8948172e-01  -3.2186519e-01
  -5.5568288e-02   1.5633435e-01   2.9438756e-01   3.6467618e-04  -7.0451685e-04  -2.0275559e-03  -7.9128696e-02   5.0816536e-01  -3.5951653e-01
  -5.5234493e-02   2.0434320e-01   2.2564850e-01   1.2061464e-03  -2.5503987e-04  -2.5158128e-03   1.1518067e-01   2.1275685e-01  -3.5249053e-01
  -6.5470622e-02   1.7186541e-01   2.4770637e-01   9.5392816e-04  -3.5636700e-04  -2.2678165e-03  -6.1039350e-02   4.0746957e-01  -3.2053231e-01
  -3.8744034e-02   1.8277713e-01   2.1819871e-01   1.5760850e-03  -3.3176839e-04  -1.8227854e-03   5.7304409e-02   4.0450706e-01  -3.6119804e-01
  -5.1822108e-02   1.6408020e-01   2.5959541e-01   8.8556151e-04  -5.9460161e-04  -1.7600842e-03  -8.7653481e-02   3.7045669e-01  -3.2622727e-01
  -4.7520537e-02   1.7549366e-01   3.0867538e-01   4.7579773e-04  -5.0989880e-04  -2.5315165e-03  -1.0395088e-01   4.1375732e-01  -3.4463342e-01
  -3.8953023e-02   1.2611665e-01   2.5210474e-01   1.4470224e-04  -3.3163194e-04  -1.3158703e-03  -7.9554458e-02   4.0161786e-01  -3.4483051e-01
  -3.5510256e-02   1.7511585e-01   3.0620267e-01   5.3295600e-04  -4.8871178e-04  -1.7441941e-03  -6.9572969e-02   4.3314966e-01  -3.3729245e-01
  -4.9259004e-02   1.6574314e-01   2.4071514e-01   4.7764206e-04  -4.9762691e-04  -1.6988975e-03  -1.0271608e-01   4.4126182e-01  -3.1212284e-01
  -5.4310359e-02   1.7083045e-01   3.0770536e-01   6.4955021e-06  -6.6945334e-04  -2.4744822e-03   3.2970294e-02   2.1756860e-01  -3.6375088e-01
