   0.0000000e+00   0.0000000e+00   0.0000000e+00   0.0000000e+00   0.0000000e+00  -0.0000000e+00   4.1422777e-01   3.8373043e-01  -2.0828807e-01
   3.8151048e-03   1.8696740e-02   1.0131872e-01  -3.5960392e-04  -1.0256494e-04   4.4536464e-04   3.7716870e-01   3.6355185e-01  -2.0576622e-01
  -2.6340219e-02  -9.8625811e-02  -4.7636006e-02  -3.0715448e-04   6.9776356e-05  -6.8687343e-04   4.4441373e-01   2.8651227e-01  -2.2152797e-01
  -2.4801656e-02  -4.3259699e-02  -1.4245215e-02  -3.6844989e-04  -2.0022982e-04  -2.7678490e-04   4.3011133e-01   3.3349237e-01  -2.3253317e-01
  -3.6746719e-02  -7.4440005e-02  -1.1172906e-02  -6.0092918e-04  -6.3066978e-04  -6.6394855e-04   4.7499688e-01   2.5670719e-01  -3.7308552e-01
  -2.8751087e-02  -7.5310965e-02  -9.2339825e-02   4.2067852e-04  -9.4212318e-05  -3.0247239e-04   4.8300790e-01   2.8033105e-01  -3.7321436e-01
  -2.9300691e-02  -3.2902759e-03   2.0187654e-02   1.2797019e-05  -8.5779430e-06  -7.7462817e-05   4.7347825e-01   3.5816761e-01  -3.3086550e-01
  -2.1057437e-02  -3.4370982e-02   1.1321448e-02   2.2374051e-04   1.6926487e-04   1.3836317e-04   4.6656781e-01   2.6187988e-01  -3.4852792e-01
  -2.2768647e-03  -2.5216134e-02   1.6564529e-02  -5.5884367e-04  -1.8002283e-05  -1.2829049e-04   4.6352371e-01   2.8579226e-01  -3.5340220e-01
  -7.0416298e-03  -4.9513927e-02  -4.0478276e-03  -7.8923776e-04  -2.5403429e-05   1.3372202e-04   4.6183607e-01   2.5464800e-01  -3.6041095e-01
  -1.2145949e-02   3.7914092e-02   5.8782895e-02  -1.7550709e-04   8.5080190e-05   2.2610975e-04   4.5035657e-01   2.6517811e-01  -3.7707073e-01
  -2.1195995e-02   1.1665981e-02   7.0758500e-02  -7.0773631e-05   1.2760236e-04   1.3518780e-04   4.5615965e-01   2.5435321e-01  -4.1489435e-01
  -2.4426849e-02   2.9755901e-02   7.7991417e-02  -4.9785975e-05  -1.1071818e-04   2.2748817e-04   4.7513234e-01   2.7348686e-01  -4.1284931e-01
  -5.3293792e-03   2.8036318e-02   7.0301427e-02  -1.6385336e-04   1.3915003e-04   4.1804642e-04   7.2039007e-01  -1.4626898e-01  -4.7373310e-01
  -8.2302411e-03   4.3705884e-02  -1.4010225e-02  -2.6060174e-06  -1.3666156e-04   2.7833074e-04   4.5552423e-01   1.2431719e-01  -3.6203857e-01
  -2.0280532e-02   2.9044978e-02   5.7462910e-02   3.9671527e-04  -2.1586536e-04   2.2304535e-04   6.2454250e-01   3.9723508e-02  -3.9197188e-01
  -1.4772849e-02  -8.3925403e-03   2.3661069e-02  -4.3747123e-04  -1.9295355e-05  -3.5745009e-05   4.7118547e-01   2.0901614e-01  -3.5656614e-01
  -2.9839168e-02  -3.3959718e-02  -3.1026618e-02   7.9659993e-04  -1.7061636e-04   5.0848233e-05   4.6732479e-01   2.0861650e-01  -3.5710399e-01
  -1.4577478e-02  -6.4064661e-02  -6.5145485e-02  -2.9181494e-04  -2.0680588e-04   6.8528281e-05   4.6304225e-01   1.9220793e-01  -3.7775563e-01
  -2.2684311e-02  -3.2220319e-02  -4.0800040e-02  -1.0586069e-05  -4.2226809e-04   7.7571896e-05   4.5589964e-01   2.8022833e-01  -3.6885362e-01
  -2.0679377e-02   3.4622648e-02   1.4937734e-02   7.0722958e-04   7.1014104e-05   4.0281870e-04   4.6150286e-01   1.2033349e-01  -3.4635996e-01
  -6.3219101e-03  -2.3225077e-03  -1.4094593e-02   2.1107967e-04   1.2892108e-04   4.1431095e-04   4.5766442e-01   1.6307139e-01  -3.5741747e-01
  -2.2757088e-02   4.1604218e-02   1.6708174e-02   9.1275317e-05  -3.6365447e-04   4.2698679e-04   4.1961631e-01   1.6408733e-01  -3.6201195e-01
  -2.1804124e-02   1.6256019e-02   2.1767278e-02  -2.2789280e-05  -3.8812228e-04   1.9342204e-04   4.3374606e-01   1.8780334e-01  -3.5685329e-01
  -4.8452502e-03   2.4031495e-02   9.2634620e-03  -2.9899962e-04  -1.0788740e-04   2.8049496e-04   4.3556056e-01   1.3134028e-01  -3.8783562e-01
  -2.0121252e-02   2.8041479e-02   1.6320594e-02  -2.0472773e-05  -4.1531845e-04   3.4263153e-04   4.1828898e-01   1.9023927e-01  -3.5995428e-01
  -2.7661572e-02   6.5224611e-02   6.1356804e-02   1.7709704e-04  -5.1811311e-04   1.9477594e-04   4.3143979e-01   2.2724146e-01  -3.1670990e-01
  -1.7336387e-02  -2.6496709e-02  -1.7241636e-02  -3.7773730e-04  -7.1544557e-04  -1.4974676e-04   4.3359929e-01   2.4644038e-01  -3.3059721e-01
  -3.3196944e-02  -3.3149900e-02  -5.3105164e-02   8.8163822e-04  -4.4284652e-04  -3.9629334e-04   4.2692811e-01   2.3138885e-01  -3.3984950e-01
  -3.2430321e-02  -3.9058763e-02  -5.2310566e-02   6.6103157e-04  -7.9012794e-04   9.6170540e-05   4.6305345e-01   1.7824109e-01  -3.4937958e-01
  -1.7430331e-02  -4.3557019e-02  -4.5739160e-02  -3.1715368e-04  -4.4321528e-04   1.9077919e-04   4.2242634e-01   2.5789736e-01  -3.3442746e-01
  -2.6392850e-02  -4.3299062e-03  -2.8783094e-02   8.1229857e-04  -4.8993514e-04  -1.7876015e-04   6.0644458e-01   6.6632342e-02  -3.6405967e-01
  -2.6008057e-02  -4.2638013e-03  -4.3905776e-02   7.6241920e-04  -4.3375851e-04   1.6911538e-04   4.2973770e-01   2.9520995e-01  -3.1014085e-01
  -3.3679306e-02  -3.2820292e-02  -1.9075568e-02   5.1794561e-04  -8.1442635e-04  -1.6365077e-04   4.2495149e-01   2.0547148e-01  -3.6292756e-01
  -9.0842717e-03   1.5053168e-02   4.5244480e-02  -1.8066872e-04  -4.6476995e-04   2.8159709e-04   4.0313448e-01   2.9059139e-01  -3.3583667e-01
  -1.0607745e-02   3.2356942e-02   4.9698305e-02   1.0493029e-04  -6.9206758e-04   2.0050226e-04   4.2660810e-01   1.6006204e-01  -3.8478003e-01
  -1.4265411e-02   2.3627839e-02   8.9808470e-02  -1.3437829e-04  -4.9857855e-04  -2.4469072e-05   6.7680952e-01  -1.4347031e-01  -4.5368634e-01
  -1.7977228e-02   5.2833969e-02   4.8836802e-02   4.0662104e-04  -4.0133095e-04   1.0496365e-04   4.1254632e-01   1.2723245e-01  -3.9670780e-01
  -1.0276837e-02  -1.1999528e-02  -2.4785010e-02   1.0178808e-05  -2.8903415e-04   1.3670039e-04   4.2024827e-01   1.3917498e-01  -3.9300767e-01
  -1.5542198e-02   3.3865988e-02   1.0604002e-02   1.7562528e-04  -7.3750620e-04   1.7946064e-04   3.7907852e-01   1.8320439e-01  -3.8886353e-01
  -4.4071832e-02   2.3347407e-02  -1.5776518e-03   4.1586584e-04  -6.7954234e-04  -5.6874943e-04   4.2223723e-01   2.3411052e-01  -3.3074340e-01
  -2.0444804e-02  -8.4278106e-03  -3.3523356e-02  -4.8552484e-04  -9.4453552e-04  -1.4228434e-04   4.2060503e-01   2.1658735e-01  -3.4256724e-01
  -2.9687733e-02   7.3303556e-03   2.1556668e-02  -4.8006178e-04  -1.1194194e-03  -9.2916141e-05   4.1509812e-01   1.8952940e-01  -3.5158174e-01
  -2.1085397e-02   3.6749637e-02   2.5129651e-02  -7.8281805e-05  -8.6000739e-04   1.9873937e-04   3.9790115e-01   2.3120181e-01  -3.5708802e-01
  -1.5523798e-02  -2.1672946e-02   4.0808321e-02   1.1558067e-04  -1.1129465e-03   1.6478039e-04   4.0067164e-01   2.6336887e-01  -3.3291629e-01
  -3.9040066e-02  -9.9038443e-02  -4.6303310e-02  -1.1166250e-04  -8.6066229e-04  -6.3765635e-04   4.1844184e-01   1.9690047e-01  -3.4100906e-01
  -4.5679399e-02   2.6573686e-02   2.3616075e-02   6.7529404e-04  -4.0584064e-04  -6.9484677e-05   4.0860847e-01   2.9968831e-01  -3.3578268e-01
  -1.6934210e-02  -7.6606075e-02  -4.5810555e-02  -2.7804554e-04  -4.4603612e-04  -3.7860930e-04   4.1426511e-01   2.3741608e-01  -3.3563108e-01
  -4.1747043e-02   4.1840597e-02   3.1519858e-02   4.2399095e-04  -9.0219203e-04   7.6184191e-05   4.1549328e-01   3.5334953e-01  -3.2758936e-01
  -5.8424219e-02   1.0225551e-01   1.1110282e-01   1.1453155e-03  -8.9578246e-04  -4.6604372e-04   5.8152035e-01   1.4746965e-01  -3.3524897e-01
  -4.0735408e-02   7.9629395e-02   7.2045415e-02   7.5731704e-04  -7.6196833e-04  -2.8165271e-04   4.0017655e-01   3.9642965e-01  -2.7721641e-01
  -3.7653953e-02  -4.4422033e-02  -1.7499375e-02   3.8958322e-04  -5.6678479e-04  -4.6371782e-04   4.1777860e-01   2.6178245e-01  -2.6702913e-01
  -2.3762249e-02   3.7313056e-02   2.1809803e-02  -1.2684272e-04  -5.4340993e-04   1.4790852e-04   4.1613015e-01   2.9914780e-01  -3.2005014e-01
  -3.3469638e-02   1.5043857e-02   6.0169916e-02  -7.1733011e-04  -7.2988726e-04  -7.9115323e-06   4.1583415e-01   2.2437013e-01  -3.2648624e-01
  -2.5383826e-02   5.5213051e-02   5.0413346e-02   4.1207034e-04  -4.4663470e-04   2.8026461e-04   4.0464072e-01   2.4347489e-01  -3.5658407e-01
  -2.5486092e-02  -1.9925224e-02   2.9368973e-02  -4.1316373e-04  -8.6781590e-04  -2.4785503e-05   3.8639749e-01   2.7237247e-01  -3.5128162e-01
  -3.5157383e-02   5.7301095e-02   5.6489517e-02   1.8313663e-04  -1.0149628e-03   1.3317994e-04   4.1208108e-01   2.3406692e-01  -3.7070225e-01
  -3.6219062e-02   1.5323188e-02   6.9684527e-02  -4.1470324e-04  -9.4393875e-04   7.6871880e-05   4.0982762e-01   2.7790818e-01  -3.6423455e-01
  -2.1714523e-02   1.9732451e-02   3.1768574e-02   1.6241236e-04  -4.6342037e-04   1.3848445e-04   3.8974050e-01   2.4997839e-01  -3.3024103e-01
  -2.9587895e-02   4.3233717e-02   7.7836675e-02   1.3428365e-04  -1.0602231e-03   1.7857352e-04   4.0870690e-01   2.7223140e-01  -3.4856972e-01
  -2.2031378e-02   2.3287308e-02   5.4579964e-02   2.5577109e-04  -6.1053045e-04   2.5038954e-04   4.0666288e-01   2.4565378e-01  -3.6972711e-01
  -1.4925778e-02   3.1276506e-03   6.0908401e-02  -4.0999787e-05  -7.4686700e-04   1.9396030e-04   4.0811145e-01   2.9365566e-01  -3.0765527e-01
  -1.7999448e-02   6.3499326e-03   9.8332954e-02  -4.4579950e-04  -7.0725711e-04   5.8095039e-06   4.0461779e-01   3.5992811e-01  -3.1321812e-01
  -1.5879458e-02  -3.6947236e-02  -4.1596112e-02   1.9166931e-04  -4.8356038e-04   1.1815918e-04   5.9995812e-01   8.1307438e-03  -3.7442871e-01
  -3.0548357e-02   4.6453427e-02   6.1752833e-03   4.8046266e-04  -4.7739432e-04   2.6464867e-04   4.1056285e-01   2.5533077e-01  -3.1683569e-01
  -3.2650342e-02  -2.4085672e-02  -3.3001508e-02   5.0728501e-04  -6.1531777e-04  -5.9092307e-05   4.1517608e-01   3.0482507e-01  -2.7614024e-01
  -3.7728272e-02  -1.1451479e-01  -1.1594249e-01  -6.0040864e-04  -7.6610503e-04  -6.5675629e-04   4.0952143e-01   3.3384484e-01  -2.7428352e-01
  -1.9389849e-02   2.1846447e-03   3.1645530e-02  -6.0085971e-04  -5.4714946e-04  -1.7560592e-05   3.9090124e-01   3.6223168e-01  -2.6668858e-01
  -4.3721485e-02   6.9458173e-02   7.4508351e-02   5.2122382e-04  -4.8789521e-04  -2.1096849e-04   4.1166146e-01   4.0226127e-01  -2.9379661e-01
  -2.4163281e-02   2.4410769e-02   1.3364709e-01  -2.4043025e-04  -6.2149086e-04   4.0749321e-05   3.9392521e-01   2.3997973e-01  -3.0010979e-01
  -1.5426887e-02  -2.8268281e-02   4.2565265e-02  -4.8865776e-04  -5.4673224e-04  -1.8288117e-04   3.9951370e-01   2.6689500e-01  -3.2117360e-01
  -1.9795502e-02   1.3043093e-02   1.0130506e-01  -1.3571917e-04  -7.5647185e-04   1.9987964e-04   4.0847352e-01   3.2720399e-01  -3.3866322e-01
  -1.2175765e-02   1.4238104e-02   1.0858351e-01  -2.3530323e-04  -6.4899746e-04   2.7390015e-04   4.1525923e-01   3.0013291e-01  -4.1038136e-01
  -1.9663220e-02   2.3755882e-02   9.2037715e-02  -4.9545115e-04  -5.6737955e-04   1.7960524e-04   4.1976194e-01   2.9194393e-01  -3.4954906e-01
  -2.2087211e-02   1.5962787e-02   4.7792251e-02  -1.9326494e-04  -5.3056816e-04  -5.8198420e-05   4.0786295e-01   3.1123941e-01  -3.7380083e-01
  -3.3050784e-02  -1.3497474e-02   2.2541230e-03  -4.4918283e-04  -3.5140400e-04  -2.6478492e-04   5.7812658e-01   2.4654281e-01  -4.0037779e-01
  -2.7896201e-02  -3.7539494e-02  -3.4499833e-03  -4.8402251e-04  -1.6177552e-04  -2.2617218e-04   4.5316957e-01   3.6359161e-01  -3.1301488e-01
  -3.6886015e-02  -4.3275027e-02  -3.9043664e-02   6.7016356e-04  -3.5786610e-04   1.1075389e-05   4.5862056e-01   4.4071748e-01  -3.1701760e-01
  -4.5176709e-02  -8.5585376e-02  -3.5286262e-02  -4.6569103e-04  -7.6798564e-04  -5.4591698e-04   4.4781529e-01   3.2074480e-01  -3.4663435e-01
  -3.2019652e-02   3.9976293e-02   9.2646568e-03   1.5521488e-04  -6.0504046e-04   1.6607441e-04   3.8882361e-01   3.2274055e-01  -3.0111305e-01
  -1.7701356e-02  -9.7466295e-03  -1.0144190e-02   1.4953074e-04  -6.4239024e-04  -1.6803741e-05   6.6398604e-01   1.8722114e-02  -3.7747473e-01
  -1.5023816e-02  -5.6707308e-02  -9.9936822e-03  -6.8228987e-04  -5.4796921e-04  -2.1629520e-04   4.2236402e-01   2.4345675e-01  -3.2320694e-01
  -1.2876642e-02   2.1992780e-02   3.2638671e-02  -2.9940077e-04  -3.0117843e-04   2.9702164e-04   3.9384258e-01   3.3046222e-01  -3.4211279e-01
  -3.4682302e-02   4.5048434e-02   7.9086594e-02  -4.0044136e-05  -8.0901829e-04   1.5919309e-04   4.2967927e-01   3.5343235e-01  -3.4338260e-01
  -2.9180462e-02  -3.2248917e-02   1.1374087e-06   1.3281088e-04  -5.2612370e-04  -1.4393033e-04   4.0314481e-01   2.7190578e-01  -3.1817312e-01
  -1.4251858e-02   2.5731995e-02   5.2258227e-02  -4.6172962e-04  -2.8100260e-04   1.5421462e-04   3.6794074e-01   2.2851873e-01  -3.2478347e-01
  -1.7669439e-02   2.9247882e-02   4.9610975e-02  -3.9402443e-04  -9.1690657e-04   3.2905352e-04   6.1617068e-01   5.9256407e-02  -3.9927457e-01
  -3.5666624e-02   3.5388994e-02   6.9151867e-02   2.0414625e-04  -6.5770297e-04   2.5851217e-04   3.9225550e-01   2.2628914e-01  -3.3830487e-01
  -9.5366617e-03   1.1552008e-02   9.2550039e-02  -9.9753342e-04  -6.8424457e-04   1.5400799e-04   4.1530849e-01   2.5568084e-01  -3.3187947e-01
  -1.5305370e-02   1.1999569e-02   3.5551530e-02  -1.3625508e-04  -5.3579276e-04   2.9001095e-04   3.9935572e-01   3.1434125e-01  -3.0285267e-01
  -1.8979101e-02   7.9903728e-06   6.9193973e-02  -7.6698782e-04  -8.4952374e-04  -1.8126023e-07   4.3130099e-01   3.2303180e-01  -3.1985012e-01
  -2.5272678e-02  -1.0745248e-01  -1.0826367e-01  -2.1811799e-04  -7.8521382e-05  -6.7643330e-04   4.3491932e-01   2.4799970e-01  -3.3890796e-01
  -3.0396185e-02   3.0367190e-02  -4.6559789e-03  -4.0754518e-05  -4.1194056e-04   1.8748227e-04   4.2036876e-01   2.9621656e-01  -4.0862823e-01
  -3.4642397e-02   9.4299543e-04   3.5073649e-02   3.6614212e-04  -6.8448872e-04   1.5611231e-04   4.3016316e-01   3.5512911e-01  -3.2096555e-01
  -4.1216175e-02   5.3093222e-02   9.9211594e-02   2.0976938e-04  -6.9146528e-04   1.6071910e-04   3.9513290e-01   3.9021852e-01  -3.0271747e-01
  -2.5717691e-02   9.6683389e-03   8.6642424e-02  -7.0035015e-04  -4.9984333e-04   2.0530608e-05   4.1825890e-01   2.9559882e-01  -2.9395738e-01
  -1.7048568e-02  -2.5338685e-03   4.0432994e-02  -7.0351664e-04  -2.4413977e-04   7.9790826e-05   3.9940530e-01   3.0743699e-01  -3.0784066e-01
  -3.5961890e-02   4.2052205e-02   5.8651139e-02  -4.3618013e-05  -3.9625843e-04   2.1556398e-04   5.7724612e-01   1.0049205e-01  -3.7152526e-01
  -4.2136529e-02   1.8513936e-02   7.5677212e-02  -2.4085125e-04  -8.3986682e-04   3.5712961e-05   4.0642386e-01   3.3083474e-01  -3.0426137e-01
  -3.0213529e-02   1.3395045e-03   4.9048506e-02   2.6669124e-04  -3.1157826e-04  -7.9042942e-05   4.1089539e-01   3.4117459e-01  -3.4607715e-01
  -3.9472409e-02  -2.5071850e-02   2.5053268e-02  -3.7128530e-04  -6.1567260e-04  -1.0873559e-04   4.1595163e-01   4.0275540e-01  -3.5245507e-01
  -2.3645478e-02   6.4333852e-03   6.8191651e-02  -6.9492279e-04  -3.6402248e-04   2.1639921e-04   4.0827889e-01   3.5029976e-01  -3.1635154e-01
  -3.5277629e-02   2.6574707e-02   3.9459776e-02   5.1229759e-04  -5.2663309e-04  -1.0681538e-04   4.0810079e-01   3.1638491e-01  -3.1660852e-01
  -2.0284739e-02  -6.9967236e-03   1.3924851e-03  -3.3202705e-04  -5.2762662e-04   1.2870064e-04   5.7725514e-01   1.2016657e-01  -3.7236071e-01
  -3.0961636e-02   1.8085075e-03   4.8637408e-02  -5.3223587e-04  -8.6539223e-04   4.5059179e-05   4.3184197e-01   2.7347392e-01  -3.4617393e-01
  -2.5557192e-02   1.9134715e-03   4.0178234e-02  -7.3957798e-04  -4.7057955e-04   8.7097259e-05   4.1012152e-01   3.0616202e-01  -3.1647201e-01
  -2.4025602e-02  -2.8921942e-02  -8.6629575e-03  -2.7387046e-04  -4.4231219e-04  -7.0872061e-05   4.1127400e-01   2.6808904e-01  -3.2165160e-01
  -1.6261597e-02   3.3714216e-02   6.3741939e-02  -2.0061451e-04  -4.6474343e-04   4.2880947e-04   4.0361284e-01   2.6612386e-01  -3.2565568e-01
  -1.7029673e-02   2.7630108e-04   5.4829664e-02  -6.8298490e-04  -7.1786208e-04   3.2602746e-04   3.9187179e-01   3.5118678e-01  -3.0366042e-01
  -1.2840890e-02  -1.9734967e-02   1.9361333e-02  -9.5690108e-05   1.0408383e-05   1.1219784e-04   3.8242380e-01   4.3482390e-01  -2.7395724e-01
  -1.9466908e-02  -2.7762500e-02   1.4725294e-03  -5.8724019e-04  -6.6927144e-04  -3.2033961e-05   5.7311684e-01   8.5852611e-02  -3.2580919e-01
  -2.7974121e-02  -7.3669435e-02  -2.4048490e-02  -3.3975980e-05  -7.3626081e-04  -5.8995789e-04   6.9324981e-01  -3.5489062e-02  -3.1154151e-01
  -2.1535379e-02   1.2951900e-02  -1.6099494e-02   1.0179415e-04  -1.8219800e-04   1.9730194e-04   3.6561745e-01   3.3007616e-01  -2.4705859e-01
  -1.6492154e-02   1.1708120e-03   8.8678230e-03  -6.3404666e-05  -4.2195556e-04   4.3691744e-04   3.8155094e-01   2.7964515e-01  -2.6732125e-01
  -1.3616254e-02   1.2486478e-02   4.4147917e-02  -4.2850569e-04  -1.3244946e-04   3.6756623e-04   4.0133397e-01   2.7835549e-01  -2.8975395e-01
  -3.4473659e-02  -1.8600623e-02   6.6965778e-03   6.3998126e-04  -4.3252658e-04  -1.0134932e-04   6.5677361e-01   3.6883987e-01  -3.1063381e-01
  -3.0204270e-02  -4.8969437e-02  -2.3025961e-02  -5.0593733e-04  -2.9391602e-04  -1.2713971e-04   1.7181779e+00   1.9308719e+00  -2.3421553e-01
   1.5150577e-02  -2.8003869e-01   1.4766318e-01  -5.3445719e-03  -2.5883904e-04  -5.6352682e-04   2.3705417e+00   3.6123790e+00   1.1217832e-01
  -9.9159522e-04  -2.5544595e-01   2.8064678e-01  -4.8380168e-03  -8.0757403e-04  -1.5659274e-03   4.4259757e+00   4.3495298e+00   4.4834080e-01
   3.8261314e-02  -2.2875456e-01   2.8308044e-01  -3.3471865e-03   3.1974720e-04  -1.2752368e-03   3.5542478e+00   4.3392098e+00   2.7033143e-01
   6.0936951e-02  -2.8061232e-01   3.6393999e-01  -5.2442524e-03   1.5093284e-03  -1.9446960e-03   1.5043656e+00   3.5209876e+00   2.4491283e-01
  -4.6952159e-03  -4.8611536e-01   6.7500813e-01  -8.0218262e-03   7.8460287e-05  -2.6603128e-03   4.2716409e+00   3.9648863e+00   3.9718044e-02
   2.1021293e-02  -2.3246547e-01   3.7119120e-01  -5.7565774e-03  -4.6427483e-04  -1.1586841e-03   1.9483883e+00   4.3226025e+00   3.9743630e-01
   3.0511200e-02  -5.0742094e-02   1.3611137e-01  -2.2343838e-03   1.4304077e-03  -9.4810215e-04   2.1520392e+00   4.3278635e+00   1.9418264e-01
   1.7194780e-02  -6.5828564e-02   2.3908455e-01  -1.5411582e-03   5.3869492e-04  -8.5939470e-04   2.4659345e+00   3.8452608e+00   1.5277648e-01
   1.5929708e-02  -1.6470107e-01   2.2292161e-01  -2.7805836e-03   2.5625392e-04  -1.0688425e-03   1.9002051e+00   2.9718527e+00  -1.6296372e-01
  -7.9632360e-03  -1.7044921e-01   3.0320492e-01  -3.6746518e-03   3.7142837e-04  -1.5269788e-03   3.6642332e-01   1.2289499e+00  -3.4644906e-01
  -5.6099795e-05  -3.0925960e-01   2.9198047e-01  -3.9773166e-03  -3.5536727e-04  -1.7545805e-03   3.3031012e-01   1.6669256e+00  -2.9473406e-01
   5.2361446e-02  -5.3816114e-01   6.5034865e-01  -9.9225946e-03  -9.6074373e-05  -1.8020731e-03   4.2809264e-01   2.1751823e+00  -3.2954464e-01
  -2.1165820e-03  -1.2614244e-01   3.0567636e-01  -3.1500311e-03   1.8481137e-03  -5.5706613e-04   3.7301408e-01   1.1031579e+00  -2.3544029e-01
  -2.8841310e-02  -1.3622332e-01   3.1535803e-01  -2.4192483e-03   1.5535737e-03  -1.0014875e-03   5.4629103e-01   8.0491818e-01  -2.8562966e-01
  -2.4013751e-02  -1.2469959e-01   1.7237310e-01  -1.0353736e-03   5.2419954e-04  -5.9955641e-04   3.7634196e-01   6.2791100e-01  -2.3646657e-01
  -3.1630869e-02  -1.1359437e-01   1.1654126e-01  -8.5512878e-04   3.9984261e-04  -5.6042113e-04   3.7547402e-01   6.9830999e-01  -2.5841516e-01
  -2.8732039e-02  -8.5380101e-02   1.5761020e-01  -1.0776706e-03   6.4339533e-04  -2.1976413e-04   4.0528890e-01   8.1570251e-01  -2.6154384e-01
  -2.0970999e-02  -4.5111356e-02   1.9064910e-01  -8.9064450e-04   5.1935770e-04  -2.6044688e-04   3.8289916e-01   6.7822842e-01  -2.7028635e-01
  -3.5231063e-02  -5.8340570e-02   1.6575899e-01  -9.7552682e-04   4.0266747e-06  -3.6982527e-04   3.9321627e-01   7.2068221e-01  -2.6871300e-01
  -3.9402190e-02  -7.4619040e-02   1.5763685e-01  -8.0005748e-04  -2.9911888e-04  -4.3877527e-04   3.5935763e-01   6.1101781e-01  -2.5377046e-01
  -4.0970642e-02  -7.9724729e-02   1.4614147e-01  -8.1356333e-04  -5.2807130e-04  -4.8165233e-04   3.8490369e-01   5.9106118e-01  -2.6887009e-01
  -4.0025615e-02  -8.0487249e-02   3.9357182e-02  -8.1040304e-04   1.7340182e-04  -2.0993404e-04   4.0101829e-01   6.6950523e-01  -2.8801463e-01
  -4.6813284e-02  -5.1908393e-02   1.4630380e-01  -1.0945536e-03   6.7676899e-05  -7.1958124e-04   3.8461759e-01   6.7253755e-01  -3.0984840e-01
  -4.8014313e-02  -8.4169979e-02   9.7016163e-02  -1.2386772e-04  -9.3489238e-05  -3.5209103e-04   3.6565012e-01   7.0495165e-01  -2.7408332e-01
  -4.7267820e-02  -1.0528034e-01   1.3532192e-01  -1.3250946e-03   3.1317661e-04  -6.4299163e-04   4.0149244e-01   6.9422189e-01  -2.6046340e-01
  -1.8707424e-02  -5.9684753e-02   2.2072228e-01  -1.1984243e-03   3.7210410e-04  -5.6087093e-04   3.9621825e-01   6.8832254e-01  -3.0096199e-01
  -3.9586551e-02  -1.3769438e-01   9.9051177e-02  -1.5924170e-03   5.1526239e-05  -1.0133340e-03   5.9573959e-01   4.5401611e-01  -3.4391844e-01
  -5.5400583e-02  -1.1972674e-01   8.2615321e-02  -5.4048121e-04   4.9614807e-04  -1.0130494e-03   4.1170859e-01   6.2194719e-01  -3.1915808e-01
  -1.6490767e-02  -7.4500202e-02   9.9296798e-02  -1.8469813e-03   5.9421662e-04  -3.9695969e-04   3.8296482e-01   5.4665382e-01  -3.1110691e-01
  -4.8659884e-02   4.8215562e-02   1.0057178e-01   1.8423407e-05  -2.1990974e-04  -2.0970282e-05   3.8256997e-01   3.3934494e-01  -3.0515052e-01
  -2.3416985e-02   3.2851256e-02   1.3329605e-01  -1.9655615e-04  -3.4120244e-04   2.5797525e-04   3.6009258e-01   3.0490383e-01  -3.0723980e-01
  -4.8217502e-02   6.8490009e-02   1.3849940e-01   2.4479924e-04  -8.8434713e-04  -1.3541411e-04   3.7254657e-01   4.1075460e-01  -3.1854117e-01
  -4.2555342e-02  -2.5799253e-02   7.6296702e-02  -8.9581765e-04  -1.0166341e-03  -5.0794527e-04   3.7357259e-01   4.4471877e-01  -3.3097754e-01
  -3.8964990e-02  -1.0005172e-01  -4.9950820e-02  -4.9275532e-04  -5.4616234e-04  -9.2474069e-04   3.9297539e-01   3.2182897e-01  -3.0559398e-01
  -3.3381707e-02   1.8188309e-02   2.1230580e-02  -6.0170146e-04  -5.1918031e-04   3.6298807e-05   3.7032664e-01   3.6499341e-01  -3.1897318e-01
  -2.6954832e-02   3.0328592e-02   9.8983823e-02  -6.7579077e-04  -6.5379332e-04  -3.2181896e-06   3.5647985e-01   3.1910826e-01  -3.2619704e-01
  -4.8950134e-02  -4.7504232e-02   7.0345720e-03  -8.7049726e-05  -7.2069432e-04  -3.5602135e-04   5.7920651e-01   5.5842541e-01  -2.9790891e-01
