   0.0000000e+00   0.0000000e+00   0.0000000e+00   0.0000000e+00   0.0000000e+00  -0.0000000e+00  -7.5175575e-02   4.9151479e-01  -1.9571458e-01
  -1.7695832e-02   9.5636003e-03   7.7419118e-02   2.4538454e-04  -5.4163260e-05  -2.0031944e-04  -6.0626177e-02   5.3538995e-01  -2.1075593e-01
   1.4562857e-02  -1.2142993e-02   7.9092889e-02  -2.4773695e-04   1.1024155e-04   1.9715963e-04   1.2097561e-01   2.3226681e-01  -2.5712411e-01
  -8.8032034e-03   2.4951001e-02   4.5583909e-02   4.4029172e-04  -6.1474682e-05   1.1783129e-04  -7.4274809e-02   4.8839103e-01  -2.1349790e-01
   1.1099472e-02  -2.5087732e-02   4.5236143e-02  -5.0608652e-04   1.6173548e-04   3.2989027e-04   6.7396823e-01   7.8152537e-01  -3.8116214e-01
   1.6682185e-02  -2.1525346e-02   7.5354197e-02  -6.8073917e-04   2.1388462e-04   3.5709255e-04   1.7463797e-01   5.4245915e-01  -3.9225030e-01
  -9.3082248e-03   2.4532176e-02   7.3435250e-02   9.3818751e-05   9.6350894e-05   7.9059220e-06  -3.8897465e-02   4.6860186e-01  -3.8933709e-01
  -7.4092329e-03   1.7375453e-02   5.0946780e-02   1.1308480e-04   2.7109654e-04  -1.9708988e-04  -3.2244826e-02   4.5495570e-01  -3.5180945e-01
  -4.8357122e-03   1.0639229e-02   6.3404231e-02  -5.2596216e-04   7.4683451e-05   1.2016979e-04  -3.5468243e-02   4.3332484e-01  -3.9134203e-01
  -2.2199645e-02   4.0018404e-02   8.5094798e-02   4.3679419e-04  -4.1946935e-05  -3.7346851e-04  -3.0813473e-02   4.6983871e-01  -3.6946696e-01
  -7.8641314e-03   1.0951135e-02   5.4882314e-02  -1.1008546e-04   5.0361463e-05  -2.3559634e-05  -2.9839422e-02   4.5910855e-01  -3.7059892e-01
  -1.6657074e-02   1.8769196e-02   1.0395636e-01   4.8473030e-05  -1.9507607e-05  -1.7145378e-04  -3.7512279e-02   5.1759191e-01  -3.2519720e-01
   7.6115172e-03  -3.9219049e-03   5.5127566e-02   1.1465054e-05   1.7433960e-04   1.2276063e-04   2.8075636e-01   2.4617349e-01  -3.9022665e-01
  -1.8423909e-02   6.4326756e-03   5.6738683e-02  -1.0997971e-04   3.0823690e-05  -3.8664275e-04  -4.0784312e-02   5.2319482e-01  -3.3234831e-01
   8.5177855e-03  -1.1721779e-02   6.7838830e-02  -3.3136359e-04   1.1519966e-05   3.0321379e-04   1.5061516e-01   1.9014455e-01  -3.9455071e-01
   1.5017746e-02  -4.3430803e-02   1.9752073e-03  -2.6234392e-04   5.6267991e-04   2.7634634e-04  -8.4719779e-02   4.2196473e-01  -3.0653228e-01
   1.2772052e-02  -4.7083995e-02   2.6254122e-02  -5.4474476e-04   1.7158124e-04   7.0065930e-04   1.2951847e-01   2.9973044e-01  -3.9024952e-01
   1.2722792e-02  -3.2317958e-02   3.6462816e-02   1.2448876e-04   2.1844401e-04   7.8726997e-04  -6.9158382e-02   4.0155067e-01  -3.5245072e-01
  -1.6017831e-03  -1.7719698e-02   5.6077860e-02  -5.3413706e-05   1.3364563e-04   5.5576666e-04  -7.2200793e-02   4.2747007e-01  -3.7149732e-01
   1.5545050e-02  -9.6423983e-03   3.0243922e-02  -2.7421821e-04   1.4627807e-04   4.7883253e-04  -7.5979287e-02   3.5660620e-01  -3.2972185e-01
   2.5921572e-03   1.6008572e-02   6.7948308e-02  -7.5356465e-05   9.0543928e-07   3.1404501e-04  -2.6696523e-02   3.8519770e-01  -3.6796412e-01
  -1.3100243e-02   3.0056260e-02   7.8012819e-02   3.0702983e-04  -3.3988815e-04   6.2343282e-05  -4.2021332e-02   4.1966323e-01  -3.3088013e-01
   1.4249469e-02  -2.3360409e-02   3.9712225e-02  -8.2630583e-04   1.3215230e-04   3.4803150e-04  -7.0822857e-02   4.3505572e-01  -3.1606373e-01
   3.2056745e-04  -3.3299484e-03   7.7925731e-02  -2.9507284e-04   4.8793710e-05   2.1489772e-04  -6.0021515e-02   4.6454724e-01  -3.6999868e-01
   6.4561149e-03  -7.4467796e-03   5.2690153e-02  -2.8970533e-04   2.2504493e-04   2.8936020e-04  -2.1363476e-02   4.5527767e-01  -3.4969241e-01
   2.6392737e-02  -5.6358600e-02   5.7047033e-02  -1.2264556e-03   2.6614021e-04   4.9875611e-04  -8.9138141e-02   4.8964900e-01  -2.9883267e-01
   2.9363159e-03  -9.7567977e-02   7.0507595e-02  -2.5765277e-03  -3.3088057e-04   2.4117117e-04   1.2198688e+00   1.4306627e+00  -2.9391759e-01
   2.2605445e-02  -1.3853745e-01  -6.6936669e-02  -7.0082313e-04   1.8724335e-04   8.8635272e-04  -3.7493510e-02   4.5905909e-01  -3.6187947e-01
  -2.5155932e-03  -7.6964480e-03   9.0023973e-03   5.1385759e-05  -5.5346800e-05   1.7291923e-04  -3.7219169e-02   5.0877789e-01  -3.3949121e-01
  -2.3381627e-02  -6.3451099e-04   7.0364963e-02   3.8053791e-04  -2.5569691e-04  -2.5003482e-04   4.9898564e-02   9.8056449e-01  -3.0716967e-01
  -2.9756815e-02   1.2740799e-02   7.9028406e-04   8.9428479e-04  -4.2325329e-04  -2.1601167e-04  -3.5650086e-02   4.8073377e-01  -2.7668810e-01
  -2.5818019e-02   2.2002351e-02   5.3037624e-02   5.5552924e-04  -2.9389956e-04  -3.0497249e-04  -4.2527060e-02   5.1210928e-01  -2.5988893e-01
  -1.6859918e-02   1.2044952e-02   7.8185365e-02   2.7872324e-04  -4.3785166e-04   2.5714236e-04  -5.0989144e-02   4.3108273e-01  -3.0103575e-01
  -1.9837008e-02   1.7781520e-02   9.8453573e-02   3.3120235e-05  -3.9171443e-04  -1.5386975e-04  -4.9528600e-02   4.6380899e-01  -3.1653803e-01
  -2.0896553e-02   1.7216053e-02   3.8156831e-02   2.8163153e-04  -1.6974000e-04  -1.2303329e-04   1.8893111e-01   1.6851452e-01  -3.9528759e-01
  -1.3574803e-02   1.2727122e-03   6.5542690e-02   6.6514780e-05  -8.4895336e-05   2.9273699e-04  -1.9966966e-02   4.2304689e-01  -3.2880320e-01
  -1.4588101e-02   5.1768268e-03   7.2492059e-02  -1.0569305e-04  -3.1926073e-04   5.2587457e-05  -2.0789745e-02   4.1658504e-01  -3.8430298e-01
  -2.4970232e-02   8.5816888e-03   4.4252093e-02   8.9236728e-05  -3.2651406e-04  -2.0114193e-04  -1.6923979e-02   4.6481983e-01  -3.3543397e-01
  -1.2104810e-02   8.2699562e-03   7.5457193e-02   8.7913123e-05  -3.5102589e-04   8.6295114e-05  -3.4243616e-02   4.8303208e-01  -3.2785106e-01
  -8.7489667e-03   1.5916922e-02   1.3899705e-02   4.3656559e-04  -2.0002896e-05   4.4112376e-05   7.5176100e-01   7.6042162e-01  -3.3217016e-01
  -5.4476138e-03   1.3854180e-02   1.0752881e-02   6.1426271e-04   2.9204978e-06  -1.2740975e-04   2.4558555e-01   3.1868996e-01  -3.4732677e-01
   4.8491914e-03  -2.7656556e-02   7.4418732e-02  -3.7726457e-04   1.5483753e-04   2.1239043e-04  -5.7521031e-02   4.4175272e-01  -3.3039366e-01
  -1.1675776e-02  -1.5160111e-03   6.1650119e-02   2.2994254e-04  -5.7364463e-05   3.7129424e-05   5.4206042e-03   5.1946474e-01  -3.0169733e-01
  -1.3975428e-02   2.2232349e-03   8.4055449e-02   3.6943614e-04  -1.1604420e-05  -2.4808240e-04  -4.4742742e-02   5.2902098e-01  -2.8792208e-01
  -2.4853638e-02   1.0191738e-02   6.4055442e-02   3.6479472e-04  -2.7400951e-04  -1.8551805e-04  -5.4948346e-02   5.1827835e-01  -2.7659809e-01
   4.9690243e-03  -1.5372914e-02   9.5144648e-02  -3.3859528e-04  -1.6018889e-04   2.9212034e-04  -7.1224196e-02   5.0681863e-01  -2.9193164e-01
   1.8385669e-02  -4.2979669e-02   5.9501075e-02  -6.7384426e-04   9.2028259e-05   4.5042249e-04  -8.4057410e-02   4.2167661e-01  -2.7228687e-01
   7.3482823e-04  -2.8236740e-02   2.2058895e-02  -7.2248738e-05  -1.8186274e-04   5.6170380e-04  -7.6297052e-02   5.2453720e-01  -2.8168506e-01
  -2.5936635e-02  -9.8882515e-03   5.8394959e-02   2.2940846e-04  -5.2765883e-04  -4.3662491e-05  -6.9538207e-02   5.6272285e-01  -2.8149428e-01
  -1.6483430e-03  -1.0170132e-02   7.5288358e-02  -1.1523026e-04  -3.6381780e-04   3.4925899e-04  -6.9956508e-02   5.6088862e-01  -2.6401574e-01
  -7.4482253e-03  -1.3906363e-02   4.5918638e-02   2.7492533e-04  -3.1726520e-04   2.7559246e-04  -7.4404157e-02   5.2572580e-01  -2.8105305e-01
  -9.5890342e-04  -1.7431220e-02   5.0321017e-03  -3.2433843e-04  -4.4188630e-04   6.0870969e-05   4.0870167e-01   6.1911742e-01  -3.3353686e-01
  -1.4209087e-02   1.4057019e-02  -4.1952302e-02   1.3872082e-03  -1.4729724e-04   6.5621180e-05  -3.5738788e-02   5.0248177e-01  -3.1802749e-01
  -9.6921126e-03   1.5495978e-02   7.4648776e-02   5.9936239e-04  -1.0141259e-04  -5.6090533e-05   1.7686459e-01   1.9687823e-01  -3.5750657e-01
  -8.3138781e-03  -4.4152118e-03   5.7907517e-02   4.0652740e-04   3.6213106e-05   4.5556375e-05   2.2362544e-01   1.6226843e-01  -3.5584384e-01
  -1.3661239e-02  -5.1440352e-03   6.4327993e-02  -6.3881355e-05  -1.1048445e-04  -1.1760485e-04  -4.2148855e-02   4.9435273e-01  -3.1261507e-01
  -1.7968347e-02   3.0866384e-03   9.4784452e-02   1.8580225e-04  -2.4483305e-04  -4.1775052e-05  -4.8646852e-02   4.5789454e-01  -3.0116316e-01
  -2.7389874e-02  -9.0417540e-02   7.5671025e-02  -2.5905033e-03  -8.2403892e-04  -7.3977119e-04   4.0701152e+00   3.5732662e+00  -5.7282943e-05
   1.9119478e-02  -7.5306279e-02  -1.8794709e-02  -1.0162039e-03  -5.7599034e-05  -2.1587520e-05   9.2161833e-01   4.2806401e+00   3.9812037e-01
   1.4901530e-02  -6.2943581e-02  -4.8121157e-02  -1.0740439e-03   3.3880939e-04   3.5494848e-04  -2.2307676e-01   9.5687308e-01  -2.1387854e-01
  -1.8858726e-02   5.0525127e-03   6.5569578e-03   1.4044398e-04   5.6039516e-05   5.7680198e-05  -2.6528897e-02   4.8744640e-01  -3.5665094e-01
  -2.6365833e-02   5.8848270e-03   6.7988046e-02   1.2118050e-04  -2.7168712e-04  -9.1125328e-05   4.5579875e-03   5.5994439e-01  -3.1165451e-01
  -1.0390798e-02  -2.8544701e-03   7.6657829e-02  -2.7270053e-04  -1.2303045e-04  -5.4733490e-05  -1.2248993e-02   5.2979162e-01  -2.9351849e-01
  -2.1401159e-02   1.5652089e-02   4.1673527e-02   1.4658607e-04  -4.5640729e-04  -4.0471596e-04  -7.4772279e-02   5.1947974e-01  -2.1747791e-01
  -4.0352765e-03  -1.0516413e-02   6.4815204e-02  -8.3637574e-05  -4.1032266e-04   3.3269287e-04  -7.0273778e-02   4.9540480e-01  -2.7444993e-01
  -2.0210941e-02   1.3052495e-02   1.0331284e-01   1.8748740e-04  -6.8687250e-04   4.5744659e-05  -4.6010841e-02   5.4923056e-01  -3.2023210e-01
   5.6006325e-03  -1.5420882e-02   9.8189582e-02  -5.5174857e-04  -5.6766013e-04   4.6083694e-04  -6.0252514e-02   4.2517536e-01  -3.0082421e-01
   1.6810198e-02  -5.0670822e-02   3.2061672e-02  -1.1270313e-03  -1.2272915e-04   6.6713501e-04  -6.7197773e-02   5.4507853e-01  -2.9505048e-01
  -3.8019420e-04  -1.0269433e-02   6.9353685e-02  -4.2865487e-04  -3.8076654e-04   2.9251677e-04  -5.0348586e-02   5.5672544e-01  -2.9397086e-01
  -1.2594071e-02   4.6800796e-03   1.0134988e-01  -4.5215785e-04  -8.0971346e-04   8.9847989e-05  -5.5937008e-02   5.5401747e-01  -2.9774592e-01
  -1.1198885e-02   1.7420436e-03   4.4074491e-02  -1.9387964e-04  -6.5632423e-04   2.3523462e-04  -3.1949595e-02   5.8681157e-01  -3.1264695e-01
  -2.0194978e-02  -9.8564576e-05   5.1314480e-02   4.4367393e-05  -7.6866265e-04   1.1694316e-04   2.0647932e-01   2.5174978e-01  -3.6269413e-01
  -1.8842279e-02  -9.0325563e-03   7.4220551e-02  -2.9072192e-04  -7.9508166e-04   2.1306254e-05   1.2225652e-02   7.0052610e-01  -3.1868558e-01
  -4.4144439e-02   3.3565296e-03   7.8819223e-02   3.9586675e-04  -1.0863685e-03  -7.2868871e-05  -3.7092450e-02   5.4295325e-01  -3.1169456e-01
  -2.0851191e-02  -1.0273974e-02   4.3141470e-02  -2.1256820e-04  -5.7909332e-04  -3.7172880e-05  -4.1006340e-02   5.4716046e-01  -3.3550313e-01
  -2.3197219e-02  -1.5287551e-02   8.6377602e-02  -1.0726946e-04  -7.6668136e-04   1.8491895e-04  -2.2267821e-02   5.1630376e-01  -3.4725773e-01
  -9.4630184e-03  -1.8503200e-02   2.5675765e-02   4.6171648e-07  -4.6579409e-04   2.5163974e-04   2.0739842e-01   2.7718100e-01  -3.9434808e-01
  -2.6832875e-02  -1.0794639e-02   8.8262884e-02  -8.1089940e-05  -8.2300263e-04  -4.2847764e-05   2.0733060e-01   2.5914581e-01  -3.9071365e-01
  -2.3292615e-02   7.6234802e-03   8.6167933e-02   1.4090996e-04  -8.6524187e-04  -2.5210735e-04  -2.6764287e-02   5.1953671e-01  -3.6715463e-01
  -2.8211105e-02  -2.2638156e-03   6.4066752e-02   4.5059170e-05  -9.1765113e-04  -1.1744648e-04  -2.8924555e-02   5.8050105e-01  -3.4142895e-01
  -1.5559144e-02   5.0745754e-03   8.7437716e-02  -1.2483352e-04  -7.8322117e-04  -1.0536713e-04  -3.5257868e-02   5.1205301e-01  -3.4124542e-01
  -2.3602206e-02  -5.4019885e-03   4.5356216e-02   5.5519490e-05  -8.2691980e-04   2.5464631e-05  -3.9055147e-02   5.2778971e-01  -3.2109021e-01
  -2.3433721e-02  -7.2284207e-03   5.0275772e-02   1.4582162e-04  -6.5229428e-04   1.0293766e-04  -1.3201432e-02   5.4353492e-01  -3.1423998e-01
  -2.7418498e-02   5.8716793e-03   1.1012724e-01   3.7639287e-05  -1.1807116e-03   1.6282025e-04  -3.9697415e-02   5.1566060e-01  -3.2593183e-01
  -2.5681842e-02  -1.2152454e-02   7.2227603e-03  -4.5699947e-06  -7.3351292e-04   1.1841665e-04  -3.8624734e-02   5.4515496e-01  -2.9702741e-01
  -2.3409674e-02   2.0238700e-02   8.9685650e-02   8.1016062e-04  -1.1052893e-03   3.1026845e-05   3.9798383e-01   6.8915272e-02  -4.0657765e-01
  -1.8257646e-02  -2.3515838e-03   5.2643467e-02   1.6554811e-04  -6.5508158e-04   2.0621574e-04  -3.7541124e-02   4.6838081e-01  -2.4995806e-01
  -2.6064685e-02   8.2372776e-03   6.4086516e-02   2.9150409e-04  -6.2297968e-04  -2.5294441e-05   1.6456254e-01   3.2317222e-01  -3.1906423e-01
  -2.3704714e-02   1.3611748e-02   7.8308225e-02   1.3631203e-04  -6.4007820e-04  -5.2099555e-04  -3.9656523e-02   5.3533052e-01  -2.5286541e-01
  -2.2062915e-02  -4.4403114e-03   7.1679244e-02   1.8372927e-04  -5.8619574e-04   9.2238474e-05   1.8036628e-01   3.2323258e-01  -2.9381013e-01
  -2.1863916e-02  -4.6139599e-04   8.8749927e-02  -5.5075919e-06  -5.6823286e-04  -3.7108179e-05  -6.4451463e-02   5.4994558e-01  -2.7774992e-01
  -2.6098800e-02  -3.9358101e-03   8.5466896e-02  -7.7691348e-05  -7.1312463e-04  -7.6630707e-05  -3.1151009e-02   5.6913105e-01  -2.9788286e-01
  -2.4390773e-02   3.8180261e-03   8.8069073e-02  -3.2164147e-04  -6.4596816e-04  -3.4045449e-04  -3.4510151e-02   5.5494041e-01  -3.1642717e-01
  -2.8239857e-02   4.9279814e-03   4.5659003e-02   5.7365328e-06  -8.0557631e-04   4.9380680e-05  -2.9797594e-02   4.9580026e-01  -2.8870219e-01
  -1.4879205e-02  -5.6375661e-03   3.7843675e-02  -2.4255465e-04  -8.7808806e-04   2.7959047e-04   4.1091762e-01   1.2053105e+00  -2.6359968e-01
  -2.3728928e-02   1.5667609e-03   5.0514326e-02  -1.2165818e-04  -9.4705674e-04   2.9271809e-04  -1.2618811e-03   5.2091802e-01  -3.0693936e-01
  -2.2182310e-02   4.1070209e-03   9.7454959e-02  -5.0144367e-04  -8.7393216e-04   3.1546339e-05  -9.4293816e-03   4.9232571e-01  -3.0319630e-01
   1.9021593e-03  -4.7537977e-02  -8.8989350e-02  -2.3718314e-04   2.4237986e-05  -2.2298183e-04   2.8629628e+00   9.3289554e-01  -3.6060536e-01
  -6.1110390e-04  -5.1364923e-02   3.0737181e-02  -1.4610070e-03   1.0579949e-04   1.0592467e-04  -1.7112372e-01   3.6921843e+00  -1.0212832e-02
   6.0215595e-03   3.0227130e-03   4.2217495e-02  -4.1624316e-04   1.6966138e-04   5.4339699e-04  -4.6423534e-01   1.9488765e+00  -3.4050733e-02
  -1.7105657e-02   2.0671723e-02   7.4694068e-02  -4.7613034e-05  -7.8873467e-05   2.7680392e-05  -1.9976828e-02   5.8466195e-01  -3.4124272e-01
  -2.2998705e-02  -8.8978491e-03   9.4575473e-02  -5.2261573e-04  -1.6495820e-04   2.5764342e-05  -2.2049462e-02   6.2357511e-01  -2.9126889e-01
   2.0881642e-02  -3.8921433e-02   8.4998696e-02  -1.1287322e-03   1.9557749e-04   5.4484956e-04  -6.1595823e-02   4.8765936e-01  -2.5233725e-01
   3.2261199e-03  -8.9816191e-04   5.3517302e-02  -4.1511159e-04   6.9766778e-05   7.3373203e-04   1.9990073e-01   2.1189982e-01  -3.4495969e-01
  -3.8100278e-03  -1.0530604e-03   6.6929719e-02  -5.7184696e-04  -9.8677614e-05   5.3317730e-04  -6.5735241e-02   4.5881762e-01  -2.9360363e-01
   3.4712317e-04  -7.8987717e-03   5.1485274e-02  -1.0210471e-03   1.2273531e-04   7.2429313e-04  -4.8079202e-02   4.8048327e-01  -2.8986127e-01
  -1.6072094e-02   1.4625859e-02   9.6582407e-02  -3.5769209e-04  -1.6293983e-04   5.0819029e-04  -5.6589367e-02   5.2893817e-01  -2.7789899e-01
  -2.5132268e-03   1.2546444e-02   5.7695696e-02  -5.1742577e-04  -3.1525491e-04   6.0551049e-04  -4.2400483e-02   4.6469296e-01  -2.9451982e-01
  -2.7163537e-02   2.6141496e-02   4.8100449e-02  -4.1765935e-05  -4.0549367e-04   1.9224103e-04  -5.4169187e-02   4.4453032e-01  -2.8836615e-01
   1.0363633e-02  -2.7810802e-02   5.4605962e-02  -1.1241521e-03  -1.7774807e-04   7.1827618e-04  -8.2819456e-02   4.5829716e-01  -2.8092758e-01
  -1.7646885e-02   2.7478852e-02   7.0672468e-02  -2.9606781e-05  -2.3386130e-04   2.3770701e-04  -4.4574622e-02   4.9743677e-01  -3.0250104e-01
  -1.1731938e-02   2.6534258e-03   7.6343126e-02  -5.5573186e-04  -2.6627659e-04   3.4886433e-04  -4.0478990e-02   4.8693729e-01  -2.5134718e-01
  -2.7255923e-02   2.4946878e-02   1.1781034e-01   3.3620609e-04  -6.2178620e-04  -5.6287082e-05  -4.6987211e-02   4.7858555e-01  -2.8165051e-01
  -1.0071989e-02   7.2447693e-03   8.8925776e-02  -1.6284324e-04  -7.2379671e-04   1.4887162e-04   8.4484210e-01   5.9492234e-01  -3.3693253e-01
  -1.7337500e-02   1.4535544e-02  -2.4801411e-02   9.6430143e-04  -2.1790583e-04  -3.5813983e-05  -5.1141205e-02   4.6350456e-01  -2.9616946e-01
  -2.3880905e-02   8.3887125e-03   6.3683304e-02   1.0813359e-05  -4.3697640e-04  -5.6108881e-05  -4.1545277e-02   5.4490229e-01  -2.6458173e-01
  -1.2883360e-02   2.2664521e-03   6.0507997e-02   2.7036368e-05  -3.1201240e-04   1.0550591e-04  -2.7868162e-02   4.7291111e-01  -3.1300975e-01
  -1.7860230e-02  -5.9132274e-03   6.5472933e-02  -2.4297589e-04  -3.1526641e-04   1.3652106e-04  -3.5918132e-02   5.1216620e-01  -3.0004106e-01
   4.9216838e-03  -2.3097305e-02   3.1520336e-02  -3.6158397e-04  -6.9372706e-05   4.0436846e-04   1.6271659e-01   1.9199211e-01  -3.4017293e-01
   1.0010378e-02  -2.7333475e-02   4.4366414e-02  -4.3037693e-04   9.4387827e-05   5.3807183e-04   3.2961433e-01   7.6137975e-01  -2.4186630e-01
   1.2294290e-03  -5.7724061e-02  -4.8191816e-04  -9.4756637e-05  -2.9595077e-04   4.3930404e-04  -2.5218789e-02   4.0443572e-01  -3.0907187e-01
   4.5713033e-03  -7.2122470e-02   3.1652466e-02  -3.7276048e-04   1.0937547e-04   8.1036866e-04  -3.2342322e-02   4.4018852e-01  -3.0253548e-01
  -9.0954101e-03  -3.0014734e-02   7.3443831e-02  -1.0855814e-04  -3.4152225e-04   3.6969959e-04  -2.5165669e-02   5.2402875e-01  -2.9607559e-01
  -3.0125739e-02  -3.2492104e-03   7.6111085e-02   2.6339740e-04  -4.7428811e-04  -3.5654162e-04  -2.4990138e-02   5.3360310e-01  -3.0478829e-01
  -2.1337389e-02  -8.5819392e-03   7.4203816e-02   9.4880476e-05  -5.2867297e-04   1.2826762e-04  -2.4812503e-02   5.9794170e-01  -3.2258910e-01
  -2.3848885e-02  -1.1131590e-02   1.2462949e-01  -1.4874107e-04  -5.4612251e-04  -1.3413953e-04  -2.4949000e-02   5.7837044e-01  -2.9570172e-01
  -1.2710799e-02  -1.3532818e-02   7.5257654e-02  -1.5277288e-04  -4.2631453e-04   2.1190375e-04  -3.2895936e-02   5.0899262e-01  -2.9767845e-01
  -1.8107589e-02   3.9590200e-03   3.9076160e-02  -6.7483931e-05  -2.0493106e-04  -2.6042551e-04  -3.5505798e-02   5.0220633e-01  -2.8547771e-01
   6.9665861e-04  -2.6667414e-02   4.5822833e-02  -5.8294724e-04   8.5138695e-05   2.8669778e-04  -2.4453683e-02   5.5711976e-01  -2.5444447e-01
  -3.6915522e-03  -8.3709492e-02  -3.4853958e-02  -1.8443318e-04   5.0149351e-04  -2.6936634e-05  -3.1201696e-02   5.1653159e-01  -2.5328609e-01
   5.1689074e-03  -3.3379500e-02   5.8114628e-02  -3.1294144e-04   2.7693786e-04   5.5194738e-04   1.0027400e-02   5.1634664e-01  -2.5618302e-01
  -1.7233911e-02   5.7835844e-03   1.3750534e-01   2.6406384e-04   6.1331175e-05   2.3901430e-04  -1.1091720e-02   4.9815841e-01  -2.6470541e-01
  -1.6483058e-02   1.9361126e-02   1.2293147e-01   1.0377766e-04  -3.7973984e-04   1.8239453e-04   1.3616459e-01   2.9054038e-01  -3.3148631e-01
  -1.7592070e-02   1.9984344e-02   4.3910295e-02  -4.6922676e-05   8.2940816e-05  -1.8689689e-04  -4.3540500e-02   5.0428431e-01  -2.3236923e-01
  -1.3478937e-02   1.5187868e-02   9.8989987e-02  -2.1880081e-04  -2.0097042e-04   1.6383255e-04  -1.8383437e-02   4.5363300e-01  -3.4128110e-01
  -2.1961297e-02   7.5724908e-03   9.0909221e-02  -3.4808333e-04  -1.7575281e-04  -1.0640781e-04  -4.2900139e-02   5.3202233e-01  -2.9196421e-01
   3.7000978e-03  -1.0558479e-02   7.5251161e-02  -5.9561980e-04  -3.2705788e-05   2.8997240e-04  -4.1341016e-02   5.1515535e-01  -3.2306009e-01
  -2.0497562e-02   1.7645492e-02   6.6465059e-02   2.8277581e-04  -1.0215345e-04   3.8133841e-05  -3.7408275e-02   5.0818405e-01  -2.8608929e-01
  -9.2258645e-03  -1.2277352e-03   4.2459515e-02  -1.4021788e-04  -2.0980687e-04   1.3838859e-04   1.1953424e-01   3.2636422e-01  -3.5283459e-01
  -6.1999697e-03  -1.6776992e-02   4.2081673e-02  -2.4154134e-04  -1.7825357e-04   2.7884638e-04  -4.1896027e-02   4.6410225e-01  -2.7482165e-01
  -8.2014471e-03  -2.6163563e-03   6.5687685e-02  -2.3325674e-05  -2.6647704e-04   4.7637621e-04   1.6997602e-01   2.2487039e-01  -3.5023392e-01
  -2.4668815e-02   9.9237479e-04   8.9600402e-02  -6.8041000e-05  -1.8914075e-04   1.6096062e-04  -2.7975404e-02   5.3176532e-01  -2.4312506e-01
  -7.7494638e-03  -7.4916671e-03   8.8940528e-02  -3.6192740e-04  -1.5309412e-04   5.1702553e-04  -2.2920348e-02   5.1273144e-01  -2.6275543e-01
  -1.4585533e-02  -1.3845831e-04   9.1706289e-02  -3.6180228e-04  -1.9265466e-04   3.0696985e-04  -2.2938065e-02   4.8495035e-01  -3.0753485e-01
  -1.9484297e-02   6.7953976e-05   9.4807718e-02  -1.8093919e-04  -7.4569036e-05   2.2732768e-04   6.5702526e-03   5.1408397e-01  -3.3020420e-01
  -2.2863872e-02  -2.5611579e-03   1.2936675e-01  -7.3390888e-05  -4.7077532e-04   1.6395433e-04   1.7631258e-03   5.3512112e-01  -3.0552409e-01
  -1.5022587e-02  -9.8537921e-03   8.2948125e-02  -3.0234770e-04   3.2850433e-05   2.1350446e-04   1.0069387e-01   5.6733744e-01  -2.9005104e-01
  -2.2535034e-02  -1.4116512e-02   8.7350999e-02  -2.1604750e-04  -2.4371311e-04   5.3550238e-05   1.8692026e-01   3.7814426e-01  -3.5439222e-01
  -2.3563771e-02  -1.8906162e-02   5.8718318e-02  -4.8896668e-05  -1.9089013e-04   2.2879322e-04   9.5952101e-03   6.2284419e-01  -2.8704035e-01
  -2.5045263e-02  -2.0254580e-02   7.4355815e-02  -3.1333836e-04  -2.2812016e-04   2.0785970e-04   3.2017090e-02   5.9674827e-01  -3.0689243e-01
  -1.2612159e-03  -4.1981791e-02   5.0173079e-02  -6.0680537e-04  -1.8092940e-05   2.3130245e-04  -6.8683168e-03   5.6946632e-01  -3.0404457e-01
  -2.5939188e-02  -1.9651504e-02   6.7627795e-02  -3.4453711e-04  -1.8683864e-04   1.2420216e-04  -9.7834192e-03   5.7826489e-01  -2.8329428e-01
  -2.4873748e-02  -1.4195509e-02   8.7884478e-02  -2.1463821e-04  -1.9213447e-04   1.4438335e-04   2.2028722e-02   5.9170844e-01  -2.8560737e-01
  -2.7005333e-02  -2.2076594e-02   9.2813509e-02  -7.1793163e-05  -2.0229538e-04   2.3141730e-04   7.4271499e-02   5.7258835e-01  -3.0075763e-01
