   7.1054274e-15  -4.4408921e-16   0.0000000e+00   0.0000000e+00  -2.4826441e-35   8.6736174e-19   1.9845422e+00   3.8955337e+00  -5.3747181e-02
  -9.8701426e-03   5.9040121e-02   5.8568089e-02   8.7107998e-04  -2.9230472e-04  -1.3174775e-04   2.6979229e+00   3.0227259e+00  -6.0364274e-01
   1.4548982e-03  -8.4416851e-03  -5.5412072e-03   3.6591531e-04  -1.3337609e-05   5.5074507e-05  -6.3827003e-01   3.9605150e+00  -2.7099820e-01
   3.2224849e-03   4.5694627e-02   5.6474431e-02   1.7929235e-04  -6.3909470e-05   1.7626503e-04   1.7910634e-01   4.3262812e+00   9.2951623e-02
   1.0464788e-03   3.5293491e-02   5.3445894e-02   3.9737726e-04  -3.4369624e-05   5.1875375e-05   1.5224341e+00   3.0369892e+00  -2.4861991e-01
   1.1863892e-02   6.4381458e-02   9.4293167e-02   4.7034242e-04   4.8254594e-04  -5.6424396e-05  -1.6941489e-01   2.0463512e+00  -3.8204170e-01
   1.5043862e-02   1.5195523e-02   1.1593302e-01  -5.8385371e-04   7.3673970e-04   7.6091348e-05   9.5508263e-02   1.5176630e+00  -4.3019181e-01
   7.1004557e-03  -3.9447925e-02   4.1502621e-02   1.9179181e-04   2.2196824e-04  -1.1195877e-04   4.9304052e-01   9.7045069e-02  -4.1937522e-01
   1.6023836e-03   2.7427941e-02   2.0473764e-02   1.1270628e-03   4.2247412e-04  -9.0641631e-05   3.9769097e-01   1.8197904e-01  -4.0181502e-01
   5.1920436e-03   7.3313887e-02   8.5973701e-02   9.9089167e-04   3.7217896e-04   1.6952564e-05   3.9297647e-01   9.7903728e-02  -4.1112637e-01
   2.2773320e-02   7.4909972e-02   1.0450392e-01   6.8919862e-04   4.6561965e-04   5.3762767e-04   3.7277749e-01   1.1927714e-01  -4.1470668e-01
   4.8163607e-03   9.4344604e-02   1.3664799e-01   8.1519320e-04  -3.9791176e-05   6.1947676e-04   3.6334065e-01   1.1488469e-01  -4.2544688e-01
  -8.6926085e-03   7.1864392e-02   8.9845880e-02   6.1472347e-04   1.5049395e-04   2.0020666e-04   4.2870781e-01   2.9892861e-01  -4.4557809e-01
   9.0873960e-03  -1.4527306e-02   1.0505401e-01  -7.0462669e-04   3.3674254e-04  -4.1245480e-04   3.7588944e-01   6.6730706e-02  -4.0863873e-01
   1.2354972e-03   3.5690695e-02   7.6407370e-02   2.1350483e-04   1.1928783e-04   5.7834151e-04   3.6351568e-01   3.8215634e-02  -4.0943342e-01
  -6.6982556e-03   1.0468979e-01   1.2536508e-01   1.0453477e-03  -1.4424307e-04  -3.9057080e-05   6.3663127e-01  -2.8143336e-01  -4.7772647e-01
   1.5030407e-02   1.7074609e-02   8.2526679e-02   7.4405580e-05   2.3881386e-04   1.7470138e-04   3.8459642e-01  -4.6193268e-02  -4.4377490e-01
  -2.2605692e-03   2.8041211e-02   1.3101230e-01  -2.5806778e-04  -3.1024781e-04  -1.3746058e-04   3.7276605e-01  -1.7575576e-02  -4.2803113e-01
  -3.6282118e-03   8.4428984e-02   5.2598851e-02   9.8480036e-04  -5.5937406e-05   2.6964815e-04   2.9599490e-01   1.5416308e-03  -4.3699637e-01
  -3.8713915e-04   9.0390826e-02   8.0537028e-02   9.3614158e-04  -2.7820513e-04   1.3983996e-04   3.7927628e-01   7.0666341e-02  -4.3423319e-01
  -1.5246402e-02   1.1877129e-02   5.7894334e-02   3.9014282e-04  -2.3731920e-04  -2.1547071e-04   3.9191612e-01   3.0298582e-02  -4.5897015e-01
  -1.6292374e-02   1.0619807e-02   7.0690268e-02   9.4942954e-04  -5.0610063e-04  -2.6508802e-04   3.7925355e-01   1.0950440e-02  -4.4665408e-01
  -1.1383179e-02   1.1313136e-02   5.5761564e-02   6.1452338e-04  -1.2145205e-04  -1.3588501e-04   4.5084718e-01   1.5311936e-01  -4.3037334e-01
   6.2816798e-03   3.3969703e-02   1.1181975e-01   1.7399869e-04   2.4753150e-05   1.3063065e-04   3.7580098e-01  -2.8367270e-02  -4.3706525e-01
  -1.3225202e-02   4.2707887e-02   6.7340740e-02   6.0930413e-04   2.0852475e-04  -1.8640152e-04   6.1473069e-01  -1.2570588e-01  -4.8389562e-01
  -2.3753582e-02  -1.2341575e-01   3.9677283e-02  -1.2215143e-03   6.8111441e-04  -1.8238264e-03   3.6978377e-01   1.3226420e-01  -4.0341183e-01
  -2.2756081e-02  -1.4726696e-01  -2.7389787e-03  -7.2525525e-04  -4.5117755e-04  -1.5822086e-03   4.1953792e-01   1.9086489e-01  -3.9960121e-01
   9.1290295e-03  -8.8785177e-02  -6.9359999e-03   4.2175198e-05  -6.9224156e-06  -3.1918034e-04   3.7301221e-01   1.3247638e-01  -3.9644924e-01
  -3.4145375e-03  -1.0919043e-01  -2.8335714e-02  -2.0423019e-04  -1.4211728e-04  -2.2015565e-04   4.4921142e-01   3.0082427e-01  -3.9877192e-01
   4.2372459e-03   5.4629142e-03   1.0731579e-01  -1.4105098e-05   5.1342940e-04  -1.7009194e-04   3.8957614e-01   2.2048646e-01  -4.2318520e-01
  -5.2812085e-03  -2.3393555e-02   9.5294747e-02   2.9219892e-04  -2.4497908e-04  -3.9443633e-04   3.8359313e-01   9.2332629e-02  -3.9616732e-01
  -3.7669613e-03  -5.2041982e-02   2.0752022e-03   4.2102597e-05  -3.0825212e-04  -3.9908523e-05   3.7951195e-01   5.8657892e-02  -3.9879681e-01
  -8.1321608e-03  -3.6782509e-02   1.0208156e-02   8.1623468e-05  -4.3990557e-04   1.2378863e-05   3.8697649e-01   5.5061011e-02  -4.3624465e-01
   9.5628517e-03  -1.2934058e-02  -5.6827683e-03   2.3277790e-05  -2.5085577e-04   5.1507393e-05   3.7422733e-01   3.4731380e-02  -4.2529547e-01
  -1.8761063e-02   7.9562850e-02   6.0524487e-02   9.3390433e-04  -3.2223528e-04  -3.1587820e-04   3.7650288e-01   1.4938975e-01  -4.2152038e-01
  -6.0368821e-04  -2.6335154e-02   5.5272585e-02  -3.4267353e-04   2.1175477e-04  -1.1268620e-03   5.8978721e-01  -1.1514637e-01  -4.7194189e-01
  -1.1219744e-02   6.3674455e-02   8.7540044e-02   7.3982848e-04  -2.4325711e-04  -2.2531087e-04   3.8773172e-01   7.7413829e-02  -4.4706971e-01
  -8.9062764e-03  -2.0054292e-02   1.0557081e-01  -1.4910016e-04   4.1127487e-05  -1.3667765e-03   3.5707889e-01   1.4478448e-01  -4.5346929e-01
   1.4503738e-02  -7.0900965e-02  -7.8619824e-03   6.6034422e-05   2.2066824e-04  -5.3391371e-04   3.9079592e-01   3.2942514e-02  -4.5768777e-01
   2.0371682e-02   2.0508389e-02   5.4089840e-02   3.2222958e-04   7.1253486e-05  -7.9684923e-05   3.3532165e-01   4.5439361e-02  -4.6780874e-01
   6.1773110e-03   3.2546021e-02   1.4774530e-01  -1.4522853e-04  -6.5754834e-05  -1.2103041e-04   3.5272930e-01   5.4029682e-02  -4.5761052e-01
   8.1793491e-03  -2.1586333e-02   2.1481839e-02   8.8090096e-04   2.0588345e-04  -4.8000729e-04   3.7786315e-01   5.6979891e-02  -4.3196928e-01
  -1.1593023e-02   2.4106268e-02   5.5975497e-02   5.4965869e-04  -3.4872255e-04  -9.6792860e-04   3.5648755e-01   1.9253715e-02  -4.3538024e-01
  -8.1638667e-03   3.0893950e-02   8.5545185e-02   2.8735433e-04  -5.1908689e-04  -1.0897616e-05   3.7676232e-01   6.2536148e-02  -4.5751274e-01
   2.4543506e-03  -1.9038233e-03   4.7356366e-02  -6.0393307e-05   2.9989974e-04  -1.5877882e-04   3.9076625e-01   8.2819322e-02  -4.5608280e-01
   2.1313530e-02  -8.9402215e-02  -4.7700698e-02  -6.5221075e-04   2.8529353e-04  -2.8168284e-04   3.8785528e-01  -2.6531391e-02  -4.4331917e-01
   7.6060448e-03  -2.2077718e-02  -4.7998464e-02   2.0415758e-04   3.6590260e-05   6.9136507e-05   3.8061771e-01   1.3741781e-02  -4.6506253e-01
  -4.5295977e-03   4.7446080e-02   9.7719318e-02   5.9804912e-04  -2.8025409e-04   9.7304339e-06   3.6240054e-01   4.4373650e-02  -4.6282316e-01
   1.9051337e-02   2.6885422e-02   7.3411868e-02   2.4011436e-04  -1.8416284e-05   3.0015337e-04   5.9191524e-01  -2.1565044e-01  -5.3494785e-01
  -8.4662457e-03   3.4285937e-02   8.8614173e-02   1.0758066e-03  -2.1375459e-04  -2.3221080e-04   3.7803013e-01   9.1411451e-02  -4.6048464e-01
  -1.9161544e-02   2.1243582e-02   8.5111393e-02   7.1702142e-04  -3.2131840e-04   4.7760606e-05   4.2303010e-01   2.1322876e-01  -4.9407199e-01
  -1.6280866e-02  -5.4948775e-02   2.0247606e-02   1.9738461e-04  -1.9207067e-05  -6.8237598e-04   3.6290454e-01   4.8365459e-02  -4.9240520e-01
   3.7013039e-03  -6.1783959e-02  -1.3509583e-02   3.9097843e-04   3.1390016e-04  -2.4116727e-04   3.7794918e-01   7.1802380e-02  -4.7341526e-01
   3.6179123e-03  -6.3058049e-02  -1.5154013e-02  -1.6528090e-04   3.1367023e-04  -6.4529709e-04   3.6968192e-01   7.3768825e-02  -4.5104402e-01
   2.8360207e-03   4.3832457e-04   3.5012784e-03   4.5245100e-04  -4.4631267e-05   8.4697758e-05   3.4049955e-01   1.3159229e-01  -4.7533269e-01
  -2.4951346e-02   1.0431177e-02   3.8426642e-02   6.9359348e-04  -9.9194275e-05  -7.5704639e-04   3.4117856e-01   1.0653218e-01  -5.0791348e-01
   5.9515233e-03  -4.0619246e-02  -3.8243392e-02   4.2478724e-04   3.2066396e-04  -3.6620710e-04   3.5405879e-01   5.9702287e-02  -4.8596592e-01
  -1.4870105e-02  -1.5598041e-02   2.4490740e-02   4.0765140e-04  -1.5416893e-04   3.2466369e-05   3.7302052e-01   6.9558111e-02  -4.5938316e-01
  -9.8331496e-03  -5.2047269e-02   7.6001216e-02  -1.4545102e-04   4.2171447e-07  -3.8273756e-04   3.7333904e-01   6.4840918e-02  -4.2359865e-01
  -1.9405726e-03  -1.6709612e-02   6.5471261e-02   2.0329189e-04   1.8694272e-04  -2.4429978e-04   3.6235684e-01   8.5008156e-02  -3.9989826e-01
   9.0589206e-03   3.0187890e-02   6.0053119e-02   6.3705545e-04   3.5556669e-04   5.7979262e-05   6.7219382e-01  -2.8445061e-01  -4.9548211e-01
   1.5250958e-02   2.1812234e-02   5.8262650e-02   5.2962480e-04   3.1459060e-04   1.8969304e-04   3.1673217e-01   3.6601883e-02  -4.1975907e-01
  -8.2884631e-03   4.7464205e-02   7.2759150e-02   1.0352360e-03   5.6546898e-06   5.4248303e-06   5.5852313e-01  -1.6674414e-01  -4.6256182e-01
  -1.2885830e-02   4.3333351e-02   9.1856717e-02   8.9575419e-04  -1.3357814e-04   2.0801118e-04   3.3223522e-01   6.8359752e-04  -4.3217607e-01
  -2.4779461e-02   4.2138939e-02   1.0292795e-01   8.8771316e-04  -4.8072266e-04  -1.6343867e-04   3.3078900e-01   5.1358710e-02  -4.6545490e-01
  -1.7362808e-02   8.2013226e-03   8.9724651e-02   2.3083128e-04  -2.5446526e-04  -2.7982803e-05   3.5139357e-01   7.5627254e-02  -4.6638206e-01
  -4.3136043e-03  -9.6692529e-02   6.1689500e-02  -9.7049981e-04   2.1893976e-04  -2.8764832e-04   3.9746699e-01   1.0999498e-01  -4.7562353e-01
  -2.2285835e-02   7.3412560e-02   6.1111944e-02   1.5118529e-03  -1.9293274e-04   2.7097596e-04   3.5688604e-01   1.5387801e-01  -4.4097402e-01
   1.7497566e-02   2.2215836e-03   2.8077299e-02   2.3546725e-04   3.1809418e-04   7.1375510e-05   3.2191186e-01   8.0047670e-03  -4.4282660e-01
  -2.1640889e-02   8.1076197e-02   8.6451627e-02   1.7454088e-03  -1.2049235e-04  -6.6244949e-05   2.9021536e-01   3.5548267e-02  -4.6421606e-01
  -2.3734049e-02   8.5257915e-03   1.0060700e-01   4.1359539e-04  -1.4521715e-04  -3.5755442e-04   3.6350138e-01   6.9499714e-02  -4.5294482e-01
  -5.5348261e-03  -3.2062879e-02  -3.8751482e-02   6.7176673e-04  -1.7545125e-04   6.2448241e-05   3.6061181e-01   5.3754683e-02  -4.7234718e-01
  -1.8290428e-02  -1.4758084e-01  -1.0583512e-01  -3.2265059e-04  -5.7581718e-05  -7.5794813e-04   3.5197670e-01  -2.1836775e-03  -4.4396968e-01
  -1.0501088e-02  -1.8507269e-01  -8.8873330e-02  -7.2160794e-04   4.1828829e-04  -1.2062500e-03   3.6070583e-01   4.1201334e-02  -4.6883949e-01
   2.2881434e-02  -1.5448963e-02  -4.7938481e-02   2.1328052e-04   7.3624474e-04   6.9313051e-05   3.4786471e-01   5.0545466e-02  -4.8451972e-01
  -1.0323629e-02  -1.2154882e-02   3.8472841e-02   1.1818665e-04  -7.3351900e-05  -3.4840959e-04   3.1601098e-01   9.7947201e-02  -4.4896949e-01
  -3.6036869e-03  -4.0504359e-02  -1.6647024e-02   5.9589142e-04   1.3456002e-04  -8.4945883e-05   3.4238323e-01   1.1502747e-01  -4.2215639e-01
  -6.2560464e-03  -1.3016515e-03   3.5239046e-02   7.2544990e-04   3.1464374e-04  -1.7890725e-04   2.3055986e-01   1.2312670e-01  -4.4234181e-01
  -1.5959453e-02  -3.8645531e-02   5.5305885e-02   5.1394606e-04  -1.7307867e-04   1.3416287e-04   4.7602667e-01  -2.4230872e-02  -4.5814862e-01
  -1.4357325e-02   2.5057919e-02   8.6347596e-02   7.0899836e-04   1.4817968e-04   3.1803611e-04   5.6834668e-01  -1.1489806e-01  -5.2365699e-01
   3.5644761e-03   5.6743126e-02   1.0099929e-01   1.0467656e-03  -4.1020482e-05  -1.2326019e-04   4.6141166e-01   2.1247242e-01  -4.5908893e-01
   2.9184621e-04   9.5003519e-03   9.2913280e-02   3.9225474e-05  -6.5628699e-05   1.0476374e-04   3.2211257e-01   1.6061293e-01  -4.6682100e-01
  -1.6904549e-02   3.3117351e-02   9.2709507e-02   9.0073618e-04  -1.1771702e-04  -4.9095816e-05   5.9712266e-01  -2.2064881e-01  -5.2164302e-01
  -7.5123648e-03  -4.8818070e-02  -4.3467662e-03   5.9552521e-04   5.5812312e-04  -4.2189294e-04   6.6569434e-01  -2.9914617e-01  -4.8752015e-01
   1.0404919e-02  -6.9599514e-02  -5.1953310e-02   6.6379158e-04   5.4486799e-04  -3.2828226e-04   3.4844951e-01   3.0487081e-02  -4.2733994e-01
   1.6900150e-02  -7.7715577e-02  -8.6770186e-02   1.4011406e-04   5.0736878e-04  -2.9650204e-04   3.6260181e-01   3.8869689e-02  -4.1086924e-01
   2.8853910e-06  -2.3690975e-02  -2.9800755e-02   2.8837864e-04   3.9428705e-04   7.9017143e-05   3.4969914e-01   9.0532298e-02  -4.4367842e-01
  -6.7506284e-03   3.0917148e-03   1.8504901e-02   4.7875095e-04   1.6355804e-04   2.6362643e-04   3.4252489e-01   8.6978627e-02  -4.5364300e-01
  -1.1173558e-02   5.2952980e-03   6.0367311e-02   7.8599107e-04   9.0958541e-05  -1.3255086e-04   3.3750933e-01   8.9754390e-02  -4.3945877e-01
   7.4389459e-03   1.5991433e-02   9.6060347e-02   1.8681528e-04   1.1497485e-04   1.7286851e-04   6.1843406e-01  -2.3582311e-01  -4.9860395e-01
  -1.8194883e-02   4.5619756e-02   1.0532208e-01   1.0116972e-03  -1.7487618e-04  -4.5098662e-04   3.4009252e-01   4.3615709e-02  -4.3379632e-01
  -9.9861985e-03   5.3242967e-03   1.0131193e-01   1.8939448e-04  -1.4077506e-04  -2.3337956e-04   3.2246619e-01   4.1275553e-02  -4.3227845e-01
  -1.7597420e-02   2.1297000e-03   6.7282321e-02   7.0965170e-04   1.2813694e-04  -4.0562465e-04   3.7375305e-01   3.4895042e-03  -4.3746875e-01
   1.1343920e-02  -4.5329073e-03   9.2252387e-02   2.5258579e-05   2.5417080e-04   4.5138173e-05   2.6021950e-01  -7.3963834e-02  -4.4489945e-01
  -1.6801571e-02   6.6046904e-02   9.5320380e-02   9.5271204e-04  -1.4022142e-04   6.0246495e-05   3.2940389e-01   1.3252015e-01  -4.3346725e-01
  -1.9294977e-02  -1.0054542e-02   6.3892459e-02   2.6791524e-04  -1.5267395e-04  -1.9089140e-04   3.4852176e-01   1.2014253e-01  -4.4736180e-01
  -1.4371953e-02   1.4521308e-02   9.7222144e-02   4.0189150e-04   2.1267987e-05  -1.3297521e-04   3.2925715e-01   8.1086362e-02  -4.5456299e-01
  -1.0965846e-02   9.9121077e-03   8.2067064e-02   4.9795286e-04  -8.0358776e-05  -2.7217953e-05   2.3487537e-01   5.9033986e-02  -4.7350021e-01
   1.3665740e-02   4.5074948e-03   6.0314760e-02   1.9817417e-04   3.5102879e-04  -1.2662946e-04   3.1082925e-01   9.7378022e-02  -4.4572869e-01
  -2.0165460e-02  -3.5604516e-02   7.8960839e-02  -8.9047772e-04   1.8208419e-04  -1.2523513e-03   3.1210069e-01   7.8737791e-02  -4.3337993e-01
  -8.0889027e-03   8.8158621e-03  -3.0196413e-02   1.9896405e-03   9.2216471e-05   3.0245744e-04   3.3309087e-01   1.4458217e-01  -4.3482482e-01
  -3.8474058e-03   5.3117292e-02   5.3067763e-02   1.0524333e-03   2.3130802e-04  -1.4876882e-04   2.9980063e-01   1.8495176e-01  -4.5257208e-01
  -1.8847758e-02   1.6899627e-02   6.4005405e-02   9.6940940e-04  -2.5338139e-04   1.3268840e-05   3.3147497e-01   7.9023342e-02  -4.2596933e-01
  -4.0212532e-03  -8.4316807e-02  -5.5507897e-02   5.7285416e-04   4.2306638e-04  -1.0432640e-03   6.0496335e-01  -1.6785009e-01  -4.9552336e-01
   8.8082874e-03  -1.1699018e-01  -9.2578865e-02  -2.8922783e-04   4.0765144e-04  -7.3582448e-04   3.6451537e-01   6.4501836e-02  -4.4911631e-01
   1.2505493e-02  -1.0350189e-01  -8.7912433e-02  -4.9524322e-04   8.9994665e-04  -6.0563020e-04   3.2894181e-01   2.7622465e-02  -4.4427899e-01
  -1.7312308e-02  -2.0996449e-02  -1.1368145e-02   7.2979390e-04  -1.5187126e-04  -3.2460801e-04   3.4784583e-01   1.0766802e-01  -4.3902957e-01
  -1.1000477e-02  -1.1298329e-01  -3.1827567e-02  -3.0677928e-04  -3.3430393e-04  -7.7948621e-04   3.5733616e-01   1.2183013e-01  -4.2349926e-01
  -8.5443188e-03  -1.3493978e-01  -1.0640569e-01  -2.4141522e-04  -1.2362533e-04  -6.5494768e-04   3.2677980e-01   7.5799726e-03  -4.4343855e-01
  -2.2799455e-03  -1.9429244e-02  -9.7530662e-02   1.1344352e-03   3.5562788e-05   4.4377482e-04   4.6723813e-01   2.6367489e+00  -2.8239585e-01
  -2.2840134e-02  -1.7155593e-02  -1.7770141e-02   1.2980917e-04   5.0839001e-04  -1.0600585e-03   3.6392742e-01   2.1247436e-01  -4.5270573e-01
   1.4855025e-02  -1.2862443e-02  -8.5473622e-03   3.6474068e-04   1.1010758e-03  -1.9025014e-04   3.6991537e-01   3.1683469e-01  -4.5332902e-01
  -5.7196193e-03  -1.0271873e-01   7.2947140e-02  -2.1546359e-04   5.7979615e-04  -2.3878507e-05   3.9090946e-01   2.2923854e-01  -4.2700174e-01
   2.5062351e-02  -9.4994276e-03   1.3765418e-01  -2.1671155e-05   8.8006149e-04   4.0164671e-04   5.3991221e-01  -1.0619818e-02  -4.2583011e-01
  -7.3143380e-03   6.6255383e-03   1.6527461e-01   1.9142310e-04   2.7518517e-04  -3.9192822e-04   3.4406072e-01   1.6072853e-01  -3.9837819e-01
   5.6325827e-03   9.9027110e-03   9.5597174e-02   6.4155721e-04   3.7358299e-04  -5.7069976e-05   3.4088507e-01   1.4612558e-01  -4.0558686e-01
  -3.4105492e-03  -1.4172329e-01  -5.4591427e-02   1.0998975e-04   4.9273970e-04  -6.3039158e-04   3.6040615e-01   1.9722300e-01  -3.9506198e-01
  -2.6979629e-03  -1.9286949e-03   5.1849232e-02   7.7902109e-04   5.0248792e-05   3.6879389e-04   5.6936462e-01  -1.0546657e-01  -4.7099569e-01
   1.6870335e-02  -3.9028998e-03  -9.9630889e-03   1.9888700e-04   3.7216706e-04  -3.3143348e-05   3.4438610e-01   1.3134038e-01  -4.4003919e-01
   1.3838454e-02   1.0748752e-02   6.2131527e-02  -1.0036011e-04   3.3743310e-04   4.6618652e-04   3.0369530e-01   1.4524138e-01  -4.3351642e-01
  -1.0342596e-02  -1.2200844e-02  -1.4167966e-02   7.2391689e-04   2.0520862e-04   6.8781635e-05   2.9512056e-01   1.9904315e-01  -4.6938925e-01
   7.5581002e-03  -2.5060846e-02  -3.1330203e-02   4.7510469e-04   2.4640319e-04   3.9386388e-04   3.4264933e-01   1.6836962e-01  -4.3325521e-01
  -2.2930510e-03  -5.8511809e-02   5.1957174e-02   7.1830443e-05   6.7806196e-05  -2.9167783e-06   3.5702082e-01   1.9041215e-01  -4.1145091e-01
   2.3118907e-02   9.5148512e-03   1.0490754e-01   1.2222299e-04   5.3305214e-04   6.2019309e-04   3.3647504e-01   1.2881695e-01  -4.4093192e-01
   1.2886501e-02   1.6261137e-02   1.5508769e-01   1.3291390e-04   3.5256955e-04   3.9627981e-04   5.8402687e-01  -7.9758883e-02  -4.9711041e-01
   2.4537610e-02  -8.1872924e-03   1.2782976e-01  -3.9609820e-05   6.1011240e-04   1.5876320e-04   3.3123570e-01   1.6757245e-01  -4.4031013e-01
  -5.1881591e-03   4.5575468e-02   1.1748234e-01   8.2750014e-04   2.7577224e-04  -4.2191691e-05   3.3998955e-01   1.5491051e-01  -4.5875399e-01
  -1.3813737e-03   1.5510711e-02   1.2175944e-01   2.4674968e-04   2.1961178e-04   1.0770433e-04   3.2400309e-01   1.3041560e-01  -4.4906436e-01
   2.3291514e-02  -2.6445235e-02  -1.1243688e-02   9.3749730e-04   8.6611448e-04   2.5804375e-04   1.0025709e+00  -4.0469507e-01  -5.3701834e-01
   2.8022555e-03   5.7955178e-02   7.3748809e-02   8.9145557e-04   2.7390361e-04  -2.9305662e-05   3.1471445e-01   4.2811236e-02  -4.7203306e-01
   1.6218651e-02   1.9541380e-02   7.1788735e-02   1.1914118e-05   3.8796987e-04   5.2112457e-05   2.9947372e-01   9.6007595e-02  -4.8710836e-01
   8.2746920e-03   2.4697091e-02   1.0098992e-02   4.6017841e-04   1.4719718e-04   2.3545475e-05   3.3578952e-01   6.2914165e-02  -4.2938958e-01
  -2.5419106e-03   7.0070240e-04   4.7955018e-02   2.6182756e-05   3.0086285e-04  -1.0380725e-04   3.2210593e-01   3.8880175e-02  -4.3411260e-01
  -1.6471592e-02   4.2447642e-03   5.1603956e-02   9.2411143e-04   2.4613932e-04  -4.4245440e-05   3.4350947e-01   1.3213468e-01  -4.2434598e-01
   7.6184444e-03  -4.8350828e-02  -4.5227659e-02   3.4476783e-04   5.0275609e-04  -2.1918746e-04   3.5674777e-01   8.8304908e-02  -4.2136676e-01
   4.7485026e-03  -1.3771453e-01  -1.2398675e-01  -3.8308016e-04   6.9166546e-04  -3.8603650e-04   3.5822176e-01   1.1477172e-01  -4.2759162e-01
  -6.5207480e-03  -1.5801610e-01  -1.3238426e-01  -6.6549110e-04   5.9572394e-04  -7.2881947e-04   3.5936204e-01   5.4311502e-02  -4.3138424e-01
  -1.1302935e-02  -1.0462105e-01  -8.3789527e-02  -2.8916500e-04  -9.7811275e-05  -1.3627533e-04   4.1838467e-01   1.7540609e-01  -4.4936092e-01
  -4.7687266e-03  -1.3307174e-01  -7.8705817e-02  -3.7908742e-04   2.5379278e-04  -1.6979558e-05   3.7563507e-01   1.2949528e-01  -4.3045639e-01
  -2.0816457e-03  -1.7734144e-04   4.7943326e-02   6.2531381e-05   1.3680042e-04  -1.1233580e-04   3.4459677e-01   1.1750578e-01  -4.3492503e-01
  -2.5273213e-02  -4.3102747e-03   9.6277556e-02   2.7455990e-04  -2.6536774e-04  -1.6780046e-04   3.6172136e-01   1.4064075e-01  -4.4055831e-01
  -3.4990894e-02  -4.7785477e-02   2.5323320e-02   4.3399447e-04  -1.4667340e-04  -3.2489738e-04   3.6000511e-01   1.4007902e-01  -4.2533697e-01
  -2.8850039e-02  -7.3428035e-02   5.6887057e-02   2.7816706e-05   1.7642615e-04  -4.5342462e-04   3.6572109e-01   1.1576907e-01  -4.2546386e-01
  -1.7325606e-02   6.0790908e-02   9.5043157e-02   1.0474656e-03   8.8819213e-05  -3.9618501e-04   3.2929518e-01   6.4187063e-02  -4.2493115e-01
  -1.0523303e-02   1.5403255e-02   6.6035575e-02   2.8822099e-04   5.1766716e-05  -5.8223994e-05   5.3307914e-01  -1.8942364e-01  -5.0301814e-01
   1.3198874e-02   6.0755159e-03   2.3897271e-02   6.8183500e-04   3.5767037e-04   2.2647312e-05   3.4108462e-01  -2.1715322e-02  -4.7877076e-01
   4.6993916e-04   1.8797864e-02   7.7244207e-02   2.8348281e-04   4.6871535e-05  -3.9066209e-05   3.3458169e-01  -1.4613856e-03  -4.8067401e-01
   7.6632649e-03   2.2426103e-02   7.3228309e-02   4.3672433e-04   1.3810297e-04   1.8916646e-05   3.5239666e-01   8.0885240e-02  -4.5955461e-01
   6.7236346e-04  -5.6658551e-02   4.1790296e-02   2.6573655e-05  -1.6094286e-04  -2.0331767e-04   3.3654941e-01   7.9178855e-02  -4.4389069e-01
  -7.8258241e-03   6.4911511e-03   7.6647585e-02  -1.1749756e-04   7.5842529e-05  -7.3637139e-05   3.5996868e-01   2.1890031e-01  -4.7214315e-01
  -1.2111372e-02   2.7227390e-02   9.7612452e-02   3.5011552e-04  -9.9781516e-05  -4.2533738e-05   3.3203744e-01   7.8298635e-02  -4.6338195e-01
  -6.4900330e-03  -1.6284087e-04   2.5594903e-02   4.5858776e-04   1.5102634e-05   9.3899740e-05   6.3839568e-01  -2.4403158e-01  -5.0894311e-01
  -3.7096723e-02   3.6330855e-02   7.5984240e-02   1.3067314e-03  -2.5717326e-04  -5.7067019e-04   3.5195223e-01   1.0433046e-01  -4.4292509e-01
  -9.2270133e-03  -1.0332994e-02   4.9429053e-02   5.7609301e-04   6.4657135e-06   1.1234287e-04   4.0770563e-01   2.1646375e-01  -4.3886456e-01
