   0.0000000e+00   0.0000000e+00   0.0000000e+00   0.0000000e+00   0.0000000e+00  -8.6736174e-19  -4.5878979e-02  -3.4539706e-01  -2.2919936e-01
  -1.3937728e-03   6.0143721e-02   2.1692956e-02   1.4176402e-04   3.0943260e-04   2.9999854e-04  -1.0121110e-01  -3.5228535e-01  -1.9157334e-01
  -1.5735851e-02   2.9703013e-02  -1.2745673e-02  -8.1592813e-04   4.8115987e-04  -4.3289893e-05   2.4374139e-01  -5.3543190e-01  -2.4337287e-01
  -2.4104830e-03  -3.9942907e-02  -5.5894453e-02  -1.3464391e-04  -3.8006252e-04  -1.7710479e-04  -2.0195815e-02  -3.6509170e-01  -1.9418008e-01
  -3.3618088e-03  -3.8908167e-02  -6.9309508e-02  -3.8234475e-04  -2.5639544e-04   2.0453546e-04   1.9743782e-02  -4.6902928e-01  -3.7117849e-01
   9.4453827e-03   5.4016708e-02   1.3949339e-01   6.4316035e-04   1.7133324e-05   1.1173952e-03  -2.2606462e-02  -3.1519032e-01  -3.4168228e-01
   1.6164944e-02   5.5766970e-02   8.7254145e-02   2.9399899e-04   1.6099608e-04   6.2596167e-04  -1.7051075e-02  -3.4629668e-01  -3.6483068e-01
   1.1064030e-02   5.6423142e-02   9.3306974e-02   3.3863801e-04   9.8569024e-05   8.0815689e-04  -1.0585111e-02  -4.1850736e-01  -3.6883274e-01
  -2.3963374e-02   3.1884603e-02  -2.0722729e-02   2.3966673e-04  -1.9572918e-04  -1.3379509e-05   2.6663087e-02  -4.4848844e-01  -4.2707867e-01
  -8.9715227e-03  -6.5181966e-02  -1.5650098e-01   1.5909434e-04  -2.8728742e-04   1.7337871e-04   2.9523978e-01  -7.1195097e-01  -4.6594181e-01
  -1.1856338e-03   1.7403351e-02  -1.0447734e-01   3.2189085e-04   1.5486891e-04   7.8321805e-04  -4.0718127e-03  -4.9727917e-01  -3.6896096e-01
   5.7324000e-05   5.4581031e-02  -2.8548828e-03  -3.7083068e-04   1.0894067e-05   7.6352229e-04  -3.6834060e-01  -2.2829858e-01  -4.2985246e-01
   8.9208091e-04   5.4586575e-02   4.6270794e-03   6.8137528e-05  -8.5250409e-05   7.4429218e-04  -3.9386851e-03  -4.9475419e-01  -4.0817414e-01
  -1.7020535e-03   5.6170617e-02   4.1354367e-02   4.8689054e-05  -2.9057865e-04   5.0507953e-04  -3.9489526e-05  -4.9912394e-01  -3.6666314e-01
  -8.2979348e-03   3.5935927e-03  -2.3983384e-02   1.1032119e-03  -5.6661718e-05   4.0699732e-04  -3.6130051e-02  -4.9861401e-01  -3.3221716e-01
   7.5108205e-03   3.7355321e-02   8.3628693e-02   9.8735743e-05  -1.5737366e-05   3.1074918e-04  -8.6357595e-03  -3.6820544e-01  -3.2711938e-01
   1.6889469e-02   4.4716566e-02   9.9638730e-02  -2.7815944e-04   3.8257858e-05   2.6231311e-04  -3.2559961e-02  -3.8954650e-01  -3.1825963e-01
  -5.4685003e-03   5.0957617e-02   4.9528189e-02  -1.2817802e-04   2.8708564e-05  -6.1322311e-06  -1.9133653e-02  -5.1042393e-01  -3.4664776e-01
  -2.4605979e-03   5.9346856e-02  -1.3688866e-02   4.9366929e-04   5.9794254e-05   2.7744153e-04  -8.4066648e-03  -5.5756994e-01  -3.5134516e-01
  -2.4184023e-02   2.9984757e-02  -2.8896754e-02   8.4339907e-04  -1.7629493e-04  -1.7554769e-05   2.3113021e-01  -7.6385604e-01  -4.1922895e-01
  -7.9826575e-03   8.1667488e-03  -4.8101422e-02   3.5744854e-04   2.4041361e-04  -2.4742211e-04   1.8218666e-03  -4.9001964e-01  -3.4907246e-01
   6.2083031e-03  -3.7819471e-02  -1.1104405e-01   8.3589156e-04   3.2000661e-04   9.5682955e-05   1.7875031e-02  -5.5011073e-01  -3.7828677e-01
  -3.0687526e-02   2.0124732e-02  -7.7829824e-02   6.5655590e-04   2.0322942e-04  -1.7455280e-04   3.7839850e-02  -5.0315574e-01  -3.7832336e-01
  -1.4172187e-02  -6.4192615e-02  -1.5557675e-01   5.3160458e-04  -2.1003437e-04  -2.3486503e-04   1.0680579e-02  -5.2587342e-01  -3.7904606e-01
  -1.3144729e-02   1.1535129e-03  -1.2146052e-01   7.3813615e-04  -2.4924791e-04   1.4468497e-04   2.8268082e-02  -5.5609144e-01  -4.0048542e-01
  -2.3452961e-02  -7.8293458e-02  -1.2603880e-01  -3.7805249e-05  -6.8194337e-04  -4.4121396e-04   1.0242490e-02  -5.5507288e-01  -4.1418277e-01
  -2.4780566e-02  -8.0850342e-02  -1.3589069e-01   4.0823825e-05  -5.1828629e-04  -2.6402233e-04   3.1005122e-02  -5.6999380e-01  -4.1324325e-01
  -4.6550576e-03   2.4871816e-02  -5.2460380e-02   7.9690441e-05   4.1721561e-04   3.6360972e-04   4.0116549e-02  -6.7241313e-01  -4.0315396e-01
  -2.1573226e-02  -2.6360435e-02  -1.1544387e-01   1.2650999e-03   7.1025781e-05   1.8534380e-04  -2.0731760e-02  -5.7756558e-01  -3.6246499e-01
   4.5470081e-04   2.7296462e-02  -2.6734476e-05   3.1409850e-04   4.9323599e-04   5.7526199e-04   3.7511005e-03  -4.5997960e-01  -3.7466328e-01
  -2.2324454e-02   5.4160312e-02   3.1281221e-02   5.2094362e-04   3.3817728e-04   2.4442836e-04  -8.3275114e-03  -4.7909920e-01  -3.8057575e-01
  -3.7816176e-02   4.4906974e-02   4.1556616e-02   7.3127216e-04  -3.1819443e-04   1.4932556e-04   1.8157952e-02  -4.2722701e-01  -4.1540904e-01
  -4.5388348e-03   3.4775314e-02  -2.9013241e-03   2.8293155e-04   1.8732784e-04   2.7665667e-05   2.8720091e-01  -7.6793229e-01  -4.5383825e-01
  -7.8220244e-03   6.3404180e-02  -3.6546126e-03   3.1684194e-04   2.2754179e-04  -4.0209937e-06  -7.6508281e-03  -4.6363002e-01  -3.5979274e-01
  -2.2299346e-02   2.4277893e-02  -2.1603191e-02   9.7354224e-05  -5.3959958e-05  -1.4874466e-04   1.5872532e-02  -4.2351443e-01  -3.8800455e-01
  -1.9747617e-02  -5.5052316e-02  -1.3706496e-01  -3.6731129e-05  -2.0775680e-04  -2.9384520e-04   1.5017190e-02  -4.8540284e-01  -3.7582690e-01
  -8.7550313e-03  -9.3247520e-03  -1.0578095e-01   3.6857952e-04  -2.6672745e-05   2.4502254e-05   2.2860976e-02  -4.6397632e-01  -3.7147341e-01
  -2.7233642e-02  -4.1553104e-02  -1.0920546e-01   5.7256210e-04  -2.0166474e-04  -2.7228914e-04   4.5605551e-02  -4.9614904e-01  -3.7455487e-01
   3.4831763e-03   2.8602458e-02  -4.9263997e-02   4.1289437e-04   6.6994108e-04   2.0764067e-04  -3.4377468e-03  -4.5206754e-01  -4.1145743e-01
  -1.8335231e-02   4.3371222e-02   1.1984174e-04   4.4960542e-04   2.4006143e-04  -6.3226907e-05  -4.2744464e-03  -5.3406904e-01  -3.9706808e-01
  -2.7238229e-02  -1.4182749e-02  -9.4936767e-02   9.9634181e-04   2.0668662e-04  -8.8087654e-05   1.7978295e-02  -5.3774192e-01  -3.9143635e-01
  -3.2997840e-02  -3.1196027e-04  -2.4418381e-02   1.5310893e-03  -2.5023503e-04   4.2335317e-05   2.2461513e-01  -7.3287049e-01  -4.3771352e-01
  -3.3258623e-02  -9.9959959e-03  -3.7403424e-02   1.1853431e-03  -4.6694117e-04   7.0315213e-05   1.3983774e-02  -6.2827633e-01  -4.0036901e-01
  -2.1139421e-02   2.1529079e-02   1.6431625e-02   7.6612643e-04  -2.4013609e-04   4.2454256e-04  -6.1685260e-04  -5.0071754e-01  -3.9247820e-01
  -2.1693498e-02   4.2653593e-02  -2.7263551e-02   6.4751984e-04  -5.4716077e-05   3.1838248e-04  -1.1848427e-02  -5.9415017e-01  -3.9554651e-01
  -3.4917528e-02   5.7439169e-02   1.5690415e-03   3.9805765e-04  -2.1172432e-04  -6.7819603e-06  -1.5628137e-02  -4.9834038e-01  -3.7335827e-01
  -3.9193082e-02   3.3569262e-02  -5.4994397e-02   1.4331974e-03  -3.5961304e-04   2.6215067e-04  -1.9846363e-02  -5.2423466e-01  -3.5987233e-01
  -2.5839983e-02   2.8456304e-02  -7.2442781e-02   1.2209434e-03   8.6390492e-05   2.8504820e-04   6.3235062e-03  -4.8388691e-01  -3.4350192e-01
  -1.6494338e-02  -4.8263375e-02  -1.5437947e-01   1.0201720e-03   2.3071014e-04  -2.7515834e-04   1.2376067e-02  -5.6365281e-01  -3.5283230e-01
  -3.4492680e-02   5.7955111e-03  -1.0434387e-01   8.8906234e-04   2.2636815e-04  -4.0394087e-04   6.4659860e-02  -5.7457937e-01  -3.4432618e-01
  -3.2636165e-03   4.4603439e-03  -8.6726350e-02   1.1785971e-03   7.0643735e-04   3.8156209e-04  -2.5755212e-02  -4.7263859e-01  -3.1921170e-01
  -4.1468162e-02   3.1545776e-02  -2.0520326e-02   1.1442676e-03  -2.7602142e-04  -1.6509091e-05   2.2442347e-01  -6.9623832e-01  -4.0986538e-01
  -5.4426677e-02  -1.5028512e-02  -1.0912714e-01   1.5829641e-03   3.9826895e-05  -3.9766582e-04  -9.4464747e-03  -5.6826947e-01  -3.7756634e-01
  -2.7321628e-02  -1.0120766e-01  -2.2956951e-01   1.5640826e-03   8.7159763e-05  -7.8915047e-05  -4.2408686e-03  -6.2208525e-01  -3.6134872e-01
  -2.6772708e-02  -8.2277407e-02  -2.0749726e-01   8.1061696e-04   4.9619386e-05  -2.9670115e-04   3.6637952e-03  -5.6114148e-01  -3.8482310e-01
  -1.8669218e-02   3.0141418e-02  -1.1719836e-01   6.3551082e-04   6.8390466e-04   2.8513737e-04   7.9029539e-02  -5.8301703e-01  -3.4288978e-01
  -3.6419678e-02   3.2988237e-02  -2.1205934e-02   6.6572415e-04   3.7255350e-04  -1.1405037e-04  -7.9482448e-02  -5.3157833e-01  -3.2914781e-01
  -2.6763671e-02   5.7087373e-02   7.6228904e-04   1.0064025e-03   6.7821828e-04   1.9794765e-04   9.0389500e-03  -4.9660426e-01  -3.7497472e-01
  -1.0701941e-02  -5.7774975e-02  -5.3600828e-02   8.6075755e-04   4.6219960e-04   6.3669239e-04   2.1368056e-02  -4.6049350e-01  -4.0422968e-01
  -2.0123152e-02  -9.1587464e-03  -3.7252515e-03   4.1831272e-04   2.3397066e-04  -7.8330131e-05   4.3694356e-04  -4.8249336e-01  -3.6169495e-01
  -5.2620982e-02  -2.2366998e-02  -3.5907702e-02   2.8565862e-04  -5.1409928e-04  -2.6173776e-04  -7.2199710e-03  -4.7258738e-01  -3.3085741e-01
  -2.2629841e-02  -5.5754199e-03  -6.3094576e-02   1.2112650e-04   9.4737736e-05   9.5588928e-05  -6.3943786e-03  -5.0533854e-01  -3.3590487e-01
  -3.2132775e-02   2.9441478e-02  -3.6285427e-02   8.6515628e-04   1.8997116e-04   4.8392963e-04   8.3726705e-03  -4.6826769e-01  -3.5930736e-01
  -3.7644146e-02  -7.7555567e-03  -6.8368919e-02   1.6973672e-03   1.6587636e-04   7.9540191e-05   6.1470842e-02  -4.0530837e-01  -3.1493295e-01
  -3.6655586e-02  -4.1736014e-02  -1.4055096e-01   1.6010649e-03   5.7030796e-04  -4.3482996e-05   7.9845128e-03  -4.9077562e-01  -3.2473365e-01
  -2.6783560e-02  -2.5074057e-02  -1.1592307e-01   1.6010720e-03   3.9792162e-04   1.6057477e-04  -9.9764877e-03  -4.0890685e-01  -3.1050785e-01
  -1.6256809e-02   1.3023803e-02  -4.5786682e-04   1.0777687e-04   4.9599409e-05   3.6554002e-04   2.1520370e-01  -5.7393780e-01  -3.3721361e-01
  -2.2941196e-02   2.7744801e-02   2.7775904e-02   4.2785485e-04   4.5201966e-05   7.0935190e-04  -3.0114947e-02  -4.9774024e-01  -3.0956316e-01
  -1.3963377e-02   2.1057379e-02   1.0958885e-01  -9.8832007e-05  -2.5252294e-04   5.8408282e-04  -3.4785068e-02  -3.9017941e-01  -3.2172493e-01
  -2.3222426e-02   3.2184630e-02   7.7721166e-02   1.3007506e-04  -3.6294233e-04   7.4560802e-04  -3.8843328e-03  -3.9673215e-01  -3.7593022e-01
  -1.7371002e-02  -8.2872182e-02  -8.3936832e-02   1.4301979e-04  -2.9441612e-04   2.9142775e-04   7.1154829e-04  -4.9907600e-01  -3.7769505e-01
  -4.3689750e-02  -5.7643235e-02  -1.1036857e-01   6.0269517e-04  -5.9408386e-04   8.7132272e-05  -1.7261024e-03  -4.8719469e-01  -3.7960762e-01
  -3.5562226e-02   6.3674147e-02  -1.7072621e-02   1.2008464e-03  -5.2937250e-05   5.7272890e-04  -5.3908945e-03  -4.2656451e-01  -3.4852393e-01
  -2.6417180e-02  -9.3205226e-02  -8.7911779e-02  -3.0499292e-04  -3.1396203e-04  -4.7449845e-05   2.2517457e-02  -4.0781796e-01  -3.1389936e-01
  -2.9819844e-02   4.0351655e-02  -4.8766513e-02   8.6913627e-04  -1.9921992e-04   6.2711319e-04  -1.7633007e-02  -3.3203110e-01  -3.5486666e-01
  -1.7134252e-02  -9.1379668e-03   1.7334942e-02   3.9049389e-04  -4.3863560e-04   2.7133272e-04  -1.1681360e-02  -4.8684064e-01  -3.7269008e-01
  -3.4216005e-02  -5.4606469e-02  -9.7542142e-03  -1.9027030e-04  -7.7881632e-04   2.1086737e-04   2.1600125e-02  -4.1291953e-01  -3.6528269e-01
  -1.7777288e-02   3.8114056e-03   1.8485539e-02  -2.0930075e-04   4.5462441e-05   3.2090914e-04  -1.3699297e-02  -3.6719860e-01  -3.5068906e-01
   6.5840424e-03   3.7941516e-02   3.2900768e-02   2.1742732e-04   4.7543201e-04   6.2801220e-04  -3.0015069e-02  -3.8934959e-01  -3.3163197e-01
  -1.6461284e-02   5.7308288e-02   4.7635426e-02   4.1078552e-04  -9.3698917e-06   3.7021602e-04  -3.6182449e-02  -4.3907739e-01  -3.2698639e-01
  -1.9093168e-02   1.1277127e-02  -3.1559340e-02   8.5301110e-04  -1.4041198e-04   4.8772685e-05  -3.2121757e-02  -3.7431574e-01  -3.2500240e-01
  -1.1602364e-02   2.9552279e-03  -1.5407995e-01   3.4209834e-04   2.5989464e-04   4.4712829e-05  -1.3628608e-02  -3.8451430e-01  -3.2079191e-01
  -7.1520514e-03  -7.1413538e-02  -1.3668117e-01   9.8161114e-06  -4.1728897e-04   2.6777509e-04   8.5601778e-01   5.5574237e-01  -4.1154074e-01
  -5.2000638e-02  -6.9441907e-02  -5.5857713e-04  -9.9669384e-04  -2.9135897e-03   2.3834768e-04   1.2977465e+00   3.9114271e+00   6.0843557e-02
  -5.6828562e-02  -2.1226026e-01   1.5059366e-01  -3.5231772e-03  -4.5084261e-03  -4.7955244e-04   3.6618495e+00   3.4189269e+00  -1.9036231e-01
  -2.4550126e-02  -9.5680302e-02   1.3561439e-01  -2.1741190e-03  -2.4125904e-03   1.0463204e-03   2.6763996e+00   4.3319967e+00   1.5447200e-01
  -3.0143846e-02  -5.6490154e-02   2.0771658e-01  -3.4786679e-04  -2.5796434e-03   1.6236484e-03   6.7448213e-01   3.6677219e+00   1.9441933e-01
  -8.5001545e-03  -7.9173362e-02   2.7162175e-01  -2.5397473e-03  -2.4236250e-03   1.3966525e-03   9.3686256e-01   4.0212851e+00   2.2619670e-01
  -2.4085137e-02  -7.1245993e-02   2.0743814e-01  -1.8018213e-03  -2.3266934e-03   1.3339581e-03   8.6006898e-01   4.2798723e+00   3.3704042e-01
  -1.7248662e-02  -9.7710176e-02   1.5716084e-01  -1.8696089e-03  -2.5141524e-03   1.2594690e-03  -3.4282769e-03   4.2742791e+00   2.8229893e-01
  -2.5940010e-02  -2.3099549e-02   5.4086613e-02  -2.0928975e-03  -1.0894700e-03   1.0558788e-03   4.9802716e-01   7.4001275e-01  -3.9292771e-01
   2.8113569e-02  -1.4167656e-01   1.1856299e-01  -1.7024066e-03  -2.4358410e-03   1.3016679e-03   5.4708495e-01   3.6743110e+00  -6.8439447e-03
   6.2232058e-02  -1.7258726e-01   9.1830583e-02  -1.5144579e-03  -1.1623658e-03   1.7156018e-03   5.2774816e-02   9.6150891e-01  -1.6597720e-01
   1.5255927e-02  -1.1155013e-02   9.2869181e-02  -9.6124006e-04  -4.7783247e-04   1.4023566e-03  -6.9598376e-02   1.5960767e-01  -3.2599141e-01
   1.0201672e-02   1.1127280e-02   2.3102024e-01  -1.3296564e-03  -3.5017097e-04   1.0700518e-03  -3.6933125e-02   7.1893811e-02  -3.1559697e-01
   2.1224159e-02  -5.3670467e-02   2.4255815e-01  -2.1266744e-03  -9.2329231e-04   5.5134879e-04  -4.6574727e-02   1.1871872e-01  -2.8525966e-01
   2.2844322e-02  -7.0851110e-02   2.8712973e-01  -2.3603485e-03  -2.1296506e-03   1.0666605e-03  -8.6728035e-02   1.5557610e-01  -2.8518063e-01
   1.0682627e-02  -2.3999220e-02   1.3868737e-01  -7.3116141e-05  -1.2281791e-03   1.2458828e-03  -1.9377835e-02  -1.7232250e-01  -2.9746043e-01
  -2.1975284e-02  -5.0246616e-02   1.6470082e-01  -3.5289049e-04  -1.1848860e-03   4.0824716e-04   1.7377380e-02  -1.5857497e-01  -2.8407482e-01
   8.4015245e-04  -2.0665247e-03   2.2023732e-01  -3.4026335e-04  -5.3424387e-04   9.5040374e-04  -3.9784047e-02  -5.1023980e-02  -2.4700853e-01
  -1.4665129e-02   7.9224738e-03   2.0617991e-01  -9.3551200e-04  -1.3126615e-03   4.9768318e-04   1.0704916e-01  -2.8791819e-01  -2.6804217e-01
   4.7557728e-02   5.0703446e-03   1.0387868e-02  -1.6240163e-03  -2.2442276e-04   1.0983790e-03  -1.1832743e-01  -1.7449931e-01  -2.2634130e-01
   8.2483123e-03  -7.7914573e-03   1.7609250e-01  -1.0439216e-03  -1.0034639e-03   1.1733417e-03   1.0972012e+00   7.3224339e-01  -2.6966924e-01
   3.4475282e-02  -9.1823877e-02   8.7140178e-02  -2.8000363e-03  -1.7502847e-03   1.7767701e-03   1.2422640e+00   3.5267140e+00  -9.0577219e-03
   6.0420875e-02  -1.5902616e-01   2.0206462e-01  -3.9991335e-03  -7.4859311e-04   2.0913396e-03  -6.4090504e-01   3.8720486e+00  -7.4980455e-02
   2.8387887e-02  -7.5539396e-02   3.7409368e-01  -3.4713955e-03  -1.8965373e-03   2.1403645e-03  -3.0727679e-01   3.9162934e+00   2.5240252e-01
  -3.6866051e-03  -4.2690271e-02   3.6376625e-01  -2.7848867e-03  -2.1963186e-03   1.4793245e-03  -5.9142622e-02   2.0598966e-01  -4.3121728e-01
  -3.0224048e-04   5.8795360e-02   1.0162494e-01  -8.6518628e-04  -1.2501569e-03   1.3734146e-03  -1.6170857e-03  -4.2962295e-01  -3.5387205e-01
  -2.2275694e-02   4.9251183e-02   1.5425307e-01  -3.4102143e-04  -2.0438398e-03   1.0237572e-03   3.8842283e-03  -5.0207566e-01  -3.3319783e-01
  -2.7115953e-02   1.6693013e-02   6.2435774e-02   3.6128945e-04  -2.3733337e-03   8.4556666e-04  -2.5708554e-03  -5.8570608e-01  -3.4723234e-01
  -9.2458423e-03   3.6723378e-02   2.2736247e-03  -2.1740352e-04  -1.9808492e-03   8.2971815e-04  -1.0229479e-02  -5.8858671e-01  -3.3638276e-01
  -3.4343184e-02   5.4013475e-02   6.5423630e-02   1.0669629e-03  -2.3731301e-03   6.9499514e-04   1.1667088e-02  -5.4195068e-01  -3.8636822e-01
  -1.5387673e-02   4.4614960e-02   1.4391886e-02   8.2807228e-04  -1.8974941e-03   1.4321261e-03  -1.5287133e-02  -5.5635023e-01  -3.8586494e-01
  -3.1303037e-02   7.1656565e-02   6.7556314e-02   6.6467572e-05  -2.0638694e-03   1.0366929e-03   1.3860147e-01  -6.9480021e-01  -3.6352448e-01
  -1.9832902e-02   1.3426212e-02  -1.3162306e-01  -4.1701644e-04  -1.0933374e-03   8.2354322e-04   4.1139824e-02  -3.9756027e-01  -3.6855352e-01
  -4.5372347e-02   9.1494331e-02   1.8288191e-01   4.7826886e-04  -1.6497102e-03   8.2600510e-04  -3.3213989e-03  -3.6603040e-01  -3.6188650e-01
  -3.1779279e-02   2.9579598e-02   1.8651937e-01   4.4866805e-04  -1.9564693e-03   7.1330712e-04  -3.3203412e-02  -4.4931787e-01  -3.7072308e-01
  -2.1835317e-02   9.0845182e-03   8.1183799e-02   7.3296820e-04  -2.0012479e-03   9.3684184e-04  -1.6197102e-02  -4.2078077e-01  -3.5583490e-01
  -1.4720663e-02   6.6307314e-02   1.0091540e-01   7.0059889e-04  -1.3656025e-03   8.4028346e-04   3.3978543e-01  -7.0224698e-01  -4.4190810e-01
  -9.7267991e-03   1.6579243e-02   9.2841292e-02  -2.0124062e-04  -1.3876109e-03   1.0249442e-03   9.6574347e-02  -3.1543275e-01  -3.7651628e-01
  -1.3573940e-02   4.1266828e-02   1.2328779e-01  -1.0915736e-04  -1.2315122e-03   1.0987325e-03  -3.5891523e-02  -3.0002568e-01  -3.7599612e-01
  -2.7537194e-02   1.3663980e-02   6.0874193e-02   7.3722094e-04  -1.4988498e-03   1.0714139e-03  -2.0360104e-03  -3.0802274e-01  -3.9515739e-01
  -2.0898944e-02  -1.8736043e-02   4.2960880e-02   9.6007526e-04  -1.5117368e-03   7.1642805e-04  -9.0019758e-03  -2.9618783e-01  -3.7197739e-01
  -1.0560465e-02   6.2061793e-02   7.2953901e-02   3.5731085e-04  -1.1995660e-03   7.9467606e-04   5.4176166e-01  -7.8343710e-01  -4.5795017e-01
  -1.5079473e-02   4.0528881e-02  -3.5938503e-02   3.0232891e-04  -1.0227862e-03   4.3935004e-04   3.4525560e-01  -7.9882869e-01  -4.4753907e-01
  -1.4001601e-02   4.7009187e-02   8.9026464e-02   1.3623012e-03  -7.9943139e-04   3.3093899e-04  -9.2751094e-02  -8.4453887e-01  -4.1417035e-01
  -3.0532113e-02   1.0383652e-01   8.0304252e-02   9.7630080e-04  -1.0827718e-03   2.9139923e-04  -2.5178209e-02  -7.3535204e-01  -4.5203894e-01
  -2.8993192e-03   9.2495141e-03  -6.4336595e-02   3.7592411e-04  -1.2322391e-04   8.0010089e-04  -4.3316795e-02  -6.9637413e-01  -4.3751203e-01
  -3.1507960e-02   8.0689013e-02   3.5243481e-02   8.4573619e-04  -1.0820980e-03   1.1587224e-04  -9.5137451e-03  -6.2709839e-01  -4.1023092e-01
  -3.9077893e-02   5.3794599e-02  -2.6665946e-02   1.1231901e-03  -1.1314535e-03   4.1155493e-05  -1.0572127e-02  -6.4522824e-01  -4.4515609e-01
  -1.5665721e-02  -1.9383231e-02  -8.1976580e-02   1.0743954e-03  -6.8757935e-04   3.6829798e-04  -3.4707393e-02  -5.9930259e-01  -4.0093278e-01
  -3.2547825e-02   3.1476814e-02  -7.2977162e-02   1.5794959e-03  -1.1585008e-03  -6.5967124e-05   6.9126186e-01   7.4108692e-01  -4.4365471e-01
  -4.2620952e-02   1.2269090e-01  -5.8016226e-02   1.8598850e-03  -1.4183377e-03   3.0198924e-04  -8.2014637e-01   1.7255425e+00  -3.1092915e-01
  -2.9026975e-02   2.0661854e-02  -6.5741475e-02   1.3975492e-03  -1.3056886e-03   9.7918895e-05  -1.9606043e-02  -6.3104527e-01  -4.2523937e-01
  -2.2569786e-02   3.7664494e-02  -5.8653690e-02  -3.0904640e-04  -1.1794014e-03   1.0800064e-04   7.5560080e-02  -6.9601442e-01  -4.3813293e-01
  -2.4581428e-02   9.5231174e-02  -3.6774274e-04   1.0981161e-03  -6.8143732e-04   7.1612399e-04  -4.3786671e-02  -5.5831336e-01  -4.2315646e-01
  -3.7164707e-02   5.3632179e-02  -3.3193525e-02   1.6955459e-03  -9.8345861e-04   2.2410790e-04  -3.9388772e-02  -6.5174223e-01  -3.9763363e-01
  -3.3176582e-02   4.4299882e-02  -5.8717139e-02   1.4355968e-03  -8.5958019e-04   5.9424318e-04  -3.4282141e-02  -6.2635998e-01  -3.9849599e-01
  -3.1690357e-02   1.3994858e-02  -7.5639948e-02   1.3242385e-03  -7.9366968e-04   3.5680005e-04  -1.2483529e-02  -7.2700528e-01  -4.4638361e-01
  -2.6376336e-02   2.2428962e-02  -1.1226451e-01   2.3996442e-03  -8.7084309e-04   6.7939945e-04  -4.9257696e-03  -7.0019850e-01  -4.8277290e-01
  -2.8873277e-02   3.7727281e-02  -6.0114006e-02   1.8840703e-03  -8.2800323e-04   9.1591542e-04  -3.1762937e-02  -7.1581807e-01  -4.3656684e-01
  -2.0529836e-02   8.7785224e-02  -2.5846453e-02   1.5181522e-03  -1.0154346e-03   9.0694320e-04  -4.7930440e-02  -7.4494576e-01  -4.4119607e-01
  -4.8595414e-02   9.5413213e-02   5.7116081e-03   1.2821761e-03  -1.2367621e-03   4.9651901e-04  -3.0712970e-02  -7.9627608e-01  -4.4353811e-01
  -2.7637375e-02   7.9656092e-02  -3.5224443e-02   1.6110571e-03  -1.0634556e-03   7.1356597e-04  -7.0564372e-02  -8.0754941e-01  -4.7786673e-01
  -4.7558071e-02   4.6727832e-02  -5.9549854e-02   2.0001067e-03  -1.1931865e-03   5.2161393e-04  -1.0399390e-02  -7.5391105e-01  -4.9348140e-01
  -2.8719566e-02   3.7598103e-02  -7.0792686e-02   1.0073089e-03  -7.5986188e-04   2.4137118e-04  -2.3237257e-02  -7.6066582e-01  -5.0011740e-01
  -2.8189240e-02   9.0272787e-02   1.8697467e-02   7.8554521e-04  -1.0979001e-03   3.4281606e-04  -3.7220172e-02  -7.2640263e-01  -4.3322754e-01
  -4.6570675e-02   8.6208911e-02  -3.9779353e-02   1.7910298e-03  -1.2900627e-03   3.9720560e-04   3.2498522e-02  -8.3386014e-01  -4.2645054e-01
  -1.9180528e-02   7.6799750e-02  -7.1500727e-02   1.3650708e-03  -8.3862065e-04   7.6882856e-04  -1.3245118e-02  -6.2991955e-01  -4.2971748e-01
  -2.0990676e-02   3.1494788e-02  -3.0591955e-02   9.3601806e-04  -1.1485926e-03   1.5938612e-04  -3.9455698e-02  -7.2092371e-01  -4.2386384e-01
  -2.3953737e-02   6.4994585e-02  -3.3312644e-02   1.6297979e-03  -7.4195893e-04  -4.9184558e-05   2.6392777e-01  -8.7513965e-01  -4.6918708e-01
  -4.4781615e-02   3.7108520e-02  -3.8975236e-02   1.6319953e-03  -9.1836286e-04  -2.6998305e-04  -1.6882529e-02  -7.4477422e-01  -4.3586956e-01
  -4.3628110e-02   6.2696501e-02  -6.7255693e-02   2.2519898e-03  -7.7667457e-04   5.4551940e-04  -1.6904766e-02  -7.2159070e-01  -4.5241100e-01
  -2.5968680e-02   4.5031343e-02  -1.1619863e-01   1.8857706e-03  -6.6698405e-04   3.3057780e-04   9.9835185e-02  -1.2867466e-01  -3.3720961e-01
