   0.0000000e+00   0.0000000e+00   0.0000000e+00   0.0000000e+00   0.0000000e+00  -0.0000000e+00   2.6956067e-02   3.8115178e-01  -2.9178597e-01
  -2.1700613e-02   4.8115656e-02   9.0021503e-02   7.7502911e-04  -1.8662297e-05   6.6610081e-05   1.4070307e-02   3.2126828e-01  -2.5493209e-01
  -2.7531793e-02   6.8729339e-02   1.3907785e-01   1.2274413e-03   3.3651638e-04   2.0923769e-04  -2.5525296e-03   3.7804126e-01  -2.4679178e-01
  -3.5177206e-02   6.6968382e-03   5.3663584e-02   1.7720402e-03   4.4634581e-05  -1.1656850e-04   1.0221272e-02   3.0238701e-01  -2.5506918e-01
  -1.4768642e-02   3.3508009e-02   1.2551829e-01   1.1016984e-03   2.1857241e-04   3.6783197e-05   6.1454651e-02   2.5713736e-01  -4.1632744e-01
  -1.9120303e-02   7.3759301e-02   1.5116629e-01   8.2405294e-04   1.0977853e-04  -2.0899667e-04   6.0196367e-02   2.7442719e-01  -4.2635829e-01
  -7.7213469e-03   5.0206123e-02   1.2425447e-01   6.4963717e-04   4.7729475e-05  -1.1212651e-04   3.2410490e-02   2.4484461e-01  -4.3701231e-01
  -1.5535702e-02   1.0706948e-01   1.4656210e-01   1.2766180e-03   3.1880819e-04   3.5490287e-05   2.4653982e-01  -1.8347529e-02  -4.3376737e-01
  -1.3989509e-02   6.3093781e-02   1.5071915e-01   4.3976036e-04  -6.5056586e-05  -4.0612723e-04   2.0651105e-02   2.1501006e-01  -3.6443333e-01
   2.1690509e-02   4.6299222e-02   8.7352917e-02   6.5631548e-04   7.6925417e-04   2.9838842e-04   8.2683542e-03   1.5932082e-01  -3.7302478e-01
  -2.2929485e-02   4.6415276e-02   7.4087724e-02   1.3394719e-03   4.8672937e-04  -2.8141844e-04   4.9267894e-02   2.2409823e-01  -3.6688576e-01
  -2.6755705e-02   1.5509245e-02   9.1974443e-02   9.9648198e-04   2.8025848e-04  -5.4652494e-04   6.2041974e-02   1.9057853e-01  -3.9230075e-01
  -2.4553341e-02   5.7275528e-02   1.0176980e-01   1.3230047e-03   7.3479178e-04  -1.2211696e-04   6.2916887e-02   2.3809120e-01  -4.0089242e-01
  -3.3799651e-02  -1.4622595e-02  -1.3407028e-04   1.8318928e-03   5.0491553e-04  -3.8533644e-04   8.3895892e-02   1.9447388e-01  -3.9845740e-01
  -3.2362224e-02   7.0174089e-02   1.1822948e-01   8.1176497e-04   8.9450173e-04  -5.4413175e-04   4.8779069e-02   2.1606363e-01  -3.5579730e-01
  -2.6325225e-02  -1.7163596e-02  -9.2780128e-02   1.5177602e-03   1.4806719e-03  -5.0474275e-04   3.6889663e-02   2.2776718e-01  -3.3471960e-01
  -2.3853321e-02  -1.3725012e-02  -9.9754473e-03   1.8240764e-03   1.2196062e-03  -5.1891817e-04   4.0948480e-02   2.2487146e-01  -3.4543245e-01
  -4.1577907e-02   4.1456483e-02   1.2751364e-01   4.5178017e-04   6.0176417e-04  -1.6804141e-04   1.2474269e-02   3.9573112e-01  -2.7568909e-01
  -2.1791789e-03   4.6440432e-02   1.6851971e-01   3.4957554e-04   9.3193449e-04   5.1460910e-05  -8.7727348e-04   3.7292350e-01  -2.9301252e-01
  -1.1549423e-02   8.9480067e-02   2.6189197e-01   7.1911562e-04   2.6921228e-04  -1.4615053e-04   5.7049853e-04   3.2824100e-01  -2.9227958e-01
  -1.2558052e-02   1.7075546e-02   1.2013692e-01   7.1601617e-04   3.0340350e-04  -3.8749350e-04   1.1303568e-02   2.9587994e-01  -3.1704812e-01
  -1.5191093e-02  -5.6204510e-02   5.9805255e-02   7.5497711e-04   5.8281475e-05  -8.2770225e-04  -7.7888378e-03   2.5247358e-01  -3.4943032e-01
  -2.6898320e-02   1.5863518e-02   3.9062641e-02   9.1416630e-04   3.1920623e-04   2.3073823e-05   4.7639660e-02   2.8781074e-01  -3.2882447e-01
  -2.7796812e-02  -8.9584020e-02  -7.2515226e-02   3.0155329e-04  -6.8211039e-04  -8.5021238e-04   2.0518224e-02   3.0358261e-01  -3.1652247e-01
  -6.5245098e-03   6.5384038e-02   3.5484005e-02   7.2904180e-04   1.5727881e-04   2.3801576e-04  -1.7311496e-02   3.8587185e-01  -3.0415191e-01
  -8.8142183e-03   6.7016277e-02   1.1468838e-01   9.5216001e-04  -3.2826614e-04   1.4245524e-04   2.3635276e-01  -9.4514051e-03  -3.9850288e-01
  -1.3954149e-02   6.6023598e-02   1.1044468e-01   8.3517182e-05  -5.6778336e-04  -1.2373997e-04   2.7291828e-02   1.7601204e-01  -3.4028026e-01
  -3.8657868e-03   1.0921654e-01   8.3849973e-02   1.1890544e-03  -1.1034021e-04   2.8910207e-04   3.3103470e-01  -1.5550772e-01  -4.3753269e-01
  -2.7306726e-02   6.9543214e-02   1.8385020e-01   1.6706122e-04  -3.4656584e-04  -3.3463068e-04  -1.1443472e-02   3.0866709e-01  -3.4801327e-01
  -4.7150627e-03   6.4170290e-02   1.9173375e-01   8.3256028e-05  -5.3840667e-04   2.4583335e-05   2.0115831e-01   7.4695293e-02  -3.6313562e-01
  -1.5248685e-02   5.5295913e-02   1.6724515e-01   1.8346187e-04  -6.4128157e-04  -1.7051508e-05   1.0358868e-03   2.0528474e-01  -3.2173672e-01
  -3.2988537e-02  -5.0367058e-03   1.1158063e-01   4.3504676e-04  -6.0678752e-04  -3.7431016e-04   2.7136611e-02   2.7944968e-01  -3.0803455e-01
  -4.2071017e-02   2.7115950e-02   7.4152150e-02   1.2538954e-03  -4.5010853e-04  -6.4046025e-04   2.5349429e-02   2.8648132e-01  -3.0143748e-01
  -3.2358480e-02   4.9388235e-02   1.2562009e-01   1.0983026e-03  -1.4929282e-04  -3.9364646e-04   6.2116131e-03   3.4110685e-01  -3.7048074e-01
  -2.2860466e-02   9.2523160e-02   1.9716598e-01   7.6976821e-04  -6.9992705e-04  -3.3408357e-04   4.3294009e-03   3.8532421e-01  -3.8169587e-01
  -1.0276481e-02   7.5728895e-02   1.6318987e-01   3.0203351e-04  -4.7904810e-04  -1.0147441e-04   3.2034511e-02   3.8062924e-01  -3.6116005e-01
  -2.2130269e-02   8.3517923e-02   1.6482895e-01   4.3797950e-04  -6.2528931e-04  -2.2434828e-04  -2.3981344e-03   3.4663004e-01  -3.7919466e-01
  -1.3376416e-02   6.8974874e-02   1.3017093e-01   2.2991912e-04  -5.2320278e-04  -8.8376855e-05   3.6264888e-02   2.5970545e-01  -3.5702912e-01
  -3.4249578e-02   6.5766011e-02   1.6030873e-01   5.5499210e-04  -6.3020858e-04  -5.4967496e-04   1.9838615e-02   3.5557457e-01  -3.6720405e-01
  -2.7113211e-02   3.3586909e-02   1.4946123e-01  -1.7285789e-04  -9.7908476e-04  -5.5667476e-04   2.4947005e-02   3.2099015e-01  -3.4962403e-01
  -2.8064955e-02  -7.0912273e-02   3.7086169e-02   5.0353881e-04  -8.2425148e-04  -1.2069845e-03   3.4592618e-02   3.7158675e-01  -3.1088830e-01
  -1.8178261e-02  -1.1089403e-01  -4.3215251e-02   3.6631621e-04  -5.8306888e-04  -7.7342769e-04   2.2052776e-02   3.5284858e-01  -3.2078079e-01
  -3.7995900e-02  -7.9382688e-03   3.4868345e-02   1.0686642e-03  -3.4446740e-05  -1.0225142e-03   3.4777468e-02   4.1711007e-01  -2.7584600e-01
  -5.6471792e-03   3.0514768e-02   1.3190751e-01   3.9808806e-05   5.9794984e-05  -1.6974928e-04  -1.2215515e-02   3.2187995e-01  -2.9666034e-01
  -2.3480504e-02   6.7532811e-02   1.7086612e-01   4.3280738e-04  -4.1711723e-04   1.3863464e-04   2.3777273e-02   2.6237671e-01  -3.3753318e-01
  -2.7019410e-02  -2.7549393e-02   1.1383093e-01  -3.9308236e-04  -7.6234693e-04  -3.2469032e-04   2.0190664e-02   2.9295116e-01  -3.4308996e-01
  -2.6883717e-02   7.6660861e-03   1.1093579e-01   4.8207718e-04  -3.3435529e-04  -5.1389683e-04   1.2112869e-02   2.3676575e-01  -3.4422449e-01
  -4.0596493e-02   2.0877212e-02   1.1147992e-01   7.7053285e-04  -3.1851118e-04  -2.4309337e-04   3.0527522e-02   2.5972858e-01  -3.3169776e-01
  -5.4210225e-03   1.1790020e-02   4.5689473e-02   1.2652839e-04   3.4654910e-04   3.3356176e-04   1.7749704e-01   6.4433402e-02  -3.8937191e-01
  -6.0161453e-03   4.9162853e-02   1.4684035e-01   1.2760537e-04  -2.0409824e-04   4.0283207e-04  -9.4732644e-03   3.8325104e-01  -3.4792008e-01
  -1.4410948e-02   6.6647562e-02   1.4973301e-01   4.9779631e-04  -4.2778136e-04   2.0207216e-04   1.7868185e-01   9.8413656e-02  -3.4965747e-01
  -3.5339508e-02   1.0127026e-01   1.9724021e-01   1.1485553e-03  -2.3559130e-04   2.6327138e-04  -9.7677891e-03   3.3380190e-01  -2.7260297e-01
  -1.5055815e-02  -9.6214745e-03  -1.4248242e-02   1.1759974e-03   1.8213632e-05  -1.4841279e-04   2.2687054e-01   7.1682424e-02  -3.4676102e-01
  -3.1142648e-02   3.8015087e-02   8.1983466e-02   6.2493285e-04   8.1866201e-04   2.1403097e-04  -2.3069251e-02   3.6894316e-01  -3.1646328e-01
  -2.7894057e-02   2.9956352e-02   1.7909693e-01   5.7113536e-04   6.0862095e-04   7.7933539e-05   3.8072297e-01  -6.5869897e-03  -3.9238663e-01
  -1.9311875e-02  -8.3582842e-02   1.8613331e-02   4.2427315e-04   5.1816823e-04  -2.3266585e-04   4.8571192e-02   4.1241002e-01  -3.9449523e-01
  -1.6707846e-02  -2.5280544e-02   3.5732516e-02   6.0376247e-04   8.4054496e-04   3.5653407e-04   1.8988031e-01   3.3020893e-01  -4.2308943e-01
  -1.7568630e-02   5.3612633e-02   1.3130579e-01   7.7955084e-04   7.1408268e-04   3.0060863e-04   4.8031662e-01  -1.2624080e-01  -5.3286384e-01
  -1.7798711e-02   3.8268693e-02   1.6696311e-01  -4.3006383e-05   6.0667396e-04  -1.0989787e-05   2.5161020e-01   2.1254767e-01  -4.5173619e-01
   7.4460957e-03   1.3051003e-02   1.0703831e-01  -2.3938654e-04   9.6626432e-04   1.8547624e-04  -9.1019533e-03   4.2891689e-01  -4.1389778e-01
  -2.3446760e-02   6.7278012e-02   1.3419836e-01   5.7338177e-04   7.0849154e-04   9.0288111e-05   4.3537765e-02   5.5046962e-01  -4.0980395e-01
  -3.1166953e-02  -1.9407834e-02   1.1405419e-01   4.9104947e-04   3.4177727e-04  -4.2904893e-04   2.0003168e-02   5.4516430e-01  -3.9834152e-01
  -1.0648993e-03  -5.0891998e-02   6.9874491e-02  -2.6137893e-05   9.4280459e-04   1.5860002e-04  -6.4789430e-03   5.4651975e-01  -3.7125937e-01
   6.2218754e-03  -3.2305266e-02   7.9629916e-02  -5.4109200e-04   9.3685460e-04   1.0614853e-04  -1.6481141e-02   4.9270304e-01  -2.9019784e-01
  -2.0859012e-02   5.3283220e-02   1.9940166e-01   6.0870250e-04   6.9718675e-04  -7.9839471e-05   1.5503698e-02   6.0015084e-01  -2.9381060e-01
  -2.8236872e-02  -4.4397160e-02   1.7061529e-01  -2.1315898e-04  -3.3477199e-04   1.4171356e-04   4.1824344e-03   4.4363401e-01  -2.9463730e-01
  -1.0328880e-03   4.2407413e-02   1.7223463e-01   5.8639368e-04   7.0362562e-04  -4.1340052e-04   1.0682719e+00   2.1714468e+00  -2.1198178e-01
   2.2373872e-02  -9.7729352e-02   6.0289056e-02  -8.7072351e-04   2.0756255e-04   6.4923454e-04  -1.8319904e-01   3.0688290e+00  -1.2459656e-01
   9.8471029e-02  -6.8491239e-02   2.0134306e-01  -2.2701980e-03   1.6360540e-03   1.3560211e-03   1.5288498e+00   4.3198434e+00   1.9379278e-01
   5.6011153e-02  -9.1949618e-03   4.3056544e-01  -1.5692962e-03   9.3248223e-04   5.8273437e-04   6.2981549e-01   4.3092002e+00   3.3411223e-01
   3.7866747e-02  -4.7633695e-02   3.4832376e-01  -1.6181080e-03  -8.8395129e-04   7.8572926e-04   6.0704259e-01   3.2534067e+00  -1.2402941e-01
  -9.7617965e-03  -1.1600157e-01   3.5116013e-01  -1.6546350e-03  -1.0653270e-03  -1.3406039e-03   6.2076562e-01   2.3314860e+00  -2.8545007e-01
   1.9253608e-02  -8.3781437e-02   3.1290113e-01  -1.6962207e-03   1.0012286e-04   2.4046796e-04  -8.1055661e-02   9.0507918e-01  -2.9872628e-01
   1.4540629e-02  -6.7959219e-02   2.0189273e-01  -8.3078529e-04   5.7943310e-04  -3.8407543e-04  -1.0799491e-01   1.0767080e+00  -2.7947521e-01
   5.3540353e-02   6.1318242e-03   2.8117797e-01  -2.1329653e-04   5.1135957e-04   3.9144343e-04  -1.9264288e-01   1.1586122e+00  -2.6768361e-01
   2.0771468e-02  -1.2805512e-01   3.5205396e-02   7.7687229e-04   3.4886940e-04  -4.9851869e-04  -9.5465964e-02   8.6692895e-01  -2.7609033e-01
   4.0043318e-02   6.3817909e-03   2.4397927e-01  -7.8854924e-05   1.0235115e-03   8.1132611e-05  -1.4541581e-01   9.3291697e-01  -3.0003244e-01
   4.4248506e-02  -1.1028908e-01   1.5970549e-01   1.1311208e-03  -5.2617907e-04  -4.5921058e-04   1.4314179e-01   6.8794173e-01  -3.5683583e-01
  -1.0298469e-02  -8.5657617e-02   2.1424585e-01  -7.0300989e-04  -1.6865223e-03   6.1921171e-05   1.2999682e+00   1.8472757e+00  -2.9177752e-01
   3.4153996e-03  -4.1209639e-02   3.4311715e-01   1.3665694e-03   1.0788262e-04   1.3704998e-03   1.4802719e-01   1.2902847e+00  -3.6233860e-01
  -2.4555953e-02  -3.8468176e-02   1.8082333e-01  -5.5769559e-04  -1.1916412e-03   9.6721890e-04   4.2338604e-01   8.4969941e-01  -3.6906745e-01
  -2.6050954e-02  -5.9243331e-02   2.2580186e-01  -8.1136139e-04  -1.4451943e-03   9.9849259e-04  -4.5889739e-02   1.2933058e+00  -2.4655011e-01
  -3.2294526e-02  -4.0720960e-02   2.8919321e-01   1.9219514e-04  -9.6706839e-04   6.8001955e-04   7.2674951e-02   7.8644127e-01  -2.6595520e-01
  -3.9230743e-02  -5.5852716e-02   1.9026842e-01  -1.9709339e-04  -8.8919094e-04   4.3611297e-04   7.5483896e-02   8.0867943e-01  -2.6189849e-01
  -3.8232094e-02  -1.6931543e-02   1.2772671e-01   5.9319709e-04  -5.6805092e-04   6.4742945e-04   5.3055592e-02   8.6620695e-01  -2.5049810e-01
  -3.5132121e-02  -5.0770772e-04   2.4425578e-01   3.9181742e-05  -9.0948857e-04   7.1995999e-04   1.0064152e-01   7.8278973e-01  -2.3341417e-01
  -1.4972363e-02   3.6234118e-03   2.1025549e-01   2.5192693e-04  -4.8100890e-04   9.3043435e-04  -6.4497388e-04   7.6812874e-01  -2.5424533e-01
  -2.8999014e-02  -1.2932684e-01   2.0124097e-01  -4.3594712e-04  -5.2869066e-04   2.3370139e-04   4.6240372e-02   7.9709113e-01  -2.5791098e-01
  -2.8292040e-02  -1.0112967e-01   1.5566710e-01   6.6858763e-04  -4.2783275e-04  -2.3781986e-05   8.0782413e-02   7.0520101e-01  -3.1460502e-01
   8.7767848e-03  -1.1708836e-01   7.6349897e-03  -4.1512403e-04  -2.9809588e-04   1.1487775e-04   2.5718354e-03   9.7637544e-01  -2.5955258e-01
   5.2634756e-02  -6.2218826e-02   2.7824817e-01  -7.5481017e-04   1.2481267e-04   9.0199858e-04  -5.6066767e-03   9.2233042e-01  -3.0208769e-01
   1.3889867e-02  -7.2431365e-03   4.5311073e-01  -4.2595237e-04  -5.3555284e-04   6.8907408e-04   2.7463366e-02   8.7527026e-01  -3.6719364e-01
   2.5020964e-02  -5.0877761e-03   3.3672382e-01  -9.0043934e-04  -7.5128691e-04   6.4107506e-04   1.3614713e-02   8.6357358e-01  -2.6352388e-01
   1.0031089e-02  -5.9274571e-02   3.5501769e-01  -9.1282141e-04  -5.0252626e-04   1.8998614e-05   1.4241979e-01   6.4054590e-01  -3.0154321e-01
   2.9107696e-02  -5.7532297e-03   2.9887049e-01  -2.0497229e-03   2.1759141e-04   4.1748361e-04  -3.7378610e-02   7.5461244e-01  -2.1416630e-01
   1.7301325e-02  -3.6527438e-02   2.3213773e-01  -1.4269563e-03   8.5089320e-04   1.7133880e-04  -2.5186725e-03   1.0394493e+00  -2.6201166e-01
  -5.1318236e-04  -7.6236288e-02   4.8161769e-01  -1.1297956e-03  -1.2762525e-03   9.6765265e-05  -2.9051717e-02   1.1084666e+00  -2.0048386e-01
   1.0795197e-02  -9.2472148e-02   2.4248568e-01  -3.7876601e-04  -1.6797504e-03   1.6686060e-04   1.3192370e-02   9.9997381e-01  -2.7424575e-01
  -1.6483844e-03  -1.5032537e-01   3.3116910e-01  -1.9239667e-03  -1.8566597e-03  -6.7733925e-04   1.8994523e-01   9.3581397e-01  -3.0147986e-01
   1.9722608e-02  -1.6092638e-01   1.6308915e-01  -2.5304002e-03  -1.2130021e-03   6.0480569e-05   2.1357371e-01   1.0012820e+00  -2.8249118e-01
   1.9643597e-02  -4.1963408e-02   5.5888261e-01  -1.5240023e-04  -1.0107359e-03   9.4284393e-04   9.5638688e-02   1.5186030e+00  -2.3867810e-01
   1.3312943e-02  -1.2157642e-01   2.0348502e-01  -1.4902419e-03  -3.1532256e-04   1.5404625e-04   4.9614996e-02   1.1239074e+00  -2.5615631e-01
   2.5284559e-02  -2.3755024e-02   2.1963373e-01  -6.3701616e-04   1.0884753e-03   7.5213407e-04   9.2672724e-03   9.4973690e-01  -3.0857704e-01
  -7.2804941e-03  -8.3887795e-02   4.3837241e-01  -9.9814297e-04  -6.7259484e-04   3.8449468e-05   7.3779287e-02   8.7379658e-01  -3.0776283e-01
  -2.5298908e-02  -1.2740544e-02   2.8693352e-01   2.2763232e-05  -1.4466614e-03  -7.6418195e-05   5.2145704e-02   7.6243355e-01  -3.0265112e-01
  -1.9213969e-02  -8.7119803e-02   1.1848177e-01   5.0121197e-04  -1.2411315e-03  -4.0689788e-04   5.5430655e-02   7.7909626e-01  -2.8128196e-01
  -1.5625853e-02  -3.8853058e-02   1.4523711e-01   4.9847137e-04  -7.4918398e-04  -2.7011907e-04   3.3590873e-02   7.7185536e-01  -2.6408027e-01
   1.0789256e-02  -3.2316489e-02   1.5895775e-01  -3.7662585e-04  -5.1368974e-04   4.7946963e-04   3.1252460e-02   7.2113597e-01  -3.1171197e-01
  -1.2309274e-02   2.5735971e-02   2.2258930e-01  -4.9195440e-05  -1.0569636e-03   5.6558993e-04   4.5756346e-02   6.7858130e-01  -3.2088325e-01
  -3.8040365e-02  -7.7691078e-02   2.0021645e-01  -7.6169238e-05  -1.8748974e-03  -6.3454523e-04   5.5633683e-02   6.5447429e-01  -3.1728412e-01
  -1.3420225e-02  -7.5639027e-02   1.4093344e-01  -1.2171961e-03  -1.2557711e-03   1.0487367e-04   6.7686232e-02   8.7902119e-01  -2.7978490e-01
  -1.3527654e-02  -4.6895690e-02   2.1376229e-01  -1.1963900e-03  -4.8943461e-06   7.4336247e-05   7.0902709e-02   7.7148467e-01  -2.8811452e-01
  -2.6261008e-02   5.7422326e-02   4.5623072e-01   5.2707022e-04  -2.2086451e-04  -5.3467814e-05   2.3473133e-01   3.4087543e-01  -3.5955769e-01
  -3.2988456e-02   3.7931158e-02   2.7106162e-01   4.5541478e-04  -8.5731960e-04  -3.9973795e-04   5.9899062e-02   4.9825710e-01  -3.1725043e-01
  -3.4873295e-02  -4.1075712e-02   1.4247973e-01   1.1712461e-03  -1.1919917e-03  -7.1342454e-04   7.7876859e-02   5.7941228e-01  -2.9922602e-01
  -2.9297198e-02   9.3244425e-03   1.2003238e-01   8.8282293e-04  -3.9742984e-04  -5.5191466e-04   8.1822813e-03   5.4243674e-01  -2.2580571e-01
  -1.2601727e-02   1.1792753e-02   1.0537637e-01   7.2068431e-04   3.9333599e-04  -4.3587459e-04   2.1986294e-02   5.8523330e-01  -2.5219017e-01
  -1.2491075e-02  -2.3149386e-03   1.5034104e-01   5.2632619e-04   2.2118806e-04   8.5686684e-05   5.3768268e-02   6.6464002e-01  -2.5614309e-01
  -2.7355765e-02   2.8889649e-02   1.7841851e-01   8.1744539e-04  -2.5503110e-04  -3.0133445e-04   6.9319976e-02   6.2095816e-01  -2.8451545e-01
  -1.6746065e-02   1.9169409e-02   1.8937470e-01   4.1338373e-04  -4.1324959e-04  -3.0387623e-04   6.1100285e-02   5.6601023e-01  -3.1741304e-01
  -2.5133256e-02   4.2130576e-02   1.7456225e-01   6.4016380e-05  -3.5587670e-04  -2.4132866e-04   6.0630985e-02   6.0228090e-01  -2.7784936e-01
  -3.8061086e-02  -3.9203945e-02   1.9669583e-01  -1.0260652e-04  -1.1374300e-03  -2.5153961e-04   6.7350993e-02   6.0219732e-01  -3.1856981e-01
  -1.5389766e-02  -3.1771087e-03   1.5487369e-01   1.9038406e-04  -6.5452155e-05  -7.0979100e-05   3.2624999e-01   2.0907168e-01  -3.5562439e-01
  -1.5484127e-02   3.6921745e-02   2.0339809e-01   1.6943262e-03   6.4045372e-04  -1.0445113e-04   5.6189877e-02   4.5005768e-01  -3.0447230e-01
  -1.2403603e-02   4.1562288e-03   6.2434362e-02   1.9440964e-03   8.2969398e-04  -1.9820027e-04   7.3779287e-02   5.7044676e-01  -3.0092933e-01
   1.0305419e-03   2.2331169e-02   7.5716284e-02   1.1566897e-03   1.1461843e-03  -1.0584490e-04   4.6202455e-02   5.6325537e-01  -3.2075336e-01
  -2.3036648e-02   7.5524372e-04   1.0614900e-01   7.5553854e-04   5.0880966e-04  -2.0273341e-04   3.2939056e-01   2.4497879e-01  -3.6820060e-01
  -2.2480869e-02  -6.7004905e-02   1.7718854e-02   3.2586513e-04   3.1870598e-04  -5.4328310e-04   3.5787677e-02   4.7628634e-01  -2.8849813e-01
  -2.8722670e-02  -6.2525236e-03   5.5254159e-02   1.1083963e-03   7.0837609e-04  -5.0778297e-04   7.5672972e-02   5.0490817e-01  -2.9420788e-01
  -2.7589815e-02   5.4758489e-03   2.1852762e-01   1.0550491e-03   2.1101991e-04  -3.1295250e-04   2.3504230e-02   5.7558866e-01  -2.6689631e-01
   1.6935479e-02  -1.4619225e-02   1.3555623e-01   1.1605060e-03   9.6930852e-04   2.7746388e-04   1.8144475e-02   5.8612027e-01  -2.7677382e-01
  -2.2193088e-02   3.3026211e-02   1.7794288e-01   1.0048652e-03   5.3395228e-04  -3.1351708e-04   2.0850830e-02   5.3996393e-01  -2.8188528e-01
  -8.7146125e-03  -3.1883214e-02   1.3750540e-01   4.4508485e-04   3.4328615e-04  -3.9938227e-04   3.4659494e-02   5.5492966e-01  -2.8758150e-01
  -2.2076045e-02   9.2245811e-03   1.4459984e-01   1.0786635e-03  -1.0870710e-04  -2.3291164e-04   6.2882208e-02   5.2164924e-01  -3.3526684e-01
  -3.4712752e-02  -6.5996400e-02   1.1672635e-01   4.5750889e-04  -6.0223862e-05  -9.0960989e-04   6.8912581e-02   5.2015380e-01  -3.6428132e-01
  -3.9438630e-02   5.7198608e-02   1.2391795e-01   1.4069641e-03  -3.0701747e-04  -8.5094187e-05   1.9755147e-01   2.9227976e-01  -3.9098431e-01
  -2.4129760e-03  -1.0819562e-03   1.1337989e-01   7.0331974e-04   2.3036055e-04   8.5691696e-05   4.0460855e-02   5.5037467e-01  -2.9271736e-01
  -4.5506032e-02  -1.4961738e-02   1.4892261e-01   1.1711187e-03  -5.2060256e-04  -7.6875635e-04   1.0475053e-02   5.1826888e-01  -3.2037768e-01
  -2.3808282e-02   8.9003123e-03   1.9792633e-01   2.1633469e-04  -2.9034070e-04  -4.0163089e-04   8.9029711e-02   6.0425434e-01  -3.5531690e-01
  -4.3869232e-02  -7.8967390e-04   1.6355952e-01   1.0291729e-03  -3.7209223e-04  -5.6268124e-04   6.8920487e-02   5.7505066e-01  -3.0904950e-01
  -3.9388174e-02   1.3418032e-02   1.8560599e-01   1.1256324e-03  -3.4303902e-04  -5.2147129e-04   6.2396571e-02   5.4597760e-01  -3.2450063e-01
  -2.4542047e-02  -2.7012732e-02   4.8707851e-02   1.6731777e-03   8.0604577e-04  -4.6520585e-04   4.1332726e-02   5.3590828e-01  -2.8858524e-01
  -5.1873148e-02   1.3062251e-02   1.6402855e-01   2.0183772e-03   5.7359595e-04  -8.8458067e-04   8.2717022e-02   5.0409246e-01  -3.1590437e-01
  -4.8861389e-02  -6.5939971e-03   9.1521010e-02   1.6557226e-03   5.8740215e-04  -6.4904651e-04   8.4486584e-02   4.9146184e-01  -3.1977004e-01
  -4.7750293e-02  -9.1508285e-02  -1.1727136e-02   1.1709725e-03   8.9827627e-04  -1.5540854e-03   8.5268833e-02   4.2917499e-01  -3.5030495e-01
  -4.6858529e-02  -5.3639060e-02   2.1160396e-02   2.3789884e-03   9.3516495e-04  -1.4733654e-03   8.9971759e-02   4.5876343e-01  -3.4674342e-01
  -4.1283437e-02  -5.1020509e-02   4.3660875e-02   1.4524494e-03   8.2768299e-04  -1.3104462e-03   7.3343038e-02   4.0257045e-01  -3.5257441e-01
  -3.6346573e-02   2.3058035e-02   1.4313842e-01   8.2359966e-04   6.3314752e-04  -6.3743074e-04   9.9186547e-02   4.0894954e-01  -3.9249496e-01
  -5.1961347e-02   3.1963994e-02   8.1691487e-02   1.7846738e-03   4.9036202e-04  -4.3009590e-04   2.7195765e-01   1.6827080e-01  -4.4679148e-01
  -4.3809961e-02  -1.7954282e-02   9.5272987e-02   1.5741577e-03   2.7097074e-04  -4.7867269e-04   8.2799823e-02   3.4389198e-01  -3.8880361e-01
  -4.1877522e-02   1.4985115e-03   3.2940600e-02   1.8884533e-03   7.9523875e-04  -2.6003181e-04   3.7613049e-01   5.9809035e-02  -4.5424909e-01
  -4.7893901e-02   3.8861177e-02   1.2746626e-01   1.3176069e-03   6.1471192e-04  -4.8079583e-04   4.0439176e-01  -4.2333059e-02  -4.3182107e-01
  -8.0209866e-03   2.6453383e-02   9.0997848e-02   1.0648548e-03   1.0284896e-03  -1.3747653e-04   2.6206722e-02   3.1194246e-01  -3.8669941e-01
  -3.7942383e-02   5.3213737e-02   1.7270709e-01   9.3058795e-04   4.6115452e-04  -3.4887333e-04   9.9907922e-02   6.1459284e-01  -3.1528503e-01
