   0.0000000e+00   0.0000000e+00  -1.4210855e-14  -6.9387726e-19   5.4210109e-20   3.7615161e-38  -3.5738328e-02  -2.5658762e-02  -2.3642200e-01
  -4.7467574e-02   1.5260775e-02   1.7978657e-01   1.1723160e-04  -2.3316750e-04   1.9446963e-04   5.8695523e-02   1.1554382e-01  -2.0108489e-01
  -5.6151453e-02   3.9922356e-02   2.8286586e-01   7.4906742e-04  -1.1240584e-03   3.3112492e-04   2.2604105e-02  -8.3321341e-02  -2.2708307e-01
  -4.7000887e-02   2.3705745e-02   2.8205804e-01   9.5413781e-04  -1.1486864e-03   2.8722501e-04   3.0768910e-02  -1.1395055e-01  -2.3686942e-01
  -5.7816368e-02   7.1658045e-02   3.0907213e-01   6.7229116e-04  -1.7583708e-03   5.0349201e-04   6.1446236e-02  -1.9848479e-01  -4.0863698e-01
  -2.5798038e-02   6.4101893e-02   3.8677951e-01   8.6259590e-04  -1.0537623e-03   3.5507238e-04   4.9436785e-02  -3.3444480e-01  -3.7294117e-01
  -8.6971945e-03   5.8519012e-02   2.5536778e-01   6.2388434e-04  -7.7600102e-04  -2.6584075e-05   2.2630254e-02  -3.6348746e-01  -4.0958435e-01
  -1.9776918e-02   1.1695648e-01   1.5802955e-01   1.1296341e-03  -8.0055613e-04   5.1473422e-04   1.0156434e-02  -5.7498093e-01  -3.8894739e-01
  -3.0226503e-02   1.1018857e-01   2.8851903e-01   7.2944999e-04  -1.6410499e-03   2.9297241e-04   6.0198434e-03  -6.5549922e-01  -4.2707424e-01
  -4.5127709e-02   1.1403263e-01   1.8144761e-01   1.0905138e-03  -2.0582219e-03   4.6572608e-04   2.7689025e-02  -6.1278370e-01  -3.9967022e-01
  -7.5611645e-03   4.8552175e-02   5.8506305e-02   1.1628951e-03  -1.5119381e-03   4.7866553e-04   2.2536079e-02  -6.1770947e-01  -4.0647499e-01
  -2.9081269e-02   9.5547143e-02   1.3468854e-01   1.0086424e-03  -2.1702362e-03   6.5591321e-04  -5.9396111e-03  -6.8101752e-01  -4.2192917e-01
  -1.9495938e-02   1.0293055e-01   1.8229588e-01   8.9112067e-04  -1.9000786e-03   3.1191169e-04  -5.1025499e-03  -7.2982435e-01  -4.2674824e-01
  -1.9438674e-02   6.6288240e-02   1.2611810e-01   1.0679825e-03  -1.8467124e-03   1.5470780e-04  -2.2546768e-02  -6.6705267e-01  -4.0373860e-01
  -1.0755638e-02   1.0220959e-01   1.8504884e-01   7.1293151e-04  -1.6847059e-03   4.3524057e-04   2.2435688e-01  -6.5353222e-01  -3.7372982e-01
  -2.1294863e-02   7.6001806e-02   6.7585134e-02   1.4029066e-03  -1.8142190e-03   3.3501939e-04  -1.1745613e-02  -5.8474553e-01  -3.3014280e-01
  -5.9007594e-03   1.1159755e-01   2.2144587e-01   9.6418931e-04  -1.7868008e-03   5.8319151e-04  -4.3443054e-02  -5.4984988e-01  -3.5324118e-01
  -2.1109312e-02   8.3329293e-02   1.3708802e-01   1.1129362e-03  -1.7345181e-03   3.9955753e-04  -2.4945729e-02  -5.7638574e-01  -3.6500787e-01
  -1.6895643e-02   1.1138357e-01   2.1208318e-01   7.1084611e-04  -2.1137399e-03   4.6353092e-04   2.0130551e-01  -7.9284368e-01  -4.1135465e-01
   5.4677617e-03   1.0207595e-01   1.5891096e-01   7.5835849e-04  -1.6848474e-03   6.3575492e-04  -5.0636290e-02  -5.8736938e-01  -3.5449548e-01
  -2.0624064e-02   1.3498865e-01   1.4862137e-01   1.2313547e-03  -1.7379253e-03   4.5534831e-04  -4.7128621e-02  -6.8285400e-01  -3.7959005e-01
  -1.7445672e-02   1.2874582e-01   2.1707596e-01   1.0367767e-03  -2.1179467e-03   3.8203199e-04  -5.4583329e-02  -7.4108712e-01  -4.0604923e-01
  -3.5861284e-02   9.3551466e-02   8.8620400e-02   1.3304542e-03  -2.0230849e-03   2.2594931e-04  -3.5583850e-02  -6.2281035e-01  -4.1384885e-01
  -2.0357647e-02   3.5305352e-02   4.5799365e-02   1.0091900e-03  -2.0732362e-03   5.4319302e-05  -1.5595315e-02  -7.0212397e-01  -3.9655105e-01
  -3.4456754e-02   7.3167253e-02   6.9927925e-02   1.1124168e-03  -1.6664412e-03   2.1385955e-04  -2.4744522e-02  -6.4374171e-01  -4.0450761e-01
  -2.0204257e-02   8.6683963e-02   7.0883440e-02   1.1435919e-03  -2.0957819e-03   3.0098293e-04  -3.1742606e-02  -6.7717324e-01  -3.7747700e-01
  -3.5570188e-02   6.8087395e-02   6.9276960e-02   1.0434873e-03  -1.9139708e-03   1.5118933e-04  -1.1213523e-02  -6.9146060e-01  -3.6426557e-01
  -1.5678843e-02   1.0746907e-01   1.2812238e-01   9.1873622e-04  -1.6824276e-03   2.0542133e-04  -4.2188991e-02  -6.3163187e-01  -3.6947373e-01
  -3.5573861e-02   1.2088198e-01   1.8584757e-01   1.1230158e-03  -1.8040443e-03   2.1187440e-04  -2.4680969e-02  -7.0966520e-01  -3.6994176e-01
  -2.2010614e-02   1.3241713e-01   1.8013814e-01   9.3416523e-04  -2.1832523e-03   3.0594942e-04   2.8208187e-03  -6.6960427e-01  -4.0108302e-01
  -4.6933007e-02   1.2985606e-01   1.4953989e-01   1.1938973e-03  -2.7284684e-03   2.8158480e-04  -2.3338122e-02  -6.9103371e-01  -3.9616400e-01
  -4.8281520e-02   7.3053489e-02   3.6988638e-02   1.3071133e-03  -2.0744901e-03  -3.0701792e-05  -3.2738960e-02  -6.6537853e-01  -4.1539287e-01
  -2.5897781e-02   3.9300771e-02  -2.7103613e-02   1.0361448e-03  -2.5882766e-03   4.4585688e-04  -1.5715755e-02  -6.9261908e-01  -4.2427037e-01
  -4.2905239e-02   1.1548794e-01   1.3126399e-01   1.3330952e-03  -2.1166741e-03   7.8185153e-04  -7.6893971e-02  -6.2171325e-01  -4.1875989e-01
  -4.1460956e-02   1.1127397e-01   2.0325290e-01   1.3434261e-03  -2.4149695e-03   3.5276108e-04  -5.1853683e-02  -6.8372766e-01  -4.2574163e-01
  -3.8558378e-02   6.6408742e-02   1.4219531e-01   1.0029052e-03  -2.5578016e-03   4.3708971e-05   2.2102719e-01  -8.2820975e-01  -4.6261924e-01
  -3.6006510e-02   6.9178062e-02   8.2433900e-02   7.9446216e-04  -2.6318075e-03   7.0473259e-04  -4.0098672e-02  -6.3458412e-01  -3.3960074e-01
  -3.9535186e-02   7.7029318e-02   1.2989691e-01   1.0764342e-03  -2.2704622e-03   6.5262766e-05  -5.8622867e-02  -6.7821795e-01  -3.9723159e-01
  -2.7143712e-02   1.0297779e-01   1.3910646e-01   1.0748153e-03  -1.9618465e-03   5.6053517e-04   1.4675913e-01  -8.2276975e-01  -4.3194314e-01
  -4.9004030e-02   1.0903763e-01   2.1931997e-01   9.9900017e-04  -2.2663284e-03   2.8968126e-04  -6.1877906e-02  -6.8732273e-01  -3.8138554e-01
  -5.2388347e-02   1.1366193e-01   1.2113390e-01   1.3295836e-03  -2.4050412e-03   5.1712388e-04  -4.1385425e-02  -7.3356192e-01  -3.6907517e-01
  -6.2711499e-02   1.0405710e-01   1.1701411e-01   1.7230319e-03  -2.7966308e-03   3.8558300e-04  -2.0292619e-02  -6.8568638e-01  -3.8395388e-01
  -5.0933001e-02   8.8184289e-02   9.7514461e-02   1.2487931e-03  -2.1813553e-03   4.4462260e-04  -2.8085637e-02  -5.6592852e-01  -3.4518265e-01
  -5.5729540e-02   7.8920248e-02   1.9014895e-02   1.3137520e-03  -2.4425873e-03   2.9346968e-04   3.0620274e-01  -7.4419827e-01  -4.1010511e-01
  -6.4712366e-02   1.1910547e-01   3.2825250e-01   1.4015149e-03  -2.5102973e-03   1.4003738e-04  -5.9790513e-02  -6.4805163e-01  -3.4935457e-01
  -4.4997275e-02   6.8435652e-02   6.5964988e-02   1.4454707e-03  -2.3846498e-03  -4.4822182e-05  -7.1625994e-02  -6.2388055e-01  -3.6217902e-01
  -1.5749894e-02   9.8239792e-02   1.4145012e-01   1.0087896e-03  -1.7561162e-03   5.4250219e-04  -9.3203122e-02  -6.1657277e-01  -3.2537944e-01
  -4.7666839e-02   1.2297411e-01   1.3306258e-01   1.4806738e-03  -1.9383492e-03   2.7350704e-04  -9.5706530e-02  -6.4613273e-01  -3.1650069e-01
  -2.4299073e-02   4.7898280e-02   2.9913295e-02   1.2407617e-03  -2.2563166e-03   2.7135423e-04  -7.2162499e-02  -6.3029841e-01  -3.1132452e-01
  -4.5197013e-02   5.8593354e-02   1.2834303e-02   1.4446147e-03  -2.4445716e-03   3.3271246e-04  -7.4333944e-02  -5.5630730e-01  -3.3046112e-01
  -2.6552078e-02   1.2321693e-01   1.5945421e-01   1.1831003e-03  -1.7736381e-03   3.1689276e-04  -8.1565753e-02  -5.8977773e-01  -3.3960201e-01
  -1.8078443e-02   1.0733277e-01   2.1503328e-01   8.4775410e-04  -1.9689317e-03   1.7719673e-04  -7.2316829e-02  -5.8286418e-01  -3.4300226e-01
  -2.9481210e-02   1.2260497e-01   1.4987336e-01   1.2539371e-03  -1.8456086e-03   6.1066315e-04  -5.0154038e-02  -5.9271730e-01  -3.7667808e-01
  -4.5336571e-02   7.1673120e-02   8.3400594e-02   1.0432621e-03  -2.5721103e-03   4.5500393e-04  -6.4215071e-02  -5.6377228e-01  -3.9164303e-01
  -4.3718705e-02   4.5035193e-02   7.2054698e-02   8.6415143e-04  -2.2801124e-03   4.6385322e-04  -4.2147425e-02  -5.5809095e-01  -3.7579365e-01
  -2.0299808e-02   9.6704466e-02   1.3703245e-01   7.1379838e-04  -1.6477105e-03   7.2753086e-04  -7.8899814e-02  -5.8055126e-01  -3.2860646e-01
  -3.7863100e-02   1.2064510e-01   1.5411099e-01   1.2761370e-03  -1.8713297e-03   4.7231583e-04  -8.4033120e-02  -5.4088922e-01  -3.4491529e-01
  -3.9285348e-02   9.6612772e-02   2.4534797e-01   7.6690711e-04  -2.6050060e-03   5.7254573e-04  -5.6216560e-02  -5.3463368e-01  -3.5142657e-01
  -2.4991953e-02   1.0453186e-01   1.4947381e-01   9.7015208e-04  -1.8277611e-03   4.7312024e-04  -6.5184339e-02  -5.0987907e-01  -3.3370852e-01
  -3.7647199e-02   7.6715683e-02   8.8663670e-02   6.2967618e-04  -2.1864809e-03   3.3383106e-04  -1.9848812e-02  -5.4042395e-01  -3.1213479e-01
  -5.9720069e-02   1.2507479e-02  -1.3157218e-01   1.2449907e-03  -2.6553631e-03   4.8364060e-04   1.1383704e-01  -3.8272829e-01  -3.6542226e-01
  -2.3343131e-02   6.9546032e-02   2.3947974e-01   5.7687958e-04  -1.8409377e-03   6.6560658e-04  -7.5124754e-02  -2.8393815e-01  -2.9494672e-01
  -4.2681200e-02   9.5426335e-02   2.9556547e-01   1.2710455e-03  -1.9203768e-03   7.7490547e-04  -2.6772653e-02  -3.7203807e-01  -3.5614046e-01
  -2.2400300e-02   6.7710183e-02   1.6913873e-01   7.4669791e-04  -1.5752304e-03   5.3397083e-04  -5.0917337e-02  -4.4093362e-01  -3.1315853e-01
  -2.4172625e-02   7.0530617e-02   1.6078849e-01   1.0923239e-03  -1.3006285e-03   1.3413381e-04  -7.1490172e-02  -4.6667536e-01  -2.9769020e-01
  -2.4731431e-02   1.0389696e-01   1.8877536e-01   1.0173079e-03  -1.1370872e-03   6.2516292e-04  -6.3845480e-02  -5.1675161e-01  -3.5312170e-01
  -6.5902993e-03   9.7042959e-02   1.8018824e-01   1.0938973e-03  -1.0711072e-03   6.5684149e-04  -6.2624293e-02  -5.1693962e-01  -3.5152331e-01
  -3.6408053e-02   9.8760711e-02   1.8120816e-01   1.1510445e-03  -2.0471214e-03   4.4370210e-04  -3.5449704e-02  -4.5817568e-01  -3.9778766e-01
  -2.4352853e-02   8.6259292e-02   1.3381615e-01   1.1488517e-03  -1.9009992e-03   2.5076653e-04  -3.0268060e-02  -5.2307503e-01  -3.5455253e-01
  -1.0892672e-02   6.7307607e-02   1.3169387e-01   1.1495798e-03  -1.2533049e-03   2.4529393e-04  -4.6296737e-02  -4.8533339e-01  -3.9475155e-01
  -2.4360993e-02   1.0916829e-01   2.2206684e-01   1.0672369e-03  -1.4621634e-03   3.2232125e-04   1.1558860e-01  -6.4605276e-01  -4.6336264e-01
  -4.0481393e-02   5.5267770e-02   1.0931699e-01   6.9585706e-04  -2.5200126e-03   1.1061261e-04  -4.0778774e-02  -5.0831920e-01  -4.1403237e-01
  -2.9071143e-02   6.6180443e-02   1.3536743e-01   4.3056719e-04  -2.3953769e-03   3.4761369e-04   1.0785919e-01  -6.2673683e-01  -4.2646796e-01
   3.8664683e-03   7.6427379e-02   1.6379659e-01   2.2456337e-04  -1.3171352e-03   6.4868045e-04  -8.1878029e-02  -4.8076001e-01  -3.8092100e-01
  -1.6239563e-02   1.1050647e-01   2.3793350e-01   7.3478377e-04  -2.1529691e-03   5.6601457e-04  -9.3309197e-02  -4.4199458e-01  -4.2742341e-01
  -3.8093455e-02   9.6481792e-02   1.7728338e-01   9.4274150e-04  -2.3612942e-03   4.9230239e-04  -2.4135655e-02  -4.6431015e-01  -4.1618519e-01
  -5.4916964e-02   8.1354692e-02   1.5952908e-01   1.4711468e-03  -2.3446248e-03   1.4186279e-04  -1.7135011e-02  -4.3318443e-01  -4.2003760e-01
  -3.4008174e-02   9.3534481e-02   1.8294779e-01   1.1532373e-03  -2.0199750e-03   3.1076569e-04  -4.1466649e-02  -4.9200072e-01  -4.1507480e-01
  -6.1507290e-03   1.0725185e-01   2.2717900e-01   8.7454451e-04  -1.5890914e-03   4.5470938e-04   4.5932355e-01  -9.2938917e-01  -5.2843282e-01
  -2.6081034e-02   1.1896951e-01   2.1748674e-01   1.0874101e-03  -2.1715474e-03   3.7793218e-04  -6.4394333e-02  -5.4426671e-01  -4.4696096e-01
  -4.2641270e-02   1.0281410e-01   2.1022655e-01   8.1240837e-04  -2.6581934e-03   3.4918745e-04   2.7871370e-02  -8.2183218e-01  -4.9170179e-01
  -3.8157036e-02   2.0876271e-02   4.4219143e-02   6.8911816e-04  -2.7554359e-03   2.3310267e-05  -4.6664728e-02  -5.7126596e-01  -3.9961220e-01
  -3.3231327e-02   4.8527082e-02   3.2971340e-02   1.3833909e-03  -2.1792195e-03   1.0170793e-04  -4.2103263e-02  -5.1012482e-01  -3.9377841e-01
  -4.4415791e-02   1.0196082e-01   2.1679494e-01   8.2866999e-04  -2.5612976e-03   3.4365573e-04  -3.8590565e-02  -5.2791815e-01  -4.2909346e-01
  -1.7108008e-02   9.3689242e-02   1.9446856e-01   7.4793377e-04  -2.0024568e-03   3.5588493e-04  -4.6445199e-02  -5.1361377e-01  -3.3445550e-01
  -2.5938104e-02   6.0504903e-02   1.5113303e-01   9.0848979e-04  -1.9508606e-03   3.4628708e-04  -8.4646756e-02  -4.8986147e-01  -3.6105866e-01
  -3.1714696e-02   1.2715009e-01   1.2722571e-01   1.2060564e-03  -1.5364509e-03   3.7009860e-04  -7.0575140e-02  -6.0480364e-01  -3.3892487e-01
  -2.4058496e-02   1.1125079e-01   1.8869262e-01   1.0334984e-03  -1.7626271e-03   5.3670237e-04  -5.4960739e-02  -4.6022580e-01  -3.9824191e-01
  -3.2906795e-02   1.0571795e-01   2.7199540e-01   5.8630098e-04  -1.8045098e-03   3.2789991e-04  -6.8976704e-02  -4.5621210e-01  -3.3215881e-01
  -4.7795372e-02   7.9271432e-02   1.0267139e-01   1.1681714e-03  -1.8368223e-03   2.0176149e-04  -5.3481278e-02  -4.4786348e-01  -3.3426100e-01
  -3.1221939e-02   7.6856346e-02   1.1618239e-01   1.2811897e-03  -1.9462674e-03   1.9797633e-04  -5.8701627e-02  -5.1706788e-01  -3.7088860e-01
  -2.5432321e-02   1.0372644e-01   1.5394676e-01   9.8552569e-04  -1.7399095e-03   2.9787088e-04  -6.2687865e-02  -4.2840079e-01  -3.7121289e-01
  -2.2010666e-02   3.9767948e-02   8.8102999e-02   6.7369091e-04  -2.3166365e-03  -2.8691578e-05  -7.3941332e-02  -5.2482030e-01  -3.6070792e-01
  -3.9081640e-02   7.8686492e-02   6.8335973e-02   1.1124023e-03  -1.8637270e-03   3.8287619e-05  -7.2113373e-02  -5.1084887e-01  -3.3857634e-01
  -3.2804429e-02   5.7249537e-02   1.5181659e-01   7.5664477e-04  -2.0014641e-03   1.0867543e-05   1.7748285e-01  -6.9160639e-01  -4.1067240e-01
  -1.8846335e-02   9.8189544e-02   1.4553281e-01   8.9235854e-04  -1.4679059e-03   3.2184459e-04  -9.9416406e-02  -5.2631640e-01  -3.2410750e-01
  -1.8004678e-02   1.1478758e-01   2.0269568e-01   8.8451092e-04  -2.0466698e-03   3.7229736e-04  -8.2710257e-02  -4.6920587e-01  -3.5994737e-01
  -4.4116473e-02   3.5215006e-02   1.0889287e-01   8.1480260e-04  -3.3417569e-03   3.3787995e-04  -5.4919107e-02  -4.5352554e-01  -3.4586725e-01
  -3.3036552e-02   6.3980016e-02   1.1571976e-01   9.0755620e-04  -2.2251791e-03  -1.0127882e-04  -8.3662449e-02  -4.5035063e-01  -3.0730871e-01
  -4.3413593e-02   1.1604192e-01   1.5592635e-01   1.3337400e-03  -1.9620807e-03   2.5150435e-04  -8.1541495e-02  -5.0845236e-01  -3.2281270e-01
  -3.7920877e-02   4.3191384e-02   6.5621939e-02   1.3793481e-03  -2.3602855e-03   2.5452892e-04  -5.4150154e-02  -4.8025409e-01  -3.5570888e-01
  -1.4225165e-02   9.6430839e-02   2.5228835e-01   9.9814161e-04  -1.4653228e-03   4.5920655e-04  -9.1255134e-02  -4.6337745e-01  -3.6922447e-01
  -4.4239131e-02   1.0146660e-01   2.1932955e-01   8.2515527e-04  -2.3447294e-03   3.8567425e-04   1.1107965e-01  -6.5931418e-01  -4.0365190e-01
  -4.6589641e-02   7.8317038e-02   9.0290788e-02   1.0182697e-03  -1.8129617e-03   6.7204917e-04  -9.6103716e-03  -2.9732121e-01  -2.9045320e-01
  -5.1691358e-02   5.7826852e-02   1.3077525e-01   9.7237086e-04  -1.6036779e-03   2.6092399e-04   5.5289653e-02  -3.1743165e-01  -3.7808178e-01
  -8.0333304e-03   7.9662168e-02   1.9682542e-01   6.3213037e-04  -2.8774755e-04   7.0672672e-04  -6.9042079e-02  -1.0302926e-01  -3.4681834e-01
  -3.3479508e-02   4.3592697e-03   1.5749550e-01   4.5872316e-04  -2.1530700e-03   4.4314740e-04   1.5719949e-01  -5.0414955e-01  -4.0264098e-01
  -4.4010627e-02   7.2856668e-02   1.8854416e-01   1.0904765e-03  -1.5891044e-03   5.9239079e-04   9.8795338e-02  -3.3221881e-01  -3.3311928e-01
  -2.9463497e-02   4.0517904e-02   2.3449674e-01   6.7675799e-04  -1.9726131e-03   1.7930887e-04  -6.5910888e-02  -2.5702473e-01  -3.2420716e-01
  -3.3717788e-02   6.9644061e-02   2.1637488e-01   7.0217462e-04  -1.2699313e-03   6.8201413e-04  -2.5165522e-02  -2.4426828e-01  -3.5286665e-01
  -3.7052992e-02   5.9512967e-02   1.9803359e-01   8.3488419e-04  -2.1539007e-03   2.8627264e-04  -5.4744331e-02  -2.9941544e-01  -3.7094050e-01
  -1.4584596e-02   8.5687468e-02   2.0342611e-01   9.3617541e-04  -1.3338189e-03   6.4418541e-04  -6.8608285e-02  -3.1872539e-01  -3.6709540e-01
  -2.8755864e-02   7.7466783e-02   2.2269004e-01   1.3001412e-03  -1.5879002e-03  -7.7830935e-06  -4.3983815e-02  -2.8847267e-01  -3.7287375e-01
  -3.1479255e-02   6.1748351e-02   1.8504602e-01   6.3374523e-04  -1.7163359e-03   4.2408578e-04  -7.2096067e-02  -2.6245490e-01  -3.8689755e-01
  -3.1965522e-03   8.4585904e-02   2.2839442e-01   8.3525817e-04  -1.0940169e-03   7.7587252e-04  -5.1408480e-02  -2.2513392e-01  -3.6358838e-01
  -4.7429779e-02   1.1449816e-01   3.0733333e-01   1.0737694e-03  -1.2893049e-03   1.6624487e-04  -2.8633154e-02  -2.9623814e-01  -4.0403757e-01
  -3.3298799e-02   1.9132393e-02   1.4316257e-01   6.5405174e-04  -1.6383334e-03   2.0152646e-05  -4.8186903e-02  -3.2236819e-01  -3.4812206e-01
  -4.3803973e-02   3.6832506e-02   1.8373434e-01   1.1503967e-03  -1.1058094e-03  -2.8513100e-05  -2.7107724e-02  -2.5972691e-01  -3.9446103e-01
  -2.5848982e-02   9.0734679e-02   2.4429598e-01   1.2033996e-03  -7.4615416e-04   1.4860919e-04  -3.7085974e-02  -2.2758254e-01  -3.5939014e-01
  -5.5706889e-02   5.8776016e-02   1.9522740e-01   1.0180361e-03  -1.4498776e-03   3.2310572e-04   4.5245174e-01   9.7564179e-02  -3.3512014e-01
  -2.7149719e-02   4.7173099e-02   9.1625110e-02   3.0597875e-04  -5.2972304e-04   2.5188558e-04   1.5451181e+00   3.1393370e+00  -1.3595965e-01
   4.0388442e-02   1.0072203e-01   3.7904150e-01   7.6758601e-04   7.0447199e-04   7.1481517e-04   8.3557584e-01   3.9331159e+00   2.7010218e-02
   8.7912445e-02   3.0179107e-02   1.4151659e-01   8.2707923e-04  -7.1681851e-05   9.7544786e-04   1.2567143e+00   3.8744958e+00   2.0816244e-01
   5.7317976e-02   8.3720864e-02   3.4044050e-01   6.5342900e-04   1.3411047e-03   7.3168847e-04   4.6771149e-01   4.2952380e+00   3.2749707e-01
   1.8023804e-02   7.8936005e-02   3.9514380e-01   4.8368060e-04  -3.6513150e-05   3.7970040e-05   4.6988351e-01   4.2899361e+00   3.3776232e-01
   1.1249691e-02   9.1501806e-02   2.9034857e-01   7.7127827e-04  -9.4275102e-04   1.1801432e-04   7.8790629e-01   4.3039382e+00   2.0866451e-01
   1.0556964e-02   1.1118658e-01   2.1187121e-01   7.0957045e-04  -1.1802214e-03   5.6960519e-05   4.2856331e-01   3.7015969e+00   1.1038752e-01
  -1.2498816e-02   1.0986696e-01   1.6959495e-01   8.1419498e-04   2.9374974e-04   1.7239741e-04  -7.5840246e-01   4.2862660e+00   2.7903785e-01
   1.8057848e-03   7.6322449e-02   9.6621243e-02   1.2681838e-03   8.6452761e-04  -2.8173525e-04  -2.1748387e-01   1.1615892e+00  -1.3129381e-01
  -1.5461078e-02   4.9315065e-02   1.3286845e-01   9.1567964e-04   2.9512937e-04  -8.0568646e-04  -4.1969297e-02  -5.1010152e-01  -3.8217864e-01
  -7.1530565e-03   8.6373728e-02   9.9695227e-02   8.6129198e-04   5.2311887e-04  -4.2734538e-04  -6.2642604e-03  -4.2784499e-01  -3.2979867e-01
   2.8025889e-03   9.3757130e-02   1.7512726e-01   1.2288778e-03   3.3815666e-04  -1.5913057e-04  -7.7953736e-02  -5.2176684e-01  -3.1947591e-01
  -1.5654343e-02   1.4780957e-01   1.7055826e-01   1.4798409e-03   4.5681854e-04  -7.3377775e-05  -6.7247178e-02  -5.5865318e-01  -2.9426397e-01
  -2.4321979e-02   6.4932649e-02   8.7905363e-02   1.4409328e-03  -2.5678089e-04  -6.0344705e-04  -6.0808300e-02  -5.8669000e-01  -3.3629419e-01
  -3.9583484e-03   3.2095017e-02   2.3737025e-02   9.0228782e-04  -5.7130028e-04  -8.1732408e-05  -1.9767160e-02  -6.0874147e-01  -3.4001909e-01
  -8.8435718e-03   2.1888026e-02   4.1507700e-03   8.7381053e-04  -4.8522926e-04  -2.0075191e-04  -4.8015103e-02  -5.7772160e-01  -3.0938827e-01
   1.9291230e-02   1.0689259e-01   1.2470253e-01   1.1628788e-03   4.0902139e-04   4.1052239e-04  -1.0864972e-01  -5.2908347e-01  -3.1161715e-01
   1.3109392e-03   7.9413135e-02   1.8288330e-01   9.2792211e-04   1.7503637e-05   5.6402415e-05  -1.1576257e-01  -5.2914353e-01  -3.4286314e-01
  -1.5655533e-02   9.1985634e-02   1.2736649e-01   1.3457647e-03  -2.3249814e-04  -2.7194647e-04  -6.6037572e-02  -5.5987087e-01  -3.3992824e-01
   3.8191670e-03   1.2250987e-01   1.6203309e-01   1.1642640e-03   1.2745437e-04   2.4973971e-05  -8.3449692e-02  -5.2590762e-01  -3.3858302e-01
   1.0896063e-03   1.1469485e-01   1.1226102e-01   9.0862461e-04  -2.8444784e-04   3.0123539e-04  -1.1253481e-01  -6.8467394e-01  -3.1780582e-01
  -2.4271690e-02   8.2009518e-02   1.3996490e-01   1.0508235e-03  -7.3935781e-04  -7.0255288e-04  -1.0082536e-01  -5.7125906e-01  -3.4631784e-01
  -3.0253640e-02   6.3547015e-02   6.8961818e-02   1.3869231e-03  -8.6667135e-04  -4.2252890e-04  -8.1462753e-02  -5.4495524e-01  -3.5298046e-01
  -2.8817869e-02   5.3420265e-02   6.3289075e-02   1.4997105e-03  -1.0548317e-03  -2.1693642e-04  -8.4412173e-02  -5.3409314e-01  -3.2196134e-01
  -3.9252274e-02   1.6272756e-01   2.0637553e-01   1.5017031e-03  -6.3644636e-04  -4.0381002e-04  -7.4796325e-02  -5.0454881e-01  -3.9535019e-01
  -1.1952199e-02   1.3204558e-01   1.6538961e-01   7.6221380e-04  -4.6889401e-04  -9.3304130e-05   1.5571805e-01  -7.9698804e-01  -4.1094033e-01
  -1.5317393e-02   6.2030560e-02   1.9517883e-01   8.6767789e-04  -1.6386425e-04  -4.2456067e-04  -4.8713738e-02  -5.6815477e-01  -3.6304441e-01
  -2.5327704e-02   1.2889292e-01   1.7482289e-01   1.0244194e-03   1.1675970e-04  -9.9251582e-05   1.4566597e-01  -7.7780279e-01  -4.3572333e-01
  -1.2231836e-02   1.1763397e-01   8.0670641e-02   1.3382559e-03   2.8261073e-04  -3.3859542e-04   1.0253603e-02  -4.0254312e-01  -3.7692470e-01
   1.2595868e-03   6.9210618e-02   1.0444028e-01   1.0526793e-03   5.7274196e-04  -2.2361922e-04  -3.6768950e-02  -5.1306341e-01  -3.8273839e-01
  -1.9424788e-02   9.6748827e-02   7.6598216e-02   1.1360998e-03   1.5775387e-04   3.8400708e-05  -4.1766022e-02  -3.5782224e-01  -3.3838715e-01
   2.4826874e-02   8.0992331e-02   1.1786397e-01   1.0755467e-03   1.8378136e-03   4.2256902e-04  -4.5273861e-02  -4.0831207e-01  -3.5542285e-01
  -1.0069842e-02   7.2522324e-02   1.5675029e-01   1.2386036e-03   2.6069821e-04  -1.5261544e-04   1.4028512e-01  -5.1438567e-01  -3.7382034e-01
  -1.4743939e-02   5.3948270e-02   9.7555009e-02   1.5801442e-03  -2.4425561e-04   3.1431471e-05   1.6126686e-02  -2.7318185e-01  -3.3803490e-01
