   0.0000000e+00  -4.4408921e-16  -1.4210855e-14   3.4694408e-19  -4.3368087e-19  -2.1684043e-19   5.0031146e-01   7.4373175e-02  -2.0259839e-01
   2.4903622e-02  -1.8187179e-02   4.1242286e-02  -7.8276887e-04  -4.0176869e-05   2.6094994e-04   4.9674153e-01   8.1125955e-02  -2.2072013e-01
   9.6314992e-04   4.2548969e-02   3.7450867e-02   2.2061423e-04  -1.1565956e-04  -1.0987926e-04   5.2081302e-01   5.3510550e-02  -2.2331306e-01
   2.8067799e-02  -6.3401033e-03   5.8916435e-02  -4.7021627e-04   1.8104082e-04   5.9639274e-05   5.2431979e-01   5.1103189e-02  -2.6151541e-01
   1.5029375e-03   8.3444960e-03   6.7841186e-02  -1.2529482e-04   1.9932313e-05  -1.5383692e-04   5.5184436e-01  -5.7821271e-03  -4.2884971e-01
   9.4378189e-03   1.1703508e-02   8.2042046e-02  -1.6846963e-04  -7.9213251e-05   6.9978675e-06   5.5048778e-01  -6.8434604e-02  -4.2838026e-01
   9.0574070e-03   1.2584180e-02   7.0285262e-02   2.4989182e-04  -9.0223988e-06   3.7940960e-04   7.8860098e-01  -2.8537880e-01  -4.8480420e-01
   3.5070164e-02  -3.2398296e-02   7.9953064e-03   4.4995351e-04   5.5804814e-04   6.2898569e-04   5.1693613e-01  -2.1511110e-02  -4.0183819e-01
  -7.6159527e-03   4.5451142e-02   6.4074005e-02  -5.9468350e-06  -2.3820910e-04  -1.5108108e-04   5.6106022e-01   3.9239094e-02  -3.8291334e-01
   6.7767981e-03   8.4197678e-03   4.2728687e-02  -1.7180376e-05  -2.8576975e-04   1.1649694e-04   5.4926611e-01  -5.3069561e-02  -3.4418677e-01
  -5.5995583e-03   3.9630630e-02   7.4155452e-02   2.5758344e-04  -4.7731298e-04   1.7183372e-04   7.9850837e-01  -3.2547685e-01  -3.9803364e-01
   8.0059641e-03   2.2631568e-02   4.8649931e-02  -9.5373970e-05  -1.6088383e-04   1.2383069e-04   5.2963352e-01  -9.4244896e-02  -3.4925721e-01
  -2.2562889e-03   2.8649568e-02   9.0665430e-02  -1.7741242e-04  -3.0795238e-04  -1.0026346e-04   5.3841485e-01  -7.2602315e-03  -3.9099006e-01
  -1.2316372e-02   2.2039453e-02   5.5373831e-02  -1.1007185e-05  -1.8683180e-04  -3.8907528e-05   7.2751715e-01  -2.3942491e-01  -4.0491429e-01
  -4.9428876e-03   3.1870130e-02   7.8802647e-02   2.1950930e-04  -2.5392008e-04  -3.3606623e-04   5.3591725e-01  -6.3720173e-02  -2.9145733e-01
  -7.4355506e-04   3.3993270e-02   5.8353916e-02   1.0337474e-04  -1.5376315e-04  -5.1017325e-06   5.6830255e-01  -6.4965854e-02  -3.2790360e-01
  -5.4301591e-03   4.6251414e-02   7.3234298e-02   4.5301253e-04  -1.3818693e-04  -1.2092238e-04   5.5168138e-01  -4.8815588e-02  -3.4180288e-01
   6.6592390e-03   1.0783777e-02   4.9428176e-02  -1.1328654e-04  -8.5683795e-05   3.0910327e-04   5.3492260e-01   3.5614091e-02  -3.7128544e-01
  -5.2021001e-03   1.2721292e-02   7.2405598e-02  -1.5554988e-04  -2.9651619e-04  -9.9668352e-05   5.3363981e-01   5.5664129e-02  -3.2689769e-01
   1.0660248e-02  -1.6987810e-02   6.0165186e-02  -8.5964987e-04  -1.4741784e-04   3.3237973e-05   5.6816228e-01  -5.2271888e-02  -3.2871168e-01
   6.2585195e-04  -1.2522686e-02   1.4801711e-02   3.6333568e-04  -1.6723591e-04   1.2015481e-04   5.3543232e-01   6.2276516e-02  -3.3884618e-01
   4.3907879e-03  -3.4312303e-02   9.6822221e-02  -1.0987934e-03   5.3381109e-05  -3.4839286e-05   7.2955981e-01   1.0708547e-02  -3.7414270e-01
   2.0289209e-02  -5.9436593e-02  -2.1459414e-02   4.5294365e-04   6.1578552e-04   1.2874169e-04   4.9621546e-01   9.3904522e-02  -3.1997894e-01
  -1.6298779e-02   2.3561463e-02   4.4812114e-02   3.8735464e-04  -1.2977290e-04  -2.9238428e-04   5.2266360e-01   7.7223406e-02  -3.0990345e-01
   2.2595632e-03  -3.6417564e-03   9.8407693e-03   1.1089690e-04   2.6448131e-04  -3.8430240e-05   5.4431741e-01   3.7498772e-04  -3.1823906e-01
   7.1226798e-03   1.1091566e-03   5.3272590e-02  -2.5053973e-04   1.0542467e-04   1.9665850e-04   5.3323737e-01   5.0493978e-03  -3.6010357e-01
  -6.4206093e-03   2.2312921e-03   7.9170123e-02   1.6946372e-04   6.4370792e-05   1.1509096e-04   5.3321824e-01  -9.3680546e-03  -3.5594865e-01
  -2.1736632e-02   2.6720694e-02   9.5837765e-02   6.6825751e-04   5.9163201e-05  -8.1445312e-05   5.1702449e-01   6.2333992e-02  -3.3674233e-01
  -1.6825796e-02   4.1110355e-02   1.1612875e-01   7.7487796e-04  -1.3863999e-04  -4.5902754e-04   5.3064325e-01   1.7672092e-01  -3.2557364e-01
   1.0768896e-02  -2.1837374e-02   1.3068939e-01  -1.5246510e-04   6.6685878e-06   2.1936363e-04   5.3075520e-01   2.1220146e-01  -3.3797575e-01
   1.8093887e-02  -4.2652095e-02   8.5229940e-02  -3.3016095e-04   2.3228196e-04   3.7876309e-04   5.1105054e-01   1.3860477e-01  -3.0934917e-01
  -1.8344582e-02   1.1588343e-02   7.7216855e-02   4.9301811e-04  -2.0263879e-04  -3.1065680e-04   4.9185203e-01   2.1302904e-01  -2.6793683e-01
   5.6684862e-03  -6.6549087e-02   1.6967878e-02   1.0331820e-04   2.4818226e-04   4.2717998e-04   6.8697343e-01  -4.2854798e-02  -3.6205607e-01
  -7.9248561e-03  -9.6408576e-03   8.5343021e-02   7.3488396e-05  -1.1496371e-04   6.5387381e-05   4.9016275e-01   1.7650409e-01  -3.2574572e-01
   1.3790067e-02  -2.9035857e-02   5.5879992e-02  -3.8953854e-04  -2.4452273e-04   7.0573266e-05   5.1943485e-01   1.0527634e-01  -3.2768186e-01
  -1.1715444e-02   3.8220542e-02   5.5570052e-02   7.4225680e-04  -3.6537501e-04  -3.7359560e-04   5.0677216e-01   1.2776528e-01  -2.9760697e-01
  -3.7423158e-03  -1.1247851e-02   7.7225498e-02  -1.8004915e-04  -1.8240240e-04  -2.1513558e-04   5.2706981e-01   1.0205575e-01  -3.5572233e-01
  -2.8815856e-03  -7.5678723e-03   7.9018922e-02  -3.4044209e-04  -1.4908056e-04  -1.1446710e-04   5.5172662e-01   8.7358516e-02  -3.4547269e-01
  -1.6124492e-03   3.0510078e-03   7.2854859e-02  -9.8137627e-05   9.4664213e-05  -6.6207666e-05   5.3563833e-01   3.6816531e-02  -3.4917813e-01
   1.0647549e-03   3.4622088e-03   1.0316429e-01  -2.9428173e-04  -2.6129307e-04   4.3947837e-05   6.8863244e-01  -9.7911379e-02  -4.0454218e-01
  -1.4194811e-02   1.9058430e-02   8.4783572e-02   3.1475804e-04  -2.5890874e-04  -2.3868584e-04   5.4684606e-01   1.4827666e-01  -3.4040426e-01
  -8.2238297e-04  -6.3500406e-02   1.1724119e-01  -4.6912540e-04  -1.0141015e-04   9.5149842e-06   5.5814767e-01   2.1263385e-01  -3.9031247e-01
  -1.5102770e-02   1.5678814e-02   1.1856931e-01   7.5153791e-06  -2.8161957e-04  -2.5270020e-04   5.4669743e-01   1.0127225e-01  -3.4118504e-01
  -3.2722081e-03  -9.6144480e-03   7.6678013e-02  -5.6339898e-04  -2.0908173e-04  -3.0752005e-04   5.4461665e-01   1.2623419e-01  -3.4177857e-01
   3.8356453e-03  -8.9531718e-03   8.8014531e-02  -4.0303041e-04  -1.8434382e-04  -2.3560309e-04   5.4921677e-01   1.6093505e-01  -3.6394114e-01
  -1.6707671e-02  -2.6465602e-02   4.2542329e-02   2.3596305e-04  -1.4001265e-04  -4.0696480e-04   5.2603361e-01   1.8010414e-01  -3.3546462e-01
  -3.8121424e-03  -1.1802636e-02   9.3381705e-02   3.4598270e-05  -1.3819327e-04  -1.2139444e-04   5.2581883e-01   2.3423270e-01  -3.0381865e-01
  -2.9118903e-02   5.3329950e-02   7.2650411e-02   8.7124180e-04  -4.4142586e-04  -8.1209564e-04   5.2820683e-01   2.0520233e-01  -3.2064035e-01
   2.2584809e-03  -2.4327358e-02   7.8952747e-02  -2.5980278e-05  -4.6233094e-05   9.3310181e-05   5.4337016e-01   2.1189182e-01  -3.0996132e-01
  -1.0442037e-02   9.0030152e-03   7.0572328e-02  -6.1251853e-05  -1.8531401e-04  -3.5140209e-04   5.1874338e-01   1.1306867e-01  -3.1573274e-01
  -9.5389555e-03   2.6402987e-03   7.0080341e-02   8.0457614e-04   1.5597317e-04   7.2941019e-06   5.3537507e-01   7.8617203e-02  -3.4547343e-01
   8.2251684e-03   6.4305020e-03   1.0444062e-01  -1.9715198e-04  -1.6154250e-05   1.0134209e-04   5.3006753e-01   6.0524720e-02  -3.5289015e-01
   1.9067628e-03   1.8448310e-02   9.6694412e-02  -6.9202813e-05  -1.1424320e-04   6.9113499e-05   5.3214072e-01   1.2693583e-01  -3.6313673e-01
  -2.0755429e-03   3.6260580e-03   1.1074697e-01  -1.1155932e-04  -1.8690460e-05   3.6615376e-05   5.3741117e-01   9.2183329e-02  -3.3984232e-01
   6.9022533e-03   6.5164780e-03   1.0406374e-01  -4.7500005e-04  -3.6618849e-05   5.5864110e-05   5.4679784e-01   4.1975361e-02  -3.6510589e-01
  -8.1041614e-03  -5.7448921e-03   7.8207197e-02  -1.7496306e-04  -2.9904880e-04  -1.0752764e-04   7.5364603e-01  -1.7761538e-01  -4.2322266e-01
   2.6534756e-03   3.6121228e-03   5.8557866e-02  -4.3976087e-04  -1.5917170e-04   4.5579193e-05   5.1602230e-01   2.8501456e-02  -2.9155321e-01
   4.8458072e-03   1.4336374e-02   7.7813789e-02  -2.2349262e-04  -9.8295817e-05   9.9416905e-05   5.3295405e-01   7.2750480e-02  -3.2320826e-01
   5.7921954e-03   6.9221982e-03   1.0487843e-01  -7.7784347e-04  -1.3469479e-04   1.0269764e-04   5.2523947e-01   1.5628971e-01  -3.2050678e-01
  -1.2298834e-02   5.3196084e-02   6.8052869e-02   8.3198274e-04   3.0091349e-05  -2.7544375e-04   7.2179983e-01  -6.0562729e-02  -3.5952156e-01
   5.7093043e-03  -8.4739452e-04   8.8831069e-02  -3.8173639e-04  -1.0010571e-04  -1.3573491e-05   5.2610511e-01   9.0054272e-02  -3.4610218e-01
  -1.6173483e-03  -1.3219820e-02   8.5732661e-02  -5.6946937e-04  -2.4411464e-04  -1.8372477e-04   7.7348510e-01  -9.8189435e-02  -3.9011251e-01
   8.7778999e-03  -2.2465353e-02   8.7587842e-02  -7.5668903e-04   7.2084491e-05   1.1091276e-04   5.2957624e-01   1.8015885e-01  -3.6478626e-01
   4.0145947e-05  -1.9342482e-02   7.2591739e-02  -2.2137751e-04   4.6207297e-05   1.0713408e-04   5.3601601e-01   1.4949345e-01  -3.0450744e-01
  -1.3588162e-02   2.6106789e-02   1.0148560e-01   2.1577706e-04  -1.3743797e-04  -3.4668798e-04   5.3999143e-01   1.5393764e-01  -3.1101808e-01
   8.5891179e-03  -7.7661055e-03   9.4707057e-02  -5.3213455e-04   2.2662195e-05   2.4177697e-04   5.3919508e-01   5.3901107e-02  -2.9511545e-01
  -2.1202727e-02   4.4420184e-02   1.3159838e-01   4.5896485e-04  -2.3698487e-04  -3.3499002e-04   5.5844068e-01   1.8509936e-01  -3.2878905e-01
  -5.5687710e-03   1.3164285e-02   8.6582026e-02   2.0009259e-04  -1.8926653e-04  -1.0216494e-04   6.9079027e-01   2.3689064e-02  -3.7531250e-01
   1.2088666e-02  -8.1840526e-02   2.4904599e-02  -6.3964922e-04  -2.9265030e-04   3.7459779e-05   5.0946206e-01   1.6001778e-01  -3.0742089e-01
  -1.1590189e-02   1.2081367e-02   5.5151082e-02  -1.0368964e-04  -5.0663059e-05  -7.0349896e-05   5.2558749e-01   1.0150559e-01  -3.0888169e-01
  -3.4371772e-03  -2.0850409e-04   1.2422211e-01  -2.7853652e-04  -1.5887766e-05  -1.5131239e-04   6.7635517e-01  -1.1752279e-02  -3.5289459e-01
  -3.5569765e-03   5.4216577e-03   1.0124589e-01  -3.4547526e-04  -1.7612152e-04   2.7199118e-05   5.2263330e-01   9.0674236e-02  -3.3269277e-01
  -1.3738472e-02  -1.2891860e-02   5.1878509e-02  -3.6731899e-04  -1.2193774e-04  -2.5819816e-04   5.3998313e-01   3.0100763e-02  -3.7201075e-01
   9.5354972e-04  -1.2408644e-02   6.3006634e-02   1.9743160e-04   4.5720653e-05   1.2679126e-04   5.1314071e-01   1.3335293e-01  -3.3806465e-01
  -5.6990650e-03  -1.2997717e-02   7.2115629e-02  -2.7926803e-04  -1.3288744e-04   1.2933681e-04   5.3603231e-01   8.5713142e-02  -3.9248431e-01
  -3.3757684e-03   5.4215542e-03   9.0245751e-02  -2.2744850e-04   6.6201832e-05  -5.1573203e-05   5.4098625e-01   1.3292539e-01  -3.9358142e-01
  -2.5210879e-02   5.1032824e-02   1.0885164e-01   4.1402700e-04  -8.6661983e-05  -6.9387959e-04   5.3316216e-01   2.1612479e-01  -3.7926466e-01
   8.0717729e-03  -1.4755605e-02   1.1307253e-01  -4.6960460e-04   1.0820047e-04   4.5620407e-05   5.3609411e-01   9.2326613e-02  -3.4388235e-01
  -1.1517853e-02   1.7669936e-02   8.3046574e-02   2.5109973e-05  -1.3595288e-04  -8.2104752e-05   5.5953123e-01   5.7171331e-02  -3.6948981e-01
  -1.0843403e-02  -2.9580884e-03   8.7366413e-02   5.6184547e-05   1.6699004e-04  -5.1355714e-05   7.2527155e-01  -8.2544746e-02  -4.2874540e-01
  -1.3738358e-02   6.1541054e-03   1.1562555e-01  -3.4656332e-04  -2.8642062e-04  -6.9337636e-05   5.6328801e-01   6.4716764e-02  -3.7581323e-01
   1.0292962e-04  -1.1496280e-02   8.7748111e-02  -7.2128942e-04  -1.5358462e-04   9.5538506e-05   5.4537722e-01   9.5815135e-02  -3.3825611e-01
  -5.8414139e-04  -1.3327045e-03   5.7131934e-02  -5.6501648e-04  -1.8005427e-04  -1.3898697e-04   5.1824001e-01   1.7330922e-01  -2.9531665e-01
   5.1749637e-04  -2.3080799e-02   1.0419104e-01  -6.6004273e-04   4.6994556e-05   9.4027721e-05   5.3090104e-01   2.3831611e-01  -3.3055771e-01
  -2.0068854e-03  -3.0356385e-02   1.3958414e-01  -5.5899543e-04   8.6856492e-06  -1.2082631e-04   5.1168018e-01   3.3136071e-01  -3.0140161e-01
   4.6664421e-03  -4.8544641e-02   1.2746400e-01  -7.0880510e-04  -7.3883858e-05   7.4746727e-05   5.2929664e-01   3.5417356e-01  -3.0332227e-01
  -2.6607334e-02   7.2823031e-03   1.0599949e-01   3.4739996e-04  -1.3380531e-04  -4.2122660e-04   5.2781751e-01   3.1017526e-01  -2.9635186e-01
  -6.6608048e-05  -6.2244936e-03   1.1639781e-01  -3.0200622e-04   1.7099820e-04  -4.1297510e-05   5.3746955e-01   1.5056458e-01  -2.7466322e-01
   1.0533588e-02   1.9186424e-04   6.7810048e-02  -4.1482969e-04   2.0353920e-04  -5.2553050e-05   7.6197610e-01  -5.5696928e-03  -3.6173084e-01
  -1.5875684e-02   6.8745957e-03   1.1712279e-01  -3.9891153e-04   1.0607754e-04  -8.6330888e-04   5.3185801e-01   1.6792424e-01  -2.9311513e-01
   1.2889308e-02  -2.7464823e-02   5.0369477e-02  -8.2117018e-04   2.6278419e-04   1.9438175e-04   5.2209945e-01   1.0266602e-01  -2.9187903e-01
  -8.3623620e-03  -4.8718829e-02   5.3204568e-02  -5.5317786e-04   6.3869810e-06  -2.1351007e-04   5.2122166e-01   1.2829678e-01  -2.8070095e-01
   3.1878622e-03  -4.8901350e-02   3.4483551e-02  -6.0807241e-04   2.9686574e-04  -5.3990801e-05   5.4081354e-01   1.7178091e-01  -3.0890643e-01
  -1.7820775e-02   3.6341772e-03   8.6231350e-02   2.8467791e-04   8.7932421e-06  -5.2424987e-05   1.1494031e+00   1.1162633e+00  -3.1492853e-01
   5.9089256e-03  -2.1306685e-02  -2.0026222e-02  -1.0452501e-03   5.7448541e-04  -1.3601139e-04  -5.6522404e-03   4.1554298e+00   1.5225713e-01
  -3.1212109e-02  -2.2415843e-01  -1.7329762e-01  -2.4646674e-03   1.8655403e-03  -1.2852073e-04   1.0646918e+00   3.3041269e+00   1.3048467e-01
  -2.2266827e-02  -1.4986402e-01   3.7973778e-01  -1.8505020e-03   1.6268376e-03  -3.6022593e-04   3.4175715e+00   3.1436780e+00   1.3282327e-01
   8.6898168e-03  -2.6932558e-01   2.7483683e-01  -5.7720013e-03  -2.8709398e-04  -3.6855648e-04   3.6087070e+00   3.9108101e+00   5.1495030e-01
   3.6098424e-02  -1.4712112e-01   2.7252609e-01  -2.2383435e-03   5.6637980e-04  -7.2118513e-04   4.4260876e+00   4.3501467e+00   7.2076430e-01
   2.3306189e-02  -2.0090268e-01   3.1351702e-01  -4.5264102e-03   5.5042020e-04  -7.0891105e-04   4.4256061e+00   4.3494333e+00   6.8310300e-01
   2.9650597e-02  -1.7143074e-01   1.0488179e-01  -4.1930770e-03   9.2488552e-04  -6.5104112e-04   3.7799490e+00   3.9418211e+00   3.8253811e-01
   3.9778842e-02  -2.7388486e-01   2.0036210e-01  -5.8017780e-03   8.2120880e-04  -9.9981691e-04   3.2752561e+00   4.3380475e+00   4.8312599e-01
   6.4232902e-02  -1.3306700e-01   2.1639958e-01  -3.3126484e-03   2.1895779e-03  -6.3099612e-04   1.7306667e+00   4.3050711e+00   4.7606835e-01
   6.0831563e-02  -1.2301868e-01   1.6251503e-01  -3.5339385e-03   1.9491348e-03  -6.6998245e-04   8.8044481e-01   4.0782328e+00   5.5600015e-01
   6.0351262e-02  -1.5522072e-01   3.3198469e-01  -3.1670891e-03   1.5642644e-03  -4.9092333e-04   1.3594389e-01   4.2986232e+00   7.8071995e-02
   5.4414758e-02  -8.6638314e-02   3.5625534e-01  -2.5458576e-03   1.3026126e-03  -6.3463655e-04   6.4698380e-01   4.2905751e+00   3.0611230e-01
   3.2414075e-02  -6.6571330e-02   2.5827035e-01  -2.6568143e-03   1.8075130e-03  -1.4610103e-03   6.1827928e-01   1.6977264e+00  -1.5681825e-01
   5.3702014e-02  -1.2857797e-01   1.9179274e-01  -2.1198321e-03   2.1469515e-03  -3.4050134e-04   5.2475487e-01   7.4680332e-01  -2.6357784e-01
   7.8329173e-02  -2.5219383e-01   2.4171591e-01  -3.6764485e-03   2.3828081e-03  -5.3611925e-04   5.4022661e-01   6.7139568e-01  -2.6978165e-01
   7.0054277e-02  -1.1358517e-01   2.7718152e-01  -2.8965351e-03   3.0038610e-03  -5.4763082e-04   4.9920025e-01   7.6833326e-01  -2.2209146e-01
   6.5109884e-02  -9.9812140e-02   4.0312542e-01  -2.7959953e-03   2.2545171e-03  -4.4152837e-04   5.2437784e-01   6.4484919e-01  -2.3856815e-01
   4.8432288e-02  -6.9044375e-02   2.9848821e-01  -2.2026903e-03   1.3297646e-03  -8.4204273e-04   5.2186692e-01   6.4348876e-01  -2.7489185e-01
   5.9064681e-02  -9.6892443e-02   2.3699443e-01  -2.4929678e-03   1.5929239e-03  -4.6095604e-04   4.9529634e-01   7.0291033e-01  -2.6563645e-01
   8.3648845e-02  -1.4908419e-01   1.6947023e-01  -3.4603292e-03   1.8875400e-03  -5.9912867e-04   6.0680317e-01   6.6196704e-01  -2.6288053e-01
   7.9566794e-02  -1.3647378e-01   3.9969978e-01  -3.7737347e-03   2.2037382e-03  -4.7093440e-04   1.1842953e+00   2.8632370e-01  -4.0372684e-01
   6.1079764e-02  -1.7585955e-01   3.2752309e-01  -2.4796642e-03   4.6583623e-04  -4.5037655e-04   7.0057929e-01   1.9113995e+00  -1.4116527e-01
   3.5976905e-02  -2.7719504e-01   4.1487459e-01  -4.4857569e-03  -6.2024217e-04  -1.1163565e-03   5.6488927e-01   1.3222177e+00  -2.7245752e-01
   7.2880367e-02  -2.2544696e-01   5.0467603e-01  -4.5224965e-03  -1.2155313e-04   1.7447143e-04   7.2120853e-01   9.2956427e-01  -3.1843956e-01
   5.2639261e-02  -2.9281681e-04   1.2427960e-01  -1.6597615e-03   2.7601136e-03  -7.4247902e-04   5.1674002e-01   3.0526604e-01  -2.6649496e-01
   4.1015864e-02  -2.3182649e-02   1.9083612e-01  -1.5587486e-03   1.6607681e-03  -1.3193911e-03   5.8358190e-01   8.5294854e-01  -2.6548110e-01
   2.6604635e-02  -7.1120954e-02   3.4546215e-01  -1.9254213e-03   1.7983213e-03  -3.0265120e-04   5.8747200e-01   5.5388079e-01  -2.6280246e-01
   2.2844104e-02  -4.7213980e-02   3.4435439e-01  -2.1199403e-03   9.6143470e-04  -4.8995998e-04   5.7068697e-01   4.7088156e-01  -3.1537106e-01
   2.0122520e-02  -6.9877165e-02   2.0601189e-01  -1.9841747e-03   7.1209804e-04  -4.5319783e-04   5.5500587e-01   4.4234765e-01  -3.2692724e-01
   9.4256776e-03  -5.0000050e-02   2.1337059e-01  -1.2185753e-03   7.4634903e-04  -4.9931114e-04   5.6282627e-01   4.3536310e-01  -3.3089196e-01
  -2.5588005e-03  -1.6010415e-02   2.4008438e-01  -7.6654762e-04   5.5067229e-04  -9.7703194e-04   5.7554945e-01   4.5460485e-01  -3.0165065e-01
  -9.3780497e-03  -4.2114962e-02   2.2136034e-01  -7.6930528e-04   9.9881132e-04  -5.9261729e-04   5.6106257e-01   5.4226314e-01  -2.6118011e-01
  -1.8896138e-03  -4.9670879e-02   2.6254846e-01  -9.5246082e-04   9.4011351e-04  -4.1824925e-04   5.6375102e-01   5.5329986e-01  -2.6771179e-01
   2.3296820e-02  -1.1325680e-01   2.0552676e-01  -1.2967395e-03   1.0897732e-03  -9.0186817e-05   5.6143405e-01   4.9664993e-01  -2.6742306e-01
   4.8021290e-03  -9.8669186e-02   1.4063066e-01  -8.2520005e-04   9.8969068e-04  -1.4160471e-04   5.9848456e-01   4.5886078e-01  -3.0857071e-01
  -5.7287016e-04  -6.5206923e-02   2.1915773e-01  -1.3526655e-03   6.4801056e-04  -2.7111251e-04   5.8042345e-01   4.4476678e-01  -3.2022268e-01
   5.3102299e-03  -9.7968610e-02   1.0223678e-01  -7.0674368e-04   6.4803483e-04  -4.2960971e-04   5.7707233e-01   4.0373939e-01  -3.0072780e-01
  -5.0318168e-03  -4.2222266e-02   2.0574136e-01  -1.1521189e-03   7.3965617e-04  -6.7432020e-04   5.5625837e-01   5.8629306e-01  -2.8149704e-01
   2.1190611e-02  -7.0494718e-02   1.8635800e-01  -1.4239241e-03   9.0996517e-04  -2.0856271e-05   5.4080700e-01   4.4874266e-01  -3.1520045e-01
  -8.1304660e-03  -4.1539075e-02   2.4550291e-01  -6.2211731e-04   9.1664778e-04  -2.9838904e-04   5.8171801e-01   5.7176819e-01  -2.8847369e-01
   9.2548649e-03  -7.2801591e-02   1.8955706e-01  -7.3586661e-04   5.1863549e-04   1.0921419e-04   5.7934655e-01   5.3795959e-01  -2.7824925e-01
   4.9721739e-03  -6.0403405e-02   1.9536115e-01  -8.7678350e-04   7.7814651e-04  -1.9814679e-04   5.6674573e-01   4.4655513e-01  -2.8856629e-01
   4.4111284e-03  -4.4607886e-02   2.0074324e-01  -1.0643362e-03   3.9356277e-04  -1.3109489e-04   5.5603485e-01   4.7123400e-01  -2.6845662e-01
  -9.2072134e-05  -4.2046434e-02   1.8355227e-01  -1.0220393e-03   9.2444951e-05  -3.5697343e-04   5.5775637e-01   4.3778331e-01  -2.9630263e-01
   2.4598577e-03  -4.8915222e-02   1.7977059e-01  -9.1734346e-04   3.1355119e-04  -1.6057568e-04   5.6824738e-01   4.2424994e-01  -3.0064643e-01
   1.4829704e-03  -4.6833226e-02   2.0321954e-01  -1.1767645e-03   1.6135239e-04  -1.0519439e-04   5.5151354e-01   4.7999244e-01  -3.1178815e-01
  -5.4037789e-03  -2.1568307e-02   1.7437653e-01  -3.0691826e-04   1.1870718e-04  -2.8882384e-04   9.7456664e-01  -2.6233950e-02  -4.3412017e-01
  -1.2623556e-02   3.2748535e-02   2.1725054e-01  -7.4998017e-05   2.2360235e-04  -6.1179061e-04   5.6798196e-01   3.8740134e-01  -3.1024412e-01
   9.9739397e-03  -6.4955859e-02   1.0627792e-01   4.5782334e-04   4.4999437e-05   3.3512562e-04   5.4889120e-01   3.8137346e-01  -3.5721292e-01
  -6.9220251e-03  -6.8593891e-02   1.5330323e-01  -5.9842510e-04  -3.5109196e-04  -3.6683747e-05   5.5631826e-01   4.5421226e-01  -3.5303477e-01
  -2.7738777e-03  -4.7288036e-02   1.6258715e-01   1.1975173e-04   3.0177689e-04  -1.2601358e-04   5.3679196e-01   4.5746174e-01  -3.5607465e-01
  -1.3670413e-02  -5.5896224e-02   1.0780686e-01   3.2202960e-04  -2.2437101e-04  -3.9967579e-05   7.6411986e-01   1.7471091e-01  -3.8689590e-01
  -1.4368073e-02   2.2268332e-02   1.7815895e-01   5.0526765e-04   6.6946203e-07  -3.5358985e-04   5.5059512e-01   2.5166075e-01  -3.4759584e-01
   2.8354147e-06  -2.8131051e-02   1.6393800e-01  -6.1558573e-04  -3.7914224e-04  -6.0253184e-05   8.7974305e-01  -2.0627997e-01  -4.4820805e-01
   2.4164877e-03  -9.1288404e-03   1.0513537e-01   1.2299312e-04   3.7082031e-04  -1.3082741e-04   5.5445835e-01   2.5254268e-01  -3.6375348e-01
   2.1526665e-02  -4.5906379e-02   1.2644719e-01  -7.4018677e-04   1.5809192e-04   1.2343230e-04   5.5517284e-01   2.1633117e-01  -3.9065218e-01
  -9.5108861e-03   7.5540460e-03   1.5273886e-01   2.5352419e-04  -2.1880378e-04  -5.7245441e-04   5.5048235e-01   2.8151230e-01  -3.9288531e-01
   8.0768668e-03  -2.3766732e-02   1.4017179e-01  -3.0512762e-04  -1.2704041e-04  -5.5564350e-05   8.5796855e-01  -1.1106752e-01  -4.7210660e-01
   4.3482879e-03  -2.6263169e-02   1.3537352e-01  -3.6300728e-04  -2.2716400e-04  -7.5367288e-05   5.5316278e-01   2.6620393e-01  -3.9603810e-01
   1.8482348e-02  -3.4204371e-02   1.4746229e-01  -4.8621782e-05   2.0103310e-04   5.3897760e-06   7.1269738e-01   5.2880786e-01  -2.7313800e-01
