   0.0000000e+00   0.0000000e+00   0.0000000e+00   0.0000000e+00   0.0000000e+00  -0.0000000e+00   2.3034304e-01   1.5556487e-01  -3.5605152e-01
   9.7518062e-04   3.6912692e-05   5.8110723e-02   1.1701659e-04   2.5677090e-04   3.2590364e-04   2.2831967e-01   3.7427019e-02  -3.4559913e-01
   2.0892647e-02   9.7067949e-02   1.7493823e-01   1.2799220e-04   5.1458020e-04   8.4720568e-04   1.7378082e-01   9.2036149e-02  -3.0712909e-01
   1.2331123e-02   1.0125699e-01   2.1976249e-01   2.5953028e-05   3.6156561e-04   8.9927430e-04   1.9081281e-01   4.0570289e-02  -3.2338586e-01
   1.7487709e-02   1.1292791e-01   2.5841519e-01   1.0742935e-04   5.1959578e-04   1.2629690e-03   2.2073208e-01   2.7128426e-03  -4.9072923e-01
  -9.6228183e-04   7.7637712e-02   2.3362329e-01  -2.0593909e-04   2.9246620e-05   9.1383438e-04   2.2894550e-01  -6.2299570e-02  -4.6714287e-01
   8.3741400e-03   1.8535126e-02   1.7138681e-01   7.4386509e-04   2.5526516e-04   4.2168597e-04   2.9362481e-01  -6.0247715e-02  -4.7280706e-01
  -8.3724204e-03   3.8348845e-02   1.6359415e-01  -1.2150706e-05  -3.7664537e-04   1.5082114e-04   2.4243198e-01  -3.6883319e-02  -4.4444427e-01
   1.4206141e-03   7.6117798e-02   1.4444298e-01  -3.1668725e-04  -4.1427157e-04   5.1591698e-04   2.1773932e-01  -1.2853187e-01  -4.5896934e-01
  -1.5921287e-02   3.2778588e-02   1.3569954e-01   1.0363383e-04  -6.6441585e-04  -2.5730838e-06   2.3668140e-01  -3.9036043e-02  -4.4456778e-01
  -6.6520231e-03   2.2890805e-02   3.2255256e-02  -7.0743087e-06  -3.7271486e-04  -3.0281537e-05   2.3545046e-01  -4.2604309e-02  -4.4792689e-01
  -9.6788537e-03   4.9686433e-02   5.4549050e-02   3.7247848e-04  -1.2517877e-04   3.7369911e-04   3.0777349e-01  -1.3275563e-01  -4.5856457e-01
   9.0301520e-03   6.3420836e-02   1.0335295e-01   8.0543617e-04   2.3710613e-04   8.1442314e-04   4.0521814e-01  -2.0749120e-01  -4.5386275e-01
  -5.1120702e-03   4.6797915e-02   1.3584907e-01   7.6096146e-04  -1.7167376e-04   5.6516000e-04   2.1531420e-01  -2.5838826e-03  -4.1995758e-01
  -1.3331264e-02   4.2377693e-02   1.4408569e-01   7.1508148e-04  -1.3937864e-04   6.2329543e-04   2.1867034e-01   2.0712488e-03  -4.0363739e-01
   1.6577338e-02   5.0052076e-02   1.6773674e-01   3.9469279e-04   8.1924050e-04   6.6234160e-04   2.0549546e-01   5.5076789e-02  -3.4160559e-01
   1.2298964e-02   1.0603078e-01   3.0546504e-01   1.7402224e-04   4.8079882e-04   8.1748766e-04   1.8076633e-01   1.5600114e-02  -3.6489695e-01
   3.9295878e-02   7.7553318e-02   2.0978341e-01   5.7498641e-05   1.1364884e-03   9.9077882e-04   2.0668741e-01   8.9985702e-02  -4.1725115e-01
  -5.4369492e-03   1.3377220e-01   2.9619850e-01   4.1273399e-04   3.3283911e-04   1.1631768e-03   1.9718134e-01   1.7219059e-01  -4.4968015e-01
   4.6891737e-04   7.5331388e-02   2.5727098e-01  -1.3610281e-04   3.0617415e-04  -1.1874908e-04   4.8913985e-01  -2.7378393e-01  -4.8696706e-01
   5.3676119e-03   5.1523256e-02   1.4971563e-01   4.9579598e-05   5.2114838e-04   3.7509023e-04   1.8939467e-01   3.4940992e-02  -4.1181936e-01
   2.3083905e-02   9.2820532e-02   1.7956726e-01  -1.9768152e-04   7.1560265e-04   1.0019171e-03   1.9666260e-01   6.0238118e-02  -4.3801017e-01
   2.0480832e-02   9.6907516e-02   1.6358349e-01   1.3213979e-04   7.7376457e-04   1.1257373e-03   1.8265413e-01   4.1857006e-02  -4.7312662e-01
   1.4607809e-02   1.0170432e-01   1.6904412e-01   3.8227687e-05   6.1527219e-04   1.0845943e-03   1.8439072e-01   7.7296379e-02  -4.6432740e-01
   3.3629421e-03   1.1613630e-01   2.1107504e-01  -2.6698429e-04   3.2092880e-04   1.0370503e-03   1.6989624e-01   9.8731683e-02  -4.4863294e-01
   3.7615456e-02   8.8867085e-02   1.7335498e-01   1.3093709e-05   9.3586377e-04   1.0855225e-03   1.5448394e-01   1.1577856e-01  -4.5992002e-01
   3.3952858e-03   3.7489367e-02   1.5580566e-01  -1.4188804e-04   7.5786193e-04   5.1046657e-04   2.0846390e-01   8.9549438e-02  -4.2636178e-01
  -1.3767324e-02  -5.6844211e-02   4.5616366e-02   2.8057579e-04   3.6306400e-05  -7.3567083e-04   2.6340793e-01   1.1204138e-01  -3.8800390e-01
  -2.5219934e-02  -4.0285763e-02  -1.2985772e-02   3.9136911e-04  -5.6175292e-05  -5.9532627e-04   4.8242612e-01  -2.4322943e-01  -4.7235555e-01
  -5.2743921e-03  -8.1042121e-02  -4.9163108e-02   3.1722185e-04   5.9009522e-04  -6.8413706e-04   2.1342793e-01   3.5073856e-02  -4.1125125e-01
   2.5666659e-03  -4.6061965e-02  -1.4523644e-03   4.7892889e-04   6.8084930e-04  -3.5593946e-04   2.2571306e-01   8.7145021e-02  -4.1616784e-01
  -4.4613278e-03  -2.6526326e-02   1.6619671e-02   3.3153228e-04   2.9665139e-04  -2.6174931e-04   2.1160632e-01   6.9961306e-02  -4.3154858e-01
  -7.8328856e-03   1.1501819e-02   7.4418629e-02   4.0143043e-04   1.7080947e-04  -7.0554061e-05   2.0385184e-01   7.5478480e-02  -4.1554811e-01
  -1.9018038e-02   1.3028136e-02   7.2540650e-02   3.4826019e-04   5.8352387e-05   8.4171915e-05   1.9168737e-01   6.7943994e-02  -3.8439574e-01
  -1.6520807e-02   3.7543148e-02   1.2624099e-01   5.7761456e-04   3.7252754e-04   6.6512534e-04   2.1304701e-01   8.4307494e-02  -4.5777916e-01
   1.4972218e-02   8.6444535e-02   2.5496653e-01   2.1959553e-04   1.0916616e-03   9.2905460e-04   1.9155012e-01   1.8025531e-01  -4.2211699e-01
   2.2174192e-02   8.2639685e-02   2.0014934e-01  -1.4898122e-06   1.1284278e-03   8.7026936e-04   2.1132802e-01   1.9181331e-01  -3.6675296e-01
  -2.8749706e-03   3.3698399e-02   1.3357183e-01   9.8344661e-04   1.2244232e-03   4.4079984e-04   2.1389432e-01   1.7016142e-01  -3.9972957e-01
  -3.0150430e-03   2.1483768e-02   2.0360537e-01   1.0917979e-03   1.2157397e-03   2.3122719e-04   2.3183046e-01   2.0527019e-01  -3.7236627e-01
   1.2015483e-03   1.1902185e-01   3.5033917e-01   2.7126926e-04   9.9017715e-04   8.1995926e-04   3.2069968e-01  -7.0118588e-02  -4.2131504e-01
   3.1650857e-02   9.6806399e-02   2.8665437e-01   4.1578625e-04   4.1706297e-04   1.2122150e-03   1.4372290e-01   1.9037338e-01  -3.3579615e-01
   5.5955087e-02  -7.3969510e-02   5.3728834e-02  -1.8271107e-03   5.9405651e-04   7.0575852e-04   4.7038135e-01   2.7360218e+00  -1.9794239e-01
   2.6831038e-02   1.2155056e-03   1.3428154e-01  -1.1064458e-03   6.6403336e-04   1.9984187e-03  -2.1403430e-01   3.9023247e+00   3.1186589e-01
   5.1685021e-02  -4.9373615e-02   7.7358621e-01  -2.4069094e-03  -4.8066817e-04   2.1358244e-03   9.3848125e-01   4.3132959e+00   4.7627158e-01
   1.2057452e-01  -1.2798839e-01   4.0386956e-01  -2.0961119e-03  -1.1774034e-03   1.3550348e-03   1.5685372e+00   3.5538578e+00   2.8285860e-01
   1.0894384e-01  -6.4520248e-02   5.6848900e-01  -2.7948840e-03  -1.4109867e-03   1.8426378e-03   2.7794019e+00   4.3429286e+00   5.1022504e-01
   7.2454798e-02  -2.3064905e-01   9.1271717e-01  -3.7019069e-03  -4.2770883e-03   5.8531276e-04   3.7556954e+00   3.5365416e+00   2.7216136e-01
   1.0784918e-01  -3.3427052e-01   7.9780119e-01  -4.1190564e-03  -3.4913446e-03   6.7135930e-04   4.2238739e+00   3.7640295e+00  -1.2132651e-01
   5.6314152e-02  -6.3052914e-02   5.8049850e-01  -1.6408107e-03  -3.2307800e-03   1.5576188e-03   3.7784408e+00   4.3367787e+00   3.7485504e-01
   4.2787961e-02  -1.5860291e-01   3.5834587e-01  -2.2979128e-03  -2.9776311e-03   2.8604731e-03  -8.7453758e-01   4.3116309e+00   3.2013835e-01
   7.2406783e-02  -5.0620849e-02   6.1757287e-01  -3.3895366e-03   2.4304918e-04   2.0407313e-03   7.3210985e-01   3.6018755e+00  -7.0281385e-02
   1.1286983e-01   2.6364511e-02   5.1684962e-01  -3.1155224e-03  -3.4514254e-04   2.0032378e-03  -1.3807797e-01   4.3126486e+00   5.4033563e-01
   9.2492112e-02   5.1022405e-02   5.5629270e-01  -1.0200199e-03  -1.3128928e-03   1.4767225e-03   2.1992885e-02   2.5063335e+00   5.8368316e-02
   7.6692530e-02  -1.6584169e-01   2.0725202e-01  -2.7389535e-03  -1.9701269e-03   4.8027188e-04   2.0859616e-01   1.2914567e+00  -3.9657779e-01
   3.1458595e-02  -1.2498882e-01   4.4803765e-01  -1.9050185e-03  -2.6527444e-03   3.7430532e-04   9.4373767e-02   1.1076093e+00  -3.2458119e-01
   9.4628167e-02  -5.5526825e-02   5.2018243e-01  -2.4997734e-03  -1.1084851e-04   1.1103621e-03   6.7785187e-02   1.1603608e+00  -3.1828615e-01
   7.4660617e-02  -9.5291767e-02   5.0142075e-01  -2.1584402e-03  -1.0190294e-03   3.9005650e-04   8.0273651e-02   1.0522202e+00  -3.2691558e-01
   6.5698042e-02  -1.2251138e-01   3.8586305e-01  -1.7177255e-03  -1.1051193e-03   4.5016928e-04   6.1964991e-02   9.9405153e-01  -3.4223563e-01
   6.4123233e-02  -1.1673494e-01   3.0126415e-01  -1.6074995e-03   5.7910441e-04  -9.0711404e-05   1.1924728e-01   9.5858473e-01  -2.9908063e-01
   4.9999203e-02  -1.4805769e-01   2.0368540e-01  -1.1823451e-03  -6.3792639e-04   3.9742394e-05   1.0658978e-01   7.9259527e-01  -3.3245292e-01
   6.2268499e-02  -7.4668501e-02   2.9888552e-01  -1.2759868e-03  -2.8630636e-04   4.5569740e-04   8.4776967e-02   8.7393964e-01  -3.2553932e-01
   5.7104129e-02  -1.2866221e-01   4.4814911e-01  -1.3772863e-03   4.4729803e-05   4.6132842e-04   1.1414327e-01   8.8744712e-01  -3.0392204e-01
   4.3648119e-02  -7.1922364e-02   3.3714685e-01  -1.0133009e-03  -4.4562280e-04   4.5170169e-04   3.1853468e-01   5.8978610e-01  -3.5481504e-01
   5.0306081e-02  -5.5525601e-02   4.0046097e-01  -6.7787619e-04  -8.7256377e-05   4.1571719e-04   4.2202724e-02   6.4086490e-01  -2.3566021e-01
   5.8099473e-02  -2.1142140e-02   4.7511366e-01  -1.0544011e-03  -1.0116058e-03   1.3092469e-03   3.5766081e-02   6.2164956e-01  -2.3145957e-01
   5.1696793e-02  -5.7912137e-03   3.1562696e-01  -2.7496116e-04  -6.4602892e-04   6.7538224e-04   7.2328967e-02   5.8240884e-01  -3.2255812e-01
   7.8940230e-02   2.4609913e-02   3.7478400e-01  -9.3700737e-04  -1.2866338e-03   1.4332756e-03   2.6672127e-02   5.8338379e-01  -3.2240443e-01
   7.0004896e-02   6.3737003e-02   4.8978090e-01  -8.0171701e-04  -1.4377093e-03   1.1706848e-03   9.8904468e-02   4.5322346e-01  -3.2556532e-01
   3.3738011e-02   9.1387777e-02   4.5397293e-01  -2.4523365e-04  -1.2871220e-03   5.1824343e-04   8.4536599e-02   3.4198938e-01  -3.6811358e-01
   1.6978750e-02  -1.3798532e-03   2.3565768e-01   8.9102149e-05  -1.4486391e-03   1.9336593e-04   1.0004215e-01   3.9329853e-01  -3.5370603e-01
   3.7187877e-03  -3.3820429e-02   2.1454279e-01   2.5778017e-04  -1.7144413e-03  -1.8816596e-04   8.8992629e-02   3.4810364e-01  -3.4798178e-01
   3.6013116e-03  -5.6296161e-02   1.7470056e-01  -1.1919564e-04  -1.5226675e-03  -1.6694870e-04   9.3296978e-02   3.6299725e-01  -3.4934662e-01
   1.1360352e-02  -5.7940619e-03   2.3758687e-01  -1.6377840e-04  -1.7029489e-03   3.1923522e-04   1.0168793e-01   4.4594849e-01  -3.3804352e-01
   6.4038014e-03  -9.7403149e-04   2.5314979e-01  -2.4558851e-04  -2.0045674e-03   3.5313946e-04   9.3757680e-02   4.0086607e-01  -3.4884809e-01
   3.3162591e-02   5.5490399e-02   2.7903281e-01  -7.2297652e-05  -4.5214719e-04   1.0541184e-03   9.0435191e-02   4.8702814e-01  -3.8402044e-01
   1.3843002e-02  -2.8190985e-03   2.6927058e-01   6.3903702e-04  -1.2104091e-03   5.4120790e-04   7.7971249e-02   3.6817217e-01  -3.9596911e-01
   1.4742729e-02  -1.0960322e-02   3.0218587e-01   5.7484976e-04  -1.0798101e-03   6.2333844e-04   1.0867868e-01   3.7272203e-01  -3.6966922e-01
   2.7140698e-02   4.8310554e-02   3.3641526e-01   6.9507551e-04  -2.7375234e-04   9.7651769e-04   8.6253715e-02   3.2628450e-01  -3.6744347e-01
   3.0859293e-02  -1.4061326e-02   2.0722649e-01   7.6297799e-04  -1.3374144e-04   1.7875402e-04   1.0484441e-01   4.0773610e-01  -3.7038531e-01
   3.2636892e-02  -5.9406747e-02   1.3984055e-01   1.3087080e-04  -7.2320184e-04   3.4709570e-04   7.2004497e-02   4.0799072e-01  -3.5001147e-01
   1.7414192e-02   9.7059797e-02   3.0644880e-01   4.7789143e-04  -8.8134482e-04   9.7728186e-04   8.4642722e-02   4.4675732e-01  -3.6891534e-01
   8.1545392e-03   3.1879459e-02   3.2453526e-01  -7.1442126e-05  -2.1689537e-03   6.7033837e-04   9.2878068e-02   4.7417905e-01  -3.7367867e-01
   2.4128287e-02   3.0285412e-02   2.9643439e-01  -2.0325208e-05  -1.3491192e-03   8.2182971e-04   3.0133956e-01   3.1327839e-01  -4.0400598e-01
   2.3898060e-02  -8.1097227e-03   2.2887683e-01   2.0590322e-04  -1.3023564e-03   6.4563928e-04   3.2035114e-01   1.5851785e-01  -4.0269113e-01
   3.4513777e-02   1.8110898e-02   3.5319406e-01  -2.7048656e-04  -1.4972695e-03   5.0010492e-04   8.5819867e-02   4.3694298e-01  -3.5836167e-01
   2.6262797e-02   2.8337452e-02   3.0673251e-01  -1.6144668e-04  -1.5746118e-03   5.0863331e-04   8.6299701e-02   4.6034106e-01  -3.7723007e-01
   3.1457466e-02  -5.9766533e-02   2.1296568e-01  -5.2074470e-04  -1.9041926e-03  -1.8404738e-04   7.5015533e-02   4.3268730e-01  -3.6615352e-01
   2.0173643e-02   1.4294859e-02   2.1592825e-01  -4.6549211e-04  -1.7247926e-03   5.4974667e-04   7.8060197e-02   4.6144402e-01  -3.7488454e-01
   4.4396370e-02   7.5049585e-03   2.1795832e-01   1.5963011e-04  -1.4498649e-03   5.3804398e-04   3.0388514e-01   1.4901975e-01  -4.4053401e-01
   3.4832811e-02  -5.6393675e-03   3.0031730e-01  -2.1110062e-04  -1.9434709e-03   2.8407665e-04   4.9546295e-02   4.6388131e-01  -3.4973674e-01
   4.3771160e-02   6.6275156e-02   3.7997686e-01  -5.1308104e-04  -1.6776180e-03   9.1938375e-04   7.1881428e-02   4.6162923e-01  -3.6158330e-01
   4.7483820e-02   7.0334321e-02   3.8603723e-01  -4.0397857e-04  -1.7721842e-03   8.4159464e-04   7.0057348e-02   4.1224754e-01  -3.9517929e-01
   4.0957145e-02   6.1779945e-02   3.9854355e-01  -6.2874754e-04  -1.9531483e-03   6.2328332e-04   8.9240115e-02   3.8372974e-01  -4.1597500e-01
   5.4762518e-02   6.3281665e-02   3.8018697e-01  -2.5955529e-04  -1.5624297e-03   1.1321545e-03   6.9086136e-03   3.3190207e-01  -4.1840886e-01
   3.1098210e-02   4.0104063e-02   3.6574638e-01  -4.9280936e-04  -1.9566438e-03   9.1289177e-04   7.1046519e-02   4.9232322e-01  -4.0113436e-01
   1.0307418e-02   7.1594460e-03   3.0778143e-01   7.4289120e-05  -2.3231550e-03   4.2305831e-04   3.3380309e-01   1.4036470e-01  -4.5848706e-01
   2.1268823e-02   2.3283096e-02   2.8329461e-01  -8.3486040e-05  -1.6992913e-03   8.0102216e-04   1.2742687e-01   2.8748458e-01  -4.1356846e-01
   3.1653816e-02  -2.9692845e-02   1.5617255e-01   1.3022716e-05  -5.7991981e-04   3.6066635e-04   5.3797905e-01  -2.1543381e-01  -4.7709657e-01
   4.0027655e-02   5.3143555e-02   3.5717682e-01   2.4937457e-04   4.8696804e-04   8.8065205e-04   1.6410303e-01   3.6774214e-01  -3.7290631e-01
   5.0669117e-02   8.4524088e-02   3.7607716e-01   2.1456105e-04  -1.1845813e-04   1.0248882e-03   6.6970544e-02   2.4889186e-01  -3.8715093e-01
   5.6398781e-02   8.9586729e-02   3.3609848e-01   3.0308464e-04  -5.3691018e-04   1.2666237e-03   1.9024815e-04   2.9620015e-01  -4.0482557e-01
   5.1688981e-02   8.2826283e-02   3.0499502e-01   7.0257830e-05  -6.9490788e-04   1.0798902e-03   3.1536219e-02   2.5702198e-01  -3.8368031e-01
   3.1108818e-02   2.5681633e-02   2.2357819e-01  -5.1279126e-07  -5.8138363e-04   5.5945592e-04   7.8539819e-02   2.8987652e-01  -3.8297105e-01
   2.9361043e-02  -1.9370315e-02   2.0174017e-01  -8.4767563e-05  -3.7312003e-04   3.5494778e-04   8.9810181e-02   3.0701723e-01  -3.9854710e-01
   1.4144107e-02  -1.2068895e-02   1.9694236e-01   9.7026526e-04  -1.0890818e-03   2.9001746e-04   7.8559180e-02   3.0445846e-01  -3.8993311e-01
   1.5459444e-02  -7.1502878e-02   1.2211453e-01   3.3409949e-04  -1.6055102e-03  -2.9613017e-04   7.0068474e-02   3.0852394e-01  -3.5888169e-01
   1.1694568e-02  -2.8144248e-02   1.1894429e-01   5.2531972e-05  -1.3512470e-03  -7.3906404e-05   2.2720748e-01   5.5001482e-02  -4.0989420e-01
   3.3080351e-02  -6.8001098e-03   1.7996651e-01   1.0658647e-05  -7.1584454e-04   3.7801869e-04   8.3277891e-02   1.8057151e-01  -4.2320878e-01
   7.2170131e-02   5.6954978e-02   2.2776841e-01   2.5536964e-04   3.3343348e-04   1.1070626e-03   9.6022813e-02   3.3620927e-01  -3.6293872e-01
   4.7628497e-02   7.8930702e-02   2.6210901e-01   2.1709300e-04  -4.2749753e-04   1.1731798e-03   1.3190353e-01   1.5710105e-01  -3.8786961e-01
   4.4428132e-02   1.1474769e-01   2.8058290e-01   1.1606867e-03  -4.9063990e-04   1.3522219e-03   3.6044661e-01  -2.2271053e-01  -4.6250357e-01
   4.5155998e-02   8.7577234e-02   2.8902728e-01   7.6220846e-05  -6.3342950e-04   1.0730103e-03   6.4816044e-02   1.2156636e-01  -4.1244583e-01
   3.3504242e-02   8.6317731e-02   2.8144730e-01   5.6064658e-04  -9.0769202e-04   1.0815655e-03   5.9017757e-02   1.7187915e-01  -4.0350675e-01
   2.6793184e-02   5.1663699e-02   2.6711732e-01   2.3579266e-04  -9.7525037e-04   9.4978443e-04  -1.5239814e-02   9.0740009e-02  -4.6656034e-01
   1.9676197e-02   5.3985224e-02   2.2612728e-01   7.8333842e-04  -5.9986074e-04   7.3277550e-04   5.5066543e-02   2.5487843e-01  -4.6196555e-01
   2.2502372e-02   5.3088059e-02   2.1499483e-01   7.1755816e-04  -6.4305103e-04   5.0889059e-04   7.0197247e-02   2.4554251e-01  -3.9131170e-01
   3.9703518e-02   7.8428997e-02   2.4750819e-01  -8.3629319e-05  -8.1929936e-04   6.7313564e-04   5.6698508e-02   1.6539365e-01  -3.7378801e-01
   5.2681497e-02   8.9034773e-02   2.2736229e-01   2.6991222e-04  -4.3687900e-04   9.5755784e-04   1.0847416e-01   7.6613660e-02  -4.3111639e-01
   4.1852459e-02   1.1262460e-01   2.5980664e-01   2.9368937e-04  -5.2336947e-04   1.4264284e-03   4.2085937e-01  -2.6382791e-01  -5.1067075e-01
   3.4972010e-02   8.1942008e-02   3.1373061e-01  -2.5246180e-04  -6.0474130e-04   9.3683503e-04   6.1040115e-02   1.6305656e-01  -4.2419185e-01
   2.5414352e-02   3.8032135e-02   2.1203910e-01  -2.5347134e-05  -7.5028071e-04   1.1804617e-03   6.4101362e-02   1.8566881e-01  -4.2782876e-01
   1.6356732e-02   5.2882241e-02   2.3293291e-01   1.5836445e-04  -9.4241477e-04   6.6101498e-04   4.9395615e-02   2.5816499e-01  -4.2412648e-01
   3.5222813e-02   4.7582937e-02   2.7871063e-01  -4.2972147e-05  -5.1761393e-04   7.4102164e-04   5.5617030e-02   2.8412808e-01  -4.3257083e-01
   2.5359025e-02   6.5186705e-02   2.7446197e-01   3.4815903e-04  -5.0961882e-04   1.0115316e-03   3.7084371e-01  -1.9438231e-02  -4.8162126e-01
   1.2914663e-02   5.2959710e-02   2.7707030e-01   5.2347995e-04  -7.1389723e-04   6.8432036e-04   4.7214078e-02   2.1366579e-01  -3.9357331e-01
   2.4467565e-02   7.2635758e-02   2.9275595e-01  -1.4355915e-06  -6.3472456e-04   8.5125531e-04   3.6781928e-02   2.0506274e-01  -3.9302123e-01
   3.4236581e-02   4.7084846e-02   1.9886295e-01   1.0184724e-04  -6.0503276e-04   1.3008326e-03   4.6658706e-02   2.4074125e-01  -3.6091164e-01
   4.5361739e-02   9.5751521e-02   2.5027679e-01   5.0240540e-04  -4.0915662e-05   1.3595237e-03   6.1682596e-02   2.8651058e-01  -3.5776053e-01
   1.2533239e-02  -4.6501635e-02   1.9590351e-01   3.3771921e-04  -7.3328863e-04  -1.8586533e-04   3.2368283e-02   2.4840091e-01  -4.1321827e-01
   1.8875418e-02   2.6457391e-02   1.8546730e-01   4.4209781e-04  -7.5155470e-04   8.1282791e-04   3.4927683e-01   1.0695766e-02  -4.6632452e-01
   2.7303889e-02   3.1017071e-02   2.8141976e-01   9.7692360e-05  -8.0064837e-04   7.3094442e-04   1.6252397e-01   1.7404976e-01  -4.0057077e-01
   2.1855503e-02   1.9060312e-02   2.0727609e-01   3.2548869e-04  -1.3144820e-03   5.5200271e-04   2.5470956e-01   3.9296039e-02  -4.6295034e-01
   4.1034210e-02   6.1848897e-02   2.7370349e-01  -9.9165808e-05  -7.4615522e-04   6.2532552e-04   6.4456813e-02   2.5787870e-01  -4.1902332e-01
   5.1626320e-02   7.5525334e-02   2.6023809e-01   5.1489041e-05  -6.1160266e-04   1.0051877e-03   1.7210757e-02   1.1634770e-01  -3.8690415e-01
   5.1999005e-02   7.9441448e-02   3.0899582e-01   7.0608677e-05  -8.8189851e-04   8.6721463e-04   2.9681043e-02   1.8220968e-01  -4.3249469e-01
   4.6336656e-02   9.6734686e-02   2.6773816e-01   9.9436100e-05  -8.6074383e-04   1.0842775e-03   2.7137068e-01  -1.8967429e-01  -4.6285174e-01
   3.2751159e-02   1.1888032e-01   2.8595418e-01   4.5979142e-04  -5.3458909e-04   1.0824370e-03   4.3789294e-02   1.4390512e-01  -3.6830022e-01
   3.7847521e-02   9.0607107e-02   2.8014396e-01   4.2216504e-07  -7.2610161e-04   7.3680997e-04   3.2428863e-01  -1.9901741e-01  -4.6900688e-01
   4.5710792e-02   9.2802253e-02   2.7308023e-01  -1.3400449e-04  -7.8373362e-04   7.8177463e-04   4.5814068e-02  -1.6904837e-03  -4.5596301e-01
   2.8182640e-02   3.7580906e-02   2.0339802e-01   6.3211669e-04  -8.5971473e-04   5.2702404e-04   5.4816568e-01  -1.0651492e+00  -4.2619679e-01
   1.7380956e-02   1.1186416e-02   2.7469115e-01  -8.2894257e-04  -8.6609527e-04   2.7854061e-04   8.4363462e-02  -5.5570509e-01  -4.4206225e-01
   4.1204102e-03   3.2168409e-02   2.6438625e-01   3.3956998e-04  -1.3007650e-03   6.6072533e-04   6.8629545e-02   2.6677553e-01  -4.0556310e-01
   7.1482856e-03   6.2527903e-02   2.9943834e-01   3.2192606e-04  -9.2602616e-04   7.3322174e-04   5.5026341e-02   2.0071670e-01  -4.8683101e-01
   7.2069415e-03   6.1072737e-02   2.7383232e-01   5.1295378e-04  -9.0221133e-04   5.9086984e-04  -4.1996812e-03   1.3891894e-01  -4.7695917e-01
   2.0911020e-02  -1.1320406e-02   1.9090300e-01   2.7365022e-04  -1.0453202e-03  -1.3484387e-04   7.0123764e-02   2.4016742e-01  -4.5718193e-01
   2.8255580e-02   6.9837091e-02   2.6728474e-01   2.8717730e-04  -7.3922326e-04   1.1227312e-03   2.6755561e-01   3.8874782e-02  -4.9303819e-01
   3.5561427e-02   3.2389294e-02   2.5167700e-01  -1.1846736e-05  -7.6891028e-04   6.8210488e-04   5.8831625e-02   2.6334111e-01  -4.0211765e-01
   2.9882985e-02   2.0773247e-02   1.7813078e-01   4.8060781e-04  -9.8655815e-04   4.3461815e-04   6.5653055e-02   2.0206065e-01  -4.6742918e-01
   2.5355684e-02   6.5439517e-02   2.3295756e-01   4.0615700e-04  -9.3819233e-04   6.1881616e-04   6.0266626e-02   2.5390262e-01  -4.2800203e-01
   1.9898830e-02   1.2144896e-01   3.2779682e-01   5.5372398e-04  -1.2780260e-03   1.2391615e-03   3.5517872e-02   2.5777069e-01  -4.1131267e-01
   1.6210666e-02   6.8606618e-02   2.7586524e-01   6.5744293e-04  -1.3796040e-03   4.2724231e-04   6.5537876e-02   2.7730185e-01  -4.0610879e-01
   1.1444425e-02  -6.9647159e-02   1.2722280e-01   5.4823425e-05  -1.5617662e-03  -1.1975480e-04   4.6002136e-01  -2.2155969e-01  -5.0524085e-01
   1.7520293e-02   5.2256377e-02   2.3675397e-01  -1.6271155e-04  -1.4950230e-03   6.6087773e-04   1.2482144e-01   1.4876689e-01  -4.4838735e-01
   1.2116645e-02   3.9131577e-02   2.1379421e-01   3.3504531e-04  -1.1055843e-03   6.3498984e-04   2.5254916e-01   5.0136605e-01  -3.5257850e-01
