   0.0000000e+00   0.0000000e+00   0.0000000e+00   0.0000000e+00   0.0000000e+00  -0.0000000e+00  -3.8237135e-02   5.5299216e-01  -1.1160327e-01
  -1.8384690e-02   2.3342140e-02   9.8771653e-02   1.6483855e-04  -3.6677878e-04  -4.1618257e-04  -5.3073694e-03   6.2019733e-01  -9.2860514e-02
  -9.6728172e-03   1.5799531e-02   1.1359517e-01  -5.4082769e-05  -4.6024010e-04  -2.2875051e-04  -1.2137479e-02   5.9753150e-01  -1.4520511e-01
  -6.0606704e-03  -3.2150183e-02   8.1752822e-02  -2.1684660e-04  -2.3884308e-04  -4.1399629e-04   2.0932586e-01   3.0888213e-01  -1.9641410e-01
   2.9820736e-02  -4.4129974e-02   8.4417367e-02  -6.5848063e-04   8.4138918e-05   3.3931442e-04   6.7351338e-03   4.7318284e-01  -3.6298291e-01
  -2.2748667e-03   5.7536408e-03   1.3676997e-01  -1.9108108e-04  -1.1716418e-04   6.7978355e-06   2.2852878e-01   3.0377133e-01  -4.0210886e-01
   2.0462689e-02  -1.1602640e-01  -2.2956542e-02  -3.2588185e-04   3.2464900e-04  -2.2637974e-04   2.4728258e-01   2.5188363e-01  -3.7902652e-01
   1.2295041e-02  -3.7344012e-02   4.2547823e-02  -5.5166538e-04   3.5864948e-06   1.3871867e-04   2.5946140e-01   3.0064702e-01  -3.6088090e-01
  -2.3200364e-03   2.3903106e-02   8.3731150e-02   9.2064577e-05  -1.6561044e-04  -1.1684144e-04   1.7635549e-02   5.7154670e-01  -2.8359004e-01
  -1.5553539e-02   2.6452957e-02   9.5622336e-02   2.0321870e-04  -5.0623525e-04  -2.2047759e-04   2.0666363e-01   3.4345954e-01  -3.1972350e-01
  -8.9498628e-04  -2.4688535e-02   2.8627820e-02  -9.9271133e-05  -3.5083174e-04   1.1246370e-05   1.0960328e-02   5.8821981e-01  -2.5928917e-01
  -2.1584611e-02   2.5570435e-02   8.3278653e-02   4.5535282e-04  -5.9058069e-04  -3.3730207e-04   3.3022730e-02   7.3492009e-01  -2.7507747e-01
  -1.5403709e-02   2.0379783e-02   7.5594661e-02   3.2926582e-04  -3.8635236e-04  -2.8902501e-04   1.7539270e-02   6.2541115e-01  -2.5742605e-01
  -2.4632374e-02   1.7533558e-03   1.2044316e-01  -6.2203754e-06  -7.8280653e-04  -2.7654218e-04   9.2705922e-03   6.0486156e-01  -2.6652707e-01
  -1.7363712e-02   2.1562858e-02   1.0183792e-01   2.2397583e-04  -6.1556496e-04  -1.6401435e-04   2.6549830e-02   5.9252493e-01  -2.5149850e-01
  -2.0513911e-02   2.3107847e-02   1.3777386e-01  -4.0969458e-05  -9.3743874e-04  -1.0074757e-04  -1.0534079e-02   5.8484488e-01  -2.2993993e-01
   1.9011017e-02  -4.4367461e-02   4.6429536e-02  -2.0760393e-04  -6.5176561e-05   4.3963500e-04  -3.0346672e-02   5.4926965e-01  -2.2937487e-01
   2.4211355e-02  -2.3960143e-02   8.1449327e-02  -2.9076467e-04   6.9558237e-06   2.9768176e-04  -3.2318178e-02   5.5758431e-01  -2.4121031e-01
  -4.5638149e-03   1.6018381e-02   1.1912881e-01  -3.1545619e-04  -3.9391061e-04  -2.0388892e-04  -1.7418623e-02   6.3275701e-01  -2.2078705e-01
   4.5432535e-03   4.5791912e-04   8.5405724e-02  -2.8397342e-04  -1.6837703e-04   8.4140239e-05  -5.0159922e-02   5.8025004e-01  -2.0671075e-01
   1.1155637e-02  -2.6059022e-02   4.1807224e-02   9.0212992e-05  -1.1203144e-04   5.2955529e-04  -9.9510451e-03   5.1891563e-01  -2.6939042e-01
  -1.2774314e-02   1.9258750e-02   6.4077348e-02   2.6856008e-04  -3.7591391e-04  -1.2017266e-04  -1.1363892e-02   6.5512853e-01  -2.0250921e-01
  -7.6074852e-03   7.2820908e-03   1.1200747e-01  -2.3191186e-04  -4.8250312e-04  -5.0088702e-06  -2.0271533e-02   6.9426699e-01  -2.1972875e-01
   3.0126108e-02  -9.5936550e-02  -1.7412303e-02  -4.3006711e-04   2.0818611e-04   6.6172391e-04  -1.2153306e-02   6.4510041e-01  -2.2214783e-01
   1.8519471e-02  -2.7475078e-02   6.0456653e-02  -6.0270565e-04  -2.6465368e-04   2.4931109e-04   1.7172113e-01   4.7714227e-01  -2.9750485e-01
  -1.7143418e-02   1.3962410e-02   7.9574647e-02   1.3186718e-05  -5.0955347e-04  -1.7590264e-04   1.1234966e-02   6.7198456e-01  -2.6895670e-01
  -2.0698660e-02   1.1125831e-02   1.2624947e-01   3.8382978e-04  -5.0343264e-04  -1.7916151e-04   1.6416325e-04   6.9326006e-01  -2.0609583e-01
  -1.2357391e-02   5.8163565e-04   9.5045807e-02   2.2739395e-04  -4.6118174e-04  -1.3758318e-04   3.2507048e-03   7.0428767e-01  -2.3573889e-01
  -1.1916856e-02   9.0789370e-03   1.3580149e-01   2.1294273e-04  -5.0966770e-04  -1.4260982e-04   1.5013294e-01   5.4764393e-01  -3.0841928e-01
   1.6070607e-04  -1.1358594e-02   6.3184978e-02   2.0174308e-04  -1.7288776e-04  -7.0340301e-05  -1.2748387e-02   5.5031171e-01  -2.4162345e-01
   9.3082682e-03  -3.4243746e-02   4.7282378e-02  -1.4771407e-05   2.7138735e-04   2.6694994e-04   1.5122524e-01   3.6365869e-01  -2.8866558e-01
   8.7961198e-03   1.2212089e-03   9.3307014e-02   3.8140959e-04  -6.3167271e-05   2.6619036e-04  -2.7691365e-02   5.7554076e-01  -2.0339916e-01
   1.3014268e-02  -2.6143652e-02   6.1083639e-02   7.5735248e-05   1.2699079e-04   1.7338381e-04  -3.5197675e-02   5.5745915e-01  -2.6203824e-01
  -5.1287764e-03   1.1679689e-02   9.5978241e-02   3.4909350e-04  -3.0179905e-04   9.7850495e-05  -4.3678987e-03   5.9661683e-01  -2.4797249e-01
   3.5358967e-02  -9.2887088e-02  -5.8886632e-03  -6.3014662e-04   5.1673199e-04   3.5296966e-04  -3.7445962e-02   5.6013525e-01  -2.3479919e-01
   1.0914887e-03  -1.3401363e-03   4.7118478e-02   2.4978823e-04   7.6639755e-06   9.8202702e-05  -2.8191646e-02   5.8400972e-01  -2.4859589e-01
  -1.0713910e-02   1.2415434e-02   1.0204858e-01   5.7828830e-04  -9.7776486e-05  -1.4224997e-04   1.3827965e-02   6.6314076e-01  -2.7431108e-01
  -4.3567129e-03   1.1194358e-02   1.0002283e-01   5.7859505e-04  -2.7257097e-04  -6.6952488e-05   2.2981953e-01   3.8392933e-01  -3.0519084e-01
   1.8457804e-02  -4.8955598e-02   2.4124938e-02   1.9049054e-04  -1.4967509e-05   2.5569063e-04  -4.1350402e-03   5.2561571e-01  -2.3849023e-01
  -5.2591513e-03  -6.4368216e-03   7.4014949e-02   3.3889993e-04  -5.1578095e-04  -2.4427748e-05  -1.0826335e-02   5.8738895e-01  -2.6091015e-01
   2.3719516e-03  -1.9062720e-02   8.6537448e-02  -4.4927179e-04  -2.6913218e-04  -7.8268375e-05  -1.0684365e-02   5.3287910e-01  -2.5278598e-01
  -2.4306355e-03  -1.6220013e-02   5.2962460e-02   6.5132941e-04  -1.9116845e-04  -6.4791663e-05   1.8798012e-01   3.4834870e-01  -3.0081386e-01
   4.0153980e-03  -3.1005997e-02   6.7990023e-02   3.0699041e-04  -1.7103282e-04   7.4049100e-05  -2.8457803e-02   5.6575256e-01  -2.4609992e-01
  -2.1370454e-02   1.6569734e-02   8.8253931e-02   5.7206640e-04  -5.4961785e-04  -2.5105690e-04  -1.9821514e-03   5.9972669e-01  -2.8485316e-01
  -7.4479100e-03   3.8736652e-02   9.8760803e-02   8.1041876e-04  -4.9527760e-04  -3.1654472e-04   2.5824446e-01   3.0399814e-01  -3.0968267e-01
   2.2416363e-02  -1.1403771e-01  -5.5267048e-02   7.6693709e-04   1.2608627e-04   4.2861733e-04   2.9404258e-01   3.0088614e-01  -3.1280044e-01
   1.0808601e-02  -4.8511505e-02   1.2667825e-01  -5.5874781e-04   7.2138390e-04  -6.4975042e-05   1.1157711e-02   1.0766778e+00  -1.9076602e-01
  -5.7430895e-03  -3.5023003e-02   9.7264038e-02  -2.7001885e-04   2.5826115e-04  -2.7342182e-04  -3.1556983e-02   9.3628272e-01  -1.5116553e-01
  -9.6550482e-03  -1.5691666e-02   5.5844075e-02  -7.5227537e-05   2.5388309e-04  -4.4460036e-04  -5.6647729e-02   7.8471380e-01  -1.4239259e-01
   1.0083427e-02  -9.9744300e-02   5.8285000e-02  -7.7764188e-04   1.2855774e-04   1.3196046e-04   2.0456994e-01   5.4145248e-01  -2.3187202e-01
  -1.3466321e-02  -1.8998929e-02   1.0441423e-01   1.7558489e-04  -2.7856190e-05  -1.9993445e-04  -2.4223389e-02   7.6027466e-01  -1.9279781e-01
  -1.8194776e-02   8.2361610e-03   1.6820557e-01   5.0880403e-04  -1.9421658e-04  -5.3257174e-04  -5.7644215e-02   6.6287744e-01  -1.0220105e-01
   2.0705448e-03   3.4053985e-03   8.0696840e-02   2.7076242e-04   1.8509457e-05  -1.7593537e-04   9.6915216e-01   1.6341065e+00  -1.3322492e-01
   1.5459473e-02  -9.4276616e-02  -4.9206288e-02  -5.6278776e-04  -1.6049254e-03  -9.0992293e-04   1.7423999e+00   4.0452738e+00   2.4016620e-01
   4.3207796e-02  -2.8553271e-01  -2.8813351e-02  -2.2296763e-03  -1.6918136e-03  -7.4671069e-04   2.6224323e+00   4.1025480e+00   2.6017330e-01
   1.5637702e-02  -1.7471526e-01   1.6970211e-01  -1.5820623e-03  -8.2339076e-04   4.4871782e-04  -8.7609722e-02   3.9163468e+00   5.5887228e-01
  -1.3998359e-02  -1.0849315e-01   1.6624950e-01  -3.9210586e-04  -1.3082478e-03   5.3666552e-04  -7.3511288e-02   3.5528515e+00   4.8995313e-01
   1.2048480e-02  -1.7051299e-01   5.5345760e-02  -5.0978333e-04   2.6842536e-04   7.8371927e-05  -1.0996851e+00   3.9076179e+00   3.1799011e-01
  -3.3514199e-03  -9.3782456e-02   1.2113631e-01  -6.4815912e-04  -9.8218238e-04   3.7659914e-04  -5.7925493e-01   3.9689846e+00   5.3318040e-01
  -6.5105592e-02  -1.9998001e-01  -1.1608588e-01  -2.3911859e-03  -1.4497517e-03  -1.1098587e-03   4.4262547e+00   3.8275871e+00   3.4866324e-01
  -1.0285825e-02  -1.8741228e-01   1.1343544e-01  -2.8753411e-03  -3.4755033e-04  -1.0333547e-03   4.4261357e+00   4.3499497e+00   4.8692456e-01
  -1.6057641e-02  -1.0217016e-01   6.7964347e-02  -1.6894084e-03  -4.6846683e-04  -1.0227370e-03   3.7466886e+00   3.9759067e+00   4.0294008e-01
   2.3023402e-02  -1.1189511e-01  -1.4700303e-01  -2.5957623e-04   1.1850949e-03  -1.1357567e-03   2.8122112e+00   4.0623937e+00   1.5653143e-01
   9.1354183e-02  -9.9831722e-02  -2.5786961e-02   5.6019759e-04   1.9526892e-03  -2.2525873e-04  -6.2280714e-01   3.7643555e+00   4.5664345e-01
   4.3084232e-02  -1.2680278e-01   2.8748093e-01  -7.1249622e-04   5.6339245e-04   8.2887942e-04  -9.7680748e-01   2.7494260e+00   1.8201321e-01
   3.4000581e-02  -1.3371741e-01   2.2063263e-01  -2.5115909e-04   1.1529008e-03   7.0847686e-04   1.1546223e-01   1.0798904e+00  -2.3986942e-01
   1.9329141e-02  -5.7567501e-02   2.2876052e-01  -8.5318621e-04   6.8350912e-04   3.5609517e-04   1.3160711e-01   1.0542830e+00  -2.1594682e-01
   3.0909641e-02  -6.7086455e-02   2.3498256e-01  -9.2381321e-04   7.3454647e-04   2.5826173e-04   1.1142940e-01   9.7196333e-01  -2.2979099e-01
   2.2711998e-02  -5.0180838e-02   1.8857161e-01  -7.3169252e-04   3.9504255e-04   3.4963504e-04   1.1725614e-01   9.8148821e-01  -2.1396398e-01
   1.6681385e-02  -3.3280636e-02   1.8132706e-01  -5.5308538e-04   3.8644715e-04   2.2009835e-04   1.3894942e-01   9.9330873e-01  -1.5116900e-01
  -1.4294657e-03  -5.0884252e-02   1.3294023e-01  -3.2249641e-04   4.1732314e-04   1.1722710e-04   1.2441777e-01   1.0225893e+00  -1.1393470e-01
   2.3157131e-02  -6.3426247e-02   1.4170061e-01   5.2415138e-04   5.3125535e-04   1.5951214e-04   9.8170782e-02   8.3180699e-01  -1.6750236e-01
   5.0080877e-04  -4.2785437e-02   1.4029541e-01   4.2930250e-04  -5.9618010e-05   1.0115359e-04   8.5650155e-02   9.3001055e-01  -2.3623646e-01
   6.5730804e-03  -4.0669213e-02   1.7499291e-01   3.5244839e-04  -2.6543858e-04   1.5968413e-04   1.1008012e-01   9.2753131e-01  -2.0525106e-01
   3.8321991e-02  -1.6711300e-01   1.3544674e-02   6.4309009e-05   2.3302481e-04   9.0141433e-04   1.1261011e-01   7.6306671e-01  -2.0629927e-01
  -6.7749695e-03  -4.9219256e-02   1.1189457e-01   7.2565677e-04   1.2388661e-04   2.4389811e-04   1.0736534e-01   8.6759793e-01  -2.3068143e-01
  -2.6623269e-03  -1.3958693e-02   1.9164258e-01   6.6384853e-04  -2.0478367e-04   1.5450376e-04   1.2220426e-01   8.4368076e-01  -2.4112870e-01
   1.7352053e-03  -3.8514993e-02   2.0610148e-01   3.2340210e-04   6.5214553e-05   6.7649511e-05   1.0160891e-01   9.0593494e-01  -1.9624905e-01
  -1.8595682e-03  -1.5891369e-02   2.3774400e-01   5.4875057e-04  -3.6087324e-04  -2.2252983e-05   1.2179979e-01   9.3414045e-01  -2.1378462e-01
  -1.0359475e-03  -3.2844710e-02   1.5721899e-01   2.4305648e-04   1.6624918e-04  -7.0018306e-05   9.4972316e-02   8.6448532e-01  -1.9124320e-01
   5.8089063e-03  -4.7237113e-02   1.3079070e-01   6.5548189e-04   2.8600286e-04  -1.2787182e-04   2.5792334e-01   6.9569716e-01  -2.1860805e-01
   2.9146580e-02  -8.4628433e-02   5.7450882e-02   5.8225138e-04   9.4188788e-04   4.7952782e-04   8.4339257e-02   7.5599102e-01  -1.5297378e-01
   1.6657677e-02  -7.5787321e-02   7.2203006e-03   2.7128453e-04   7.7835486e-04   2.3455048e-04   3.0735159e-01   6.9004063e-01  -2.1450317e-01
   4.6373866e-03  -2.1673010e-02   2.0544748e-01   6.2222572e-04   7.1662296e-04  -1.7684222e-04   1.0596812e-01   8.2723057e-01  -2.0728991e-01
   1.6094721e-03  -6.5196143e-02   1.1655587e-01   3.2369690e-04   5.8737293e-04  -4.8573292e-04   1.0206260e-01   8.9254057e-01  -1.5233700e-01
   1.5027435e-02  -5.1071616e-02   1.2455267e-01   3.8403585e-05   5.6968210e-04  -2.2588592e-07   2.6277510e-01   6.4567653e-01  -2.1347746e-01
  -1.4553615e-02  -9.0798137e-03   1.8556524e-01   6.2445122e-04   4.4443511e-04  -7.8326883e-04   2.9303267e-01   6.0817456e-01  -2.0699906e-01
  -1.3443230e-02   1.0328858e-02   1.4494686e-01   6.0908353e-04   3.3768015e-04  -4.4879487e-04   4.0251039e-01   4.4895202e-01  -2.4458443e-01
   5.8015429e-03   2.7568617e-02   1.0804158e-01   1.1960651e-03   1.7082800e-03  -7.9201455e-04   9.9850265e-02   6.7274190e-01  -1.7027945e-01
  -7.8939245e-03   4.6271977e-02   1.8099906e-01   1.0964585e-03   1.4678640e-03  -1.0322358e-03   2.9008344e-01   3.9082314e-01  -2.7703006e-01
  -2.1739989e-03   3.4913140e-02   1.4089389e-01   9.6159747e-04   1.3874613e-03  -9.0402580e-04   8.4258476e-02   5.5333591e-01  -1.7586468e-01
  -2.7051990e-03   3.5808275e-02   1.4514246e-01   1.5515069e-03   1.1941992e-03  -5.5725158e-04   8.5041464e-02   7.0721711e-01  -1.5815603e-01
   1.8806563e-03   7.0520132e-03   1.4124035e-01   1.1689815e-03   1.3689503e-03  -7.1599117e-04   7.7367885e-02   7.3727987e-01  -2.4755131e-01
  -2.0500993e-03  -4.2280401e-03   5.4049286e-02   7.2003551e-04   1.2149996e-03  -6.3495083e-04   1.1018477e-01   8.0365694e-01  -2.3330584e-01
   2.8459046e-02  -8.2124357e-02   2.6030472e-03   1.2030646e-03   1.7689932e-03  -6.3019054e-05   1.0797373e-01   6.6938074e-01  -1.6892937e-01
  -9.1617609e-03  -2.0281962e-02   3.4474204e-02   1.5816506e-04   1.3003423e-03  -1.0232524e-03   8.6158389e-02   8.5617715e-01  -1.7884403e-01
   1.1622977e-02  -2.6968981e-02   1.2690417e-01   5.0030780e-04   1.5089284e-03  -4.8564364e-04   5.9934070e-02   7.4365975e-01  -1.9352721e-01
   6.9027012e-03  -4.2042862e-02   9.5695940e-02   1.6791038e-04   5.9687145e-04  -4.1423376e-04   7.4437924e-02   7.4457611e-01  -2.2595027e-01
   1.9258179e-02  -5.4108403e-02   1.3582273e-01   3.7326733e-04   1.0230092e-03  -2.3325996e-04   1.2601142e-01   6.9117305e-01  -2.5901724e-01
  -6.9207426e-03  -3.2352717e-02   1.4035431e-01   1.0187225e-03   7.6828478e-04  -3.0901784e-04   1.6232513e-01   6.8111262e-01  -2.8213475e-01
   8.3026143e-03  -6.6361092e-02   1.0299570e-01   7.8525861e-04   1.0353295e-03  -4.3731309e-04   1.2270103e-01   7.4648324e-01  -2.2756583e-01
  -3.2665426e-04  -3.0566259e-02   1.0364366e-01   6.5022469e-04   9.3983604e-04  -5.3326526e-04   1.0933477e-01   6.8416836e-01  -2.4411417e-01
  -2.0439523e-02   4.3426078e-03   9.8389979e-02   1.1958246e-03   7.0149694e-04  -6.8951699e-04   1.1233056e-01   7.2893657e-01  -2.6691885e-01
  -2.3646439e-02  -6.3080027e-04   9.8417215e-02   1.2797383e-03   5.0469418e-04  -8.3858533e-04   1.3449332e-01   7.7809873e-01  -2.2037797e-01
  -2.1216565e-02   1.3622206e-03   9.4559739e-02   1.4588354e-03   6.4552431e-04  -7.5827115e-04   1.4719490e-01   8.1051487e-01  -1.9748786e-01
   1.5485342e-03  -2.5015931e-02   7.4283627e-02   9.5803637e-04   8.2498979e-04  -5.4862764e-04   1.1233986e-01   7.6823981e-01  -2.0667535e-01
   1.4958518e-02  -4.3277467e-02   7.8550729e-02   3.4740657e-04   1.0153122e-03  -5.0907589e-04   8.8598456e-02   7.0251796e-01  -2.3946167e-01
  -8.1425589e-03  -2.9720564e-02   7.2322810e-02   6.7655811e-04   4.0331241e-04  -5.2996404e-04   3.4098509e-01   3.8015066e-01  -3.0240356e-01
  -7.5593025e-03  -1.6283676e-02   8.4233076e-02   8.1160989e-04   5.2666440e-04  -5.7385889e-04   3.2529722e-01   3.6541278e-01  -3.2058760e-01
   1.7768650e-02  -1.1914903e-01   1.5078003e-02   8.4453716e-04   8.0202780e-04  -5.2576259e-04   1.0891450e-01   6.2949233e-01  -2.9797633e-01
   6.1902690e-03  -3.2719507e-02   1.0494826e-01   8.6611298e-04   9.9736268e-04  -5.3426080e-04   6.8220777e-02   6.8432935e-01  -2.8309135e-01
  -1.0865939e-02  -2.8743489e-02   4.7757971e-02   8.4118486e-04   8.1421978e-04  -8.1810393e-04   9.5247216e-02   6.8596268e-01  -2.3962416e-01
  -1.0062495e-02  -2.8866820e-02   6.3411367e-02   8.7709736e-04   5.5702138e-04  -5.2065765e-04   1.1795462e-01   7.0572456e-01  -2.8047136e-01
  -2.0355948e-02  -4.1908543e-03   8.5520343e-02   1.2763228e-03   2.9386165e-04  -6.9608765e-04   1.2985258e-01   6.6041477e-01  -2.8119910e-01
  -1.5546716e-02   1.3960196e-02   1.0071149e-01   1.2865432e-03   3.5471423e-04  -6.8582532e-04   1.2245231e-01   7.1049062e-01  -2.8776821e-01
  -2.8222501e-02   8.0639474e-03   8.4734786e-02   1.3853086e-03   2.6804341e-04  -9.2388867e-04   3.9337343e-01   4.8530804e-01  -3.3457652e-01
   5.6027597e-03  -4.2679478e-02   2.9800769e-02   1.3963008e-03   1.3552313e-03  -6.0452028e-04   9.1058212e-02   5.8782120e-01  -2.4905993e-01
   1.1986511e-02  -1.6078166e-02   8.6503036e-02   1.3303316e-03   7.9794453e-04  -2.8120145e-04   1.0283701e-01   5.8449524e-01  -2.9084740e-01
   5.9161889e-03   6.7239114e-03   1.1608891e-01   1.2300759e-03   6.9257900e-04  -4.5032617e-04   8.6463169e-02   6.3864631e-01  -2.9623913e-01
   1.0427865e-02  -1.8658113e-02   8.7500289e-02   1.1606540e-03   7.6319693e-04  -4.7951078e-04   7.6469666e-02   6.0202411e-01  -2.8933986e-01
   1.8607825e-02  -2.2797607e-02   7.5352265e-02   8.7580087e-04   9.8251282e-04  -3.7893341e-04   7.0363262e-02   6.4517536e-01  -2.8250020e-01
   8.2694765e-04  -8.2336596e-03   8.3008440e-02   1.4862861e-03   8.2281575e-04  -4.7880302e-04   7.2251671e-02   6.8902315e-01  -2.8946307e-01
   3.1284268e-02  -5.4656817e-02   1.3590076e-02   1.2099664e-03   1.1510851e-03  -1.9484390e-04   8.2087163e-02   6.6438833e-01  -2.8496487e-01
   7.8830960e-03  -3.0976379e-02   2.3906694e-02   1.2118315e-03   9.7756840e-04  -4.3015210e-04   1.4344074e-02   7.3485946e-01  -2.8146165e-01
   2.6827192e-02  -2.4710727e-02   7.5256273e-02   6.7873124e-04   9.8135344e-04  -4.8684184e-04   2.6155435e-01   4.0424676e-01  -3.4123714e-01
   1.2384535e-02  -1.2990484e-02   7.3204875e-02   9.3653571e-04   7.9571427e-04  -5.1110604e-04   9.7929985e-02   6.3254175e-01  -2.9346269e-01
  -5.7365588e-03   2.0931907e-02   1.1330300e-01   1.4319012e-03   5.9173123e-04  -6.7102305e-04   9.4295797e-02   6.2023842e-01  -2.6293394e-01
   3.6345515e-02  -8.6121292e-02  -5.2252656e-03   1.5380462e-03   9.9030771e-04  -5.0614482e-05   2.9666638e-01   3.6233374e-01  -3.0606906e-01
  -1.4087292e-02   6.1799756e-03   1.0639653e-01   1.4838138e-03   6.3881427e-04  -8.0968073e-04   1.2343632e-01   6.1824133e-01  -3.3438658e-01
  -1.9054840e-03  -3.4752564e-02   4.1294962e-02   1.2000302e-03   4.9048913e-04  -3.2194885e-04   2.9044611e-01   3.8392991e-01  -3.6436586e-01
  -5.9652434e-03  -4.6022638e-04   9.2817129e-02   1.3765496e-03   6.0654685e-04  -5.4348478e-04   1.1960390e-01   6.2288584e-01  -3.0169209e-01
   4.0726427e-03  -2.3227621e-02   6.0680760e-02   1.2401447e-03   7.3599596e-04  -5.9114491e-04   1.2104004e-01   6.5430126e-01  -2.8200345e-01
   7.7388203e-03  -1.7677268e-02   4.8549765e-02   9.8833129e-04   6.8831530e-04  -3.9021412e-04   9.6574632e-02   5.8382764e-01  -3.3798216e-01
   2.1239710e-02  -1.1889981e-01  -3.8829392e-02   1.1587333e-03   5.2751354e-04   1.8464347e-04   1.0950769e-01   5.7425939e-01  -3.3374841e-01
  -1.0174027e-02   9.9609991e-03   5.5853910e-02   1.4547547e-03   4.4528353e-04  -5.0086900e-04   1.1550840e-01   5.9983404e-01  -3.2141968e-01
   9.5532079e-03  -2.6042891e-02   4.1372162e-02   1.1014732e-03   6.6712474e-04  -3.5028143e-04   8.3420346e-02   6.1273966e-01  -3.1346339e-01
  -7.0930695e-03   1.9204585e-03   2.6280481e-02   1.6927617e-03   1.1795499e-03  -7.4027251e-04   3.1978333e-01   3.7841506e-01  -3.4510932e-01
  -7.1811268e-03   6.4823604e-03   7.9524998e-02   1.5598939e-03   8.8234939e-04  -7.4830037e-04   1.2811514e-01   5.4356648e-01  -3.0638696e-01
  -1.5419756e-02   1.6276634e-02   1.1588603e-01   1.7640281e-03   7.8011888e-04  -8.9013805e-04   1.2502808e-01   5.6001775e-01  -3.0532552e-01
   2.8561296e-02  -8.2477640e-02   3.6514778e-02   6.6500332e-04   9.6602172e-04  -4.1678916e-04   3.6612178e-01   2.1732742e-01  -3.7455754e-01
   2.4517248e-02  -5.5823370e-02   2.8645934e-02   8.7513465e-04   1.2908802e-03  -2.6997281e-04   9.6007293e-02   5.5057640e-01  -3.5460635e-01
   3.1674510e-02  -5.8184492e-02   3.4401320e-02   4.4606117e-04   1.2352708e-03  -2.3917630e-04   8.5168231e-02   5.2601194e-01  -3.1163737e-01
   2.4052870e-02  -4.0181569e-02   6.4638438e-02   7.5230014e-04   1.1333691e-03  -3.8987543e-04   9.1130577e-02   6.0988971e-01  -3.4644757e-01
   8.2222249e-03  -5.6238057e-03   1.8380165e-02   1.0050549e-03   8.8368717e-04  -3.4062137e-04   8.2778112e-02   5.5331361e-01  -3.2840982e-01
   3.8390447e-02  -8.7026299e-02  -2.7401873e-02   6.0212960e-04   1.2616774e-03  -1.5431214e-04   9.8799935e-02   5.7741606e-01  -3.4672738e-01
  -4.3232233e-04   4.8108759e-04   5.0436568e-02   1.1890222e-03   5.5032048e-04  -4.5007425e-04   1.1524915e-01   6.1884198e-01  -3.4684160e-01
   6.5881490e-03  -7.7083624e-02  -1.5910148e-02   1.2195235e-03   7.2834736e-04  -6.6055772e-04   4.4899590e-01   1.4138435e-01  -4.1768737e-01
   1.6160662e-02  -5.2274991e-02   2.8309166e-02   7.9626331e-04   7.6537475e-04  -1.4094703e-04   7.6403694e-02   5.4331776e-01  -3.3028557e-01
   1.4010834e-02  -4.0963945e-02   2.1134687e-02   1.3647549e-03   9.5390102e-04  -1.3394185e-04   7.5363161e-02   5.8282112e-01  -3.2098433e-01
   3.5297985e-02  -6.4236103e-02   5.3729070e-02   5.0300935e-04   1.0526933e-03  -2.6151552e-05   2.8515494e-01   3.6710185e-01  -3.6392916e-01
  -7.0885366e-03  -6.7689193e-03   9.7879520e-02   1.3381015e-03   5.4698531e-04  -5.4061357e-04   9.2382915e-02   5.8283708e-01  -2.9843937e-01
   1.2205964e-02  -3.6848227e-02   8.2795982e-02   7.1151987e-04   8.9757349e-04  -3.2918056e-04   4.0473138e-01   2.5007034e-01  -3.7446716e-01
   1.0709355e-03  -5.1708843e-02   5.3158320e-02   1.4451921e-03   7.6710153e-04  -8.0968037e-04   1.0059634e-01   5.5066188e-01  -3.0627236e-01
   2.0421368e-02  -7.4705024e-02   2.0301276e-02   7.7148240e-04   9.4981061e-04  -1.0935167e-04   2.1205280e-01   8.8551854e-01  -2.0814117e-01
