   0.0000000e+00   0.0000000e+00   0.0000000e+00   0.0000000e+00   0.0000000e+00  -0.0000000e+00   5.3457021e-01  -3.2569454e-02  -3.0443376e-01
  -1.0344499e-02   3.8587509e-02   7.8432338e-02   4.4224751e-04  -3.3916286e-04   4.5210032e-05   5.6326639e-01   1.3252613e-02  -3.1963179e-01
   4.3619654e-03  -7.7994238e-03   8.4383506e-02  -2.6656978e-04  -1.9759747e-04   1.0868953e-04   5.3121654e-01  -6.3623203e-02  -3.2255887e-01
   2.3158081e-04  -9.6391087e-03   8.2985927e-02  -4.2184576e-04  -3.5727735e-04  -6.5398134e-05   5.3422805e-01  -7.9408043e-02  -3.2327576e-01
  -4.9133036e-03   1.6728353e-02   8.9898892e-02   4.1969680e-04  -2.2030973e-04   1.2579505e-04   5.5848589e-01  -2.5511500e-02  -4.9146906e-01
  -1.8397081e-03   2.0908357e-02   8.5138586e-02   2.7856727e-04  -4.9553082e-04   4.0448755e-05   5.6526352e-01   2.0953131e-02  -4.8581370e-01
   8.0821718e-03  -1.1524570e-04   8.1627874e-02  -4.6379789e-05  -4.3364733e-04   3.8362687e-04   5.5159755e-01   4.1308227e-02  -4.5431283e-01
  -6.5216661e-03   3.4111012e-02   5.2515296e-02   8.0488494e-04  -5.5070548e-04   2.9067351e-04   8.7125939e-01  -4.2916138e-01  -5.2521260e-01
   1.6537019e-02  -2.9651724e-02   7.2148155e-02  -4.2576700e-04  -2.0115637e-04   4.8024381e-04   5.6405154e-01   2.2805052e-02  -4.3924830e-01
   1.2669296e-02  -5.5760992e-02   1.8557267e-02  -6.7763413e-04  -2.2787314e-04   3.0634051e-04   5.4014425e-01  -6.5849455e-03  -4.5895705e-01
   8.8835102e-04   1.2868510e-02   2.2834660e-02   5.2154599e-04  -7.6471753e-05   2.6469226e-04   5.4837298e-01   4.5796324e-02  -4.4772778e-01
   9.4878827e-03  -3.5938365e-02   2.4649262e-02  -1.5487773e-04  -4.5629783e-04  -2.0985235e-06   5.3359062e-01  -4.0524621e-03  -4.3083916e-01
  -5.6672053e-03   2.0487508e-03   4.4031179e-02   5.9659875e-04  -2.9959259e-04   1.2750180e-04   5.3941638e-01  -1.9392391e-02  -4.3097547e-01
   6.5624281e-03  -4.0563386e-02   5.6036542e-02  -1.4603534e-04  -4.9235236e-04   3.1752436e-06   5.4633377e-01  -3.7619778e-02  -4.5977878e-01
   3.7464774e-03   8.4377022e-03   7.6078591e-02   6.5001377e-04  -2.0911621e-04   3.1815902e-04   5.3478775e-01  -2.3707258e-02  -4.2089450e-01
  -1.1069230e-02   1.3046189e-02   7.9186374e-02   5.5529393e-04  -3.9328908e-04  -2.1168834e-04   5.0740589e-01   7.4707324e-02  -3.9941978e-01
   8.6659995e-03  -1.5216266e-02   7.6054938e-02   1.3932555e-04  -5.6028712e-04   1.1243985e-04   5.5045601e-01  -1.1215982e-02  -3.9752797e-01
   1.3226748e-02  -1.4657697e-02   4.0306682e-02   1.7350314e-04  -4.4755104e-04   3.9573688e-04   8.2903122e-01  -3.0928637e-01  -4.3414445e-01
   9.5352840e-03  -3.3980779e-02   4.7521193e-02  -5.3457476e-05  -6.6173406e-04   2.5096672e-04   5.2486017e-01  -4.2410584e-02  -3.9991514e-01
   1.3962660e-02  -2.8660189e-02   7.5198024e-02  -3.4708361e-05  -4.8223020e-04   9.3646341e-05   5.5029076e-01   2.6148547e-02  -4.5042243e-01
   1.7357966e-04  -4.2903744e-02   4.3873047e-02   1.5940029e-05  -7.8023498e-04  -7.3084649e-05   5.2794441e-01   1.5311392e-02  -4.6778877e-01
   1.2167121e-02  -2.2896025e-02   6.8272178e-02  -2.6065310e-04  -5.6808157e-04   3.6772903e-05   5.3645379e-01   5.8325218e-02  -4.2233301e-01
   1.8749166e-03  -1.6322717e-02   4.1671252e-02   4.0131788e-04  -5.4689657e-04   1.8899393e-04   7.9411197e-01  -2.7181576e-01  -4.8580578e-01
  -8.8707690e-04  -3.1293426e-02   3.7433044e-02   1.6652530e-04  -7.3414658e-04   1.0909963e-04   5.5615483e-01  -3.9037655e-02  -4.5042487e-01
   8.0809329e-04  -4.8081913e-02   5.1626955e-02  -1.9020044e-06  -7.2789554e-04  -8.2008061e-05   5.9259079e-01  -2.9768548e-02  -4.4160293e-01
   3.5334867e-03  -3.5416293e-02   2.6529524e-02   3.0162657e-04  -4.0570051e-04   2.7322565e-04   5.4397616e-01   2.8648784e-02  -4.3588690e-01
   1.7409339e-02  -4.2067798e-02   1.4700314e-02   3.7479664e-04  -5.1248390e-04   2.1394324e-04   4.4889637e-01   3.7238431e-01  -4.3318731e-01
   1.9312677e-02  -2.5633756e-02   1.9587572e-02   4.0239197e-04  -2.1386075e-04   3.3375282e-04   5.1137604e-01   7.8910496e-02  -4.3847548e-01
   1.9977794e-02  -4.8282749e-02   5.9416788e-02  -4.6239761e-04  -3.3080073e-04  -9.3332857e-07   5.0095308e-01   1.3024901e-01  -4.6387222e-01
  -2.0775657e-02   5.8337235e-03   8.2476116e-02   6.8780902e-04  -5.9497720e-04  -1.6052967e-04   5.6498785e-01   1.3430596e-01  -4.7389291e-01
   1.1229662e-03  -4.6201938e-02   7.4344965e-02  -1.6343580e-04  -6.7288882e-04  -3.4974284e-05   5.5269584e-01   3.8044544e-02  -4.6144943e-01
   4.2446998e-03  -7.7604959e-02   6.1450110e-02  -5.8797170e-04  -7.6755975e-04  -1.3990764e-04   5.9295924e-01   3.2995897e-02  -4.5893506e-01
  -2.2355016e-03  -3.6508554e-02   4.6345525e-02   2.2011117e-04  -6.0833319e-04  -4.6484800e-04   7.9630609e-01  -2.6279154e-01  -5.0862725e-01
  -1.9994580e-03  -1.9864825e-02   3.5586281e-02   3.7299278e-04  -6.9468357e-04  -1.1781609e-05   5.5034944e-01   2.4637629e-02  -4.3871245e-01
  -5.0945383e-04  -4.2062543e-02   5.5364740e-02   1.5505290e-04  -5.6038708e-04   7.7776171e-05   5.2391411e-01   7.2952373e-02  -4.4653061e-01
   1.9419714e-02  -5.6612569e-02   4.3588367e-02   2.6822089e-04  -5.0150281e-04   1.6610939e-04   5.3801346e-01   9.8090699e-02  -4.2826873e-01
  -1.3745277e-02   1.2917518e-02   3.9270069e-02   8.9288744e-04  -4.8863044e-04  -1.4654175e-04   5.3207954e-01   1.2568760e-01  -4.8468010e-01
   5.2145018e-03  -4.6165853e-02   6.1920009e-02   1.1981069e-04  -5.9622345e-04  -7.6483902e-05   5.3706589e-01   4.0941485e-02  -4.7295894e-01
  -1.0940611e-02  -3.3623453e-02   2.5078229e-02   8.4244383e-04  -7.6066553e-04  -3.4055477e-04   5.6941118e-01   5.9532606e-02  -4.3521296e-01
   3.0622641e-03  -5.7467815e-02   4.2983392e-02  -1.1094357e-04  -5.1515286e-04  -4.1461583e-05   5.3820967e-01  -1.7302122e-02  -4.5587030e-01
   4.2284384e-03  -8.1112358e-02   2.6463567e-02  -1.4087613e-04  -7.2207523e-04  -3.4195881e-04   5.3234754e-01   4.1313816e-02  -4.4491235e-01
   5.0294739e-03  -2.9932088e-02   4.0738081e-02   1.1243027e-04  -6.5293560e-04  -2.8287281e-06   5.3190133e-01   2.0532447e-02  -4.5503282e-01
   1.0377124e-02  -3.5067773e-02   3.9467229e-02   2.6290489e-04  -4.6410001e-04   1.1227835e-04   5.2259623e-01   7.0508312e-02  -4.7845717e-01
  -1.0999218e-03  -1.9293544e-02   5.3331346e-02   7.0962784e-04  -3.5263632e-04   4.6853259e-05   5.2479520e-01   1.1668876e-01  -4.6557498e-01
   2.6371484e-03  -5.6971410e-02   7.3903257e-02  -1.6769647e-04  -5.4451169e-04  -2.9163726e-04   8.9492700e-01  -2.8122325e-01  -5.2627327e-01
   1.0611079e-02  -5.7433084e-02   1.5630320e-02   2.0224433e-04  -4.2237819e-04   1.3569360e-04   5.2878403e-01  -3.0845085e-03  -4.5442475e-01
   5.0123554e-03  -5.7227720e-02   1.0970226e-02   3.0299940e-04  -4.9530549e-04   1.9294492e-04   8.2568767e-01  -3.0667405e-01  -5.2339525e-01
  -1.1863650e-03  -4.5041631e-02   3.2455378e-02   4.0247324e-04  -5.8271892e-04   1.1306377e-04   5.5270680e-01   6.4965204e-02  -4.4954527e-01
   7.5260300e-03  -7.0588973e-02   3.6823939e-02   4.4165652e-07  -5.4429401e-04  -1.1370505e-04   5.4731986e-01   4.6377320e-02  -4.3056914e-01
   1.5473889e-02  -1.3155513e-01  -5.4932815e-03  -5.7720286e-06  -1.0078444e-04   1.3525563e-05   8.0360914e-01  -2.0324425e-01  -4.8509374e-01
  -1.6379928e-03  -4.3237268e-02   3.1066687e-02   2.3237780e-04  -5.4902657e-04  -5.5763613e-05   5.4514738e-01   8.2133190e-02  -4.1845475e-01
   6.5356409e-03  -5.3490314e-02   5.9063088e-02  -1.7440536e-04  -5.6481615e-04  -7.3556911e-05   4.5905970e-01   1.0743100e-01  -4.5432251e-01
   1.1332172e-02  -6.7712772e-02   1.2048605e-02   6.6666172e-06  -5.5674097e-04   7.0728325e-05   5.2771850e-01   4.8599222e-02  -4.5433865e-01
   4.0806626e-03  -6.4759510e-02   1.3955394e-02   2.8767891e-04  -5.8484770e-04   5.7688323e-05   5.7867796e-01   1.3434398e-01  -4.6280242e-01
   4.1927286e-03  -7.0484020e-02   4.9589631e-03  -2.0715934e-04  -5.0707448e-04   3.9290788e-05   5.4301561e-01   1.1152730e-01  -4.2771315e-01
   2.0936478e-03  -6.1224995e-02   2.1696376e-02   4.4444513e-04  -4.7716064e-04   1.1055805e-04   5.3999519e-01   8.2563472e-02  -4.2386665e-01
  -1.0819937e-02  -1.8394114e-02   8.3506211e-02   6.9019249e-04  -7.6527228e-04  -5.1842347e-05   5.3986095e-01   1.8863345e-01  -4.2988200e-01
   6.0443010e-03  -6.9518897e-02   9.0018385e-02  -4.1138410e-04  -4.1755788e-04  -2.7020437e-04   5.3502123e-01   1.7554609e-01  -4.2103347e-01
   7.1872202e-03  -4.8964087e-02   2.7426161e-02   2.7459557e-04  -2.9205705e-04   3.1142976e-04   5.2162992e-01   1.0793553e-01  -4.3990537e-01
  -5.4433793e-03  -2.3906162e-02   7.1488957e-02   5.7422472e-04  -5.6862032e-04   1.5032918e-04   5.3822026e-01   8.6165233e-02  -4.5978804e-01
  -1.5008896e-02  -2.7679166e-02   4.5763746e-02   4.3412994e-04  -5.6223218e-04   6.9279023e-05   5.2719731e-01   9.7011902e-02  -4.8370350e-01
  -2.0813509e-02   3.8025228e-02   6.8152487e-02   7.5568757e-04  -5.7503463e-04  -2.5047540e-04   5.2504415e-01   7.8736804e-02  -4.7205249e-01
  -1.4627485e-02   1.0854950e-02   7.0730575e-02   6.0596586e-04  -5.2897248e-04  -1.1354220e-05   5.3342786e-01   1.6401902e-01  -4.6460412e-01
  -2.4121329e-02   2.8396856e-02   9.1473779e-02   1.1144421e-03  -6.7878981e-04  -4.8116965e-04   5.4553169e-01   2.0518632e-01  -4.6111408e-01
   1.2780625e-02  -4.8898330e-02   1.9373475e-02   7.3449257e-04  -1.0752978e-05   3.1350588e-04   5.1700608e-01   1.6419755e-01  -4.5044958e-01
   1.7351782e-02  -6.2213371e-02  -1.7046272e-02   9.1887272e-04  -1.0348518e-04   5.0875287e-04   6.9579134e-01  -5.2800117e-02  -4.9602757e-01
  -8.9413565e-03  -1.1684427e-02   4.8137745e-02   6.0592434e-04  -6.1577304e-04  -2.5110719e-05   5.4264768e-01   4.6111655e-02  -4.7355149e-01
  -7.6769927e-03   2.2810110e-02   4.1277228e-02   1.2127826e-03  -6.0260820e-04  -9.1661238e-05   8.1767749e-01  -2.3982011e-01  -5.4482328e-01
  -6.1044875e-03  -1.7603431e-02   4.8013312e-02   4.4870810e-04  -8.2042879e-04  -1.3782286e-04   5.3043597e-01  -1.9284754e-02  -4.5497592e-01
  -1.1660070e-02  -2.0108364e-02   5.3326014e-02   4.3972523e-04  -8.0791142e-04  -2.9203759e-04   8.0935129e-01  -2.3266160e-01  -4.6967361e-01
  -5.4691455e-03  -2.3259130e-02   1.4074454e-02   5.4104823e-04  -5.0289955e-04   2.2064959e-04   5.3409849e-01   4.8048023e-02  -3.7968426e-01
  -5.4733371e-03  -4.8193648e-02   5.5342323e-02   2.8208071e-04  -6.8538334e-04  -1.6523954e-04   4.7337983e-01   5.4952552e-02  -3.9368731e-01
   5.4316322e-03  -6.1026951e-02  -1.3220853e-02   5.4080479e-05  -5.2362561e-04   6.5120076e-05   5.1133103e-01   3.3498659e-02  -3.9820434e-01
   1.9924604e-03  -1.7636978e-02   3.3636253e-02   4.9829276e-04  -4.9867606e-04  -1.4292610e-04   5.2740889e-01   3.8296730e-02  -4.1142687e-01
   3.6783510e-03  -6.8058700e-02   5.1208003e-02  -2.7951535e-04  -5.3496556e-04  -3.5819059e-04   5.4032714e-01   7.4935566e-02  -4.4361081e-01
   7.2764108e-03  -2.6125016e-02   2.8688249e-02   2.3219618e-04  -4.2259828e-04   4.3776730e-05   5.4367561e-01   2.7336408e-02  -4.4818085e-01
  -2.5709357e-03  -8.1782784e-03   6.8893589e-02   4.1712897e-04  -5.0053657e-04  -2.7422018e-05   8.2198801e-01  -2.6280220e-01  -4.9095867e-01
   1.5633115e-02  -8.2639853e-02   3.8251511e-02   6.7315743e-05  -1.6318257e-04   2.3369570e-04   5.2101787e-01   1.3510998e-01  -3.9313067e-01
  -2.5625920e-02  -7.8875359e-04   7.2530970e-02   8.2143801e-04  -5.3318103e-04  -1.9922316e-04   5.2257203e-01   1.9766019e-01  -4.1123891e-01
   2.8371038e-03  -5.2580075e-02   4.3945724e-02   1.2706269e-04  -4.1593629e-04  -7.6464191e-06   7.1432998e-01  -1.6829181e-01  -4.3135153e-01
  -1.7297963e-03  -3.2043985e-02   3.8271450e-02   2.3995878e-04  -5.0439559e-04   6.7992614e-05   5.3408889e-01   1.3550333e-01  -3.6083870e-01
   6.4067831e-03  -4.5721098e-02   4.9632617e-02   2.1704277e-04  -2.3983079e-04   1.0211576e-04   5.2654894e-01   8.4130679e-02  -4.1634357e-01
   5.0584097e-03  -3.8633408e-02   6.5950527e-02   1.4328346e-04  -4.7273587e-04   9.7594379e-05   5.3908247e-01   1.3904908e-01  -4.2558964e-01
  -1.4280262e-02  -3.0496583e-02   4.6512133e-02   5.8909448e-04  -5.2204912e-04  -2.1876838e-04   5.3033507e-01   1.3763903e-01  -4.1065431e-01
  -1.4168697e-02   6.6720180e-03   4.7083444e-02   1.2184717e-03  -5.7041975e-04  -9.9425417e-05   5.3377787e-01   1.2525703e-01  -3.9339494e-01
   4.5093637e-04  -3.2328062e-02   6.1227201e-02   2.4017436e-04  -5.4880123e-04  -3.1894396e-05   5.1628078e-01   2.1220909e-01  -3.8090594e-01
  -4.3965595e-03  -2.2747032e-02   6.7497382e-02   2.5047201e-04  -5.1946412e-04  -8.4505788e-05   5.4529740e-01   9.1243625e-02  -3.8157329e-01
  -8.8362499e-03  -3.8561913e-02   3.4194520e-02   4.8540019e-04  -6.4088387e-04   6.2945864e-05   5.2077640e-01   1.0522840e-01  -3.7504237e-01
   4.6447217e-03  -2.3802402e-02   2.4609268e-02   6.9463577e-04  -1.1567274e-04   3.3128943e-04   6.8787898e-01  -1.2290379e-01  -4.0696269e-01
   8.4679392e-03  -3.3841446e-02   3.0507244e-02   4.2645328e-04  -1.2340923e-04   1.8462128e-04   5.4516681e-01   1.7499470e-01  -3.6842615e-01
   8.0191757e-03  -4.7628365e-02   9.0409926e-02  -1.0097456e-04  -1.6230016e-04   2.0301719e-04   5.5912946e-01   2.8393796e-01  -4.0051054e-01
  -8.6938741e-04  -6.1232348e-02   4.5216080e-02   2.6242780e-04  -1.6165089e-04   1.3566344e-04   4.3511936e-01   1.8418960e-01  -3.9443398e-01
   3.5345998e-03  -2.4274180e-02   4.7046329e-02   8.2081750e-04  -2.8828893e-05   2.8051365e-04   5.4050829e-01   1.9159244e-01  -3.4501445e-01
  -8.9172087e-03   1.9920367e-02   9.0844839e-02   1.0736502e-03   7.0963019e-05   2.1639019e-04   7.9478597e-01  -9.0220609e-02  -4.2743627e-01
   2.1385289e-02  -7.4919606e-02   4.9651385e-02  -7.6218764e-05   2.9089718e-04   3.4691177e-04   5.3483605e-01   1.7442800e-01  -3.7275951e-01
   8.1856699e-03  -2.1867940e-02   5.7324192e-02   4.5676718e-04  -1.3415549e-04   4.3889122e-05   5.2303722e-01   2.0873128e-01  -3.8132388e-01
   5.6629772e-03  -4.4956968e-02   6.1365027e-02  -4.6987679e-05  -1.7696387e-04   4.4445055e-05   5.3622813e-01   2.4310881e-01  -3.6309382e-01
  -1.2896815e-02   3.9124016e-02   8.2347662e-02   1.2755005e-03  -1.3874204e-04  -5.6800078e-04   5.0495789e-01   2.9337270e-01  -3.5011243e-01
   1.1884298e-02  -2.4156358e-02   3.2261041e-02   9.2244194e-04   2.3220798e-04   1.7483166e-04   6.7344937e-01  -3.9978887e-02  -3.8811913e-01
  -3.7341919e-03  -1.1914751e-02   5.8745664e-02   5.6373003e-04  -1.8735505e-04  -2.4559081e-05   5.2955839e-01   1.8895455e-01  -3.5520492e-01
   4.2127849e-03  -3.7637382e-02   3.8189640e-02   2.8185992e-04  -2.6099816e-05   9.7726431e-05   5.3408633e-01   1.0332646e-01  -3.9915794e-01
  -1.3729220e-02  -1.2039435e-05   6.0978533e-02   5.0734533e-04  -2.6801784e-04  -1.0633714e-05   5.3441961e-01   9.3262797e-02  -4.1348926e-01
  -9.4910501e-03  -7.6677356e-03   5.9335153e-02   7.6852392e-04  -2.3724667e-04  -1.2394910e-04   5.0090439e-01   2.3187948e-03  -4.1302355e-01
   4.0717098e-03  -2.4790184e-02   4.8649459e-02   4.4248354e-04  -2.5059142e-04   7.6371929e-05   5.2035127e-01   7.5368609e-02  -3.8588221e-01
   2.3319613e-03  -6.5665354e-03   7.9993859e-02   7.1463984e-04  -3.1143178e-04   2.2381987e-06   7.3658146e-01  -8.6471957e-02  -4.3486825e-01
  -2.8455159e-02   8.0967430e-02   1.3699667e-01   1.6649683e-03  -5.6654830e-04  -8.0094679e-04   5.0726890e-01   2.7327921e-01  -3.5861527e-01
  -2.8205812e-02   6.6176484e-02   9.8386783e-02   1.7323177e-03  -5.1305536e-04  -6.0059779e-04   5.0405012e-01   2.1170424e-01  -3.0663888e-01
   3.2244402e-04   6.0140490e-03   7.0246078e-02   6.5710261e-04   9.4525422e-05  -3.2787732e-04   5.0513226e-01   2.0257697e-01  -3.4093254e-01
   4.9567530e-03  -2.8607318e-02   3.1689681e-02   3.3641856e-04  -2.6577434e-05  -1.8899389e-05   5.1659756e-01   1.8146015e-01  -3.6120801e-01
   1.3843512e-03  -5.3642921e-02   2.1482363e-02   1.8605850e-04  -1.2818661e-04   1.7953429e-04   5.3551155e-01   1.6955873e-01  -3.4361822e-01
  -1.5848237e-02   3.3723604e-02   9.1563047e-02   8.3354850e-04  -2.5325745e-04  -2.9338843e-04   5.2525431e-01   2.7039908e-01  -2.9283923e-01
  -5.9574627e-03  -4.1239457e-02   7.3307228e-02   1.3987070e-04  -2.9492905e-04  -1.8145868e-04   4.8051622e-01   2.1307613e-01  -3.3997359e-01
  -2.0601425e-03  -5.8759756e-02   7.3496477e-02   1.2025876e-04  -2.4300558e-04  -5.9418419e-05   5.5845595e-01   2.5485110e-01  -3.2941575e-01
  -1.0701351e-02  -2.3878840e-02   8.6017391e-02   7.1321014e-04  -2.1364167e-04  -2.7609504e-05   6.1229480e-01   3.5039577e-01  -3.3678980e-01
  -8.9670678e-03  -9.4804490e-03   1.2866863e-01   6.9413444e-04  -5.4773377e-05   8.1407272e-05   5.5006683e-01   2.2224697e-01  -3.4455307e-01
  -6.2076234e-04  -8.2042193e-02   7.3014067e-02  -4.7616412e-04  -1.7900304e-04  -2.7302207e-04   5.5453696e-01   2.1622963e-01  -3.2191789e-01
   4.3797551e-03  -1.3280856e-01   1.9773835e-03  -2.8390641e-05   1.4528940e-04  -3.6061267e-04   5.3760687e-01   2.1439699e-01  -3.1591792e-01
  -2.5044420e-02   9.3910356e-03   2.3610765e-02   1.5416129e-03   1.2707450e-04  -6.2813564e-04   5.3565084e-01   3.0251467e-01  -3.4450784e-01
   1.7408266e-03  -5.7112212e-02   7.0346805e-02  -8.3391236e-05  -8.8400739e-06  -2.8764133e-04   5.6281590e-01   2.4680477e-01  -3.2121219e-01
  -1.0386630e-02  -3.2133341e-02   1.7857295e-02   7.4658280e-04   1.1008081e-04   2.8385986e-05   5.2235042e-01   1.6826128e-01  -2.8999825e-01
   8.6584814e-03  -6.6289791e-02   4.3300388e-02  -1.2505256e-05   3.1547817e-05  -4.6558118e-05   5.0889863e-01   1.8473069e-01  -2.6565851e-01
   3.9510913e-03  -5.7220595e-02   5.2972793e-02   2.3094754e-04   1.0066983e-04  -6.2188294e-05   5.1433674e-01   2.5742554e-01  -2.8768633e-01
   7.7978652e-03  -7.2829939e-02   5.3222623e-02   4.4049130e-04   2.2667089e-04   9.4033781e-05   5.1137729e-01   2.6256618e-01  -3.1437584e-01
   4.8712378e-03  -7.9290770e-02   3.6858370e-02   8.2847633e-04   6.3957031e-04  -2.4733256e-04   7.4115256e-01   1.2603408e-02  -4.0627346e-01
  -1.5300270e-02  -3.3951034e-02   6.2166364e-02   3.6962645e-04  -9.1331254e-05  -3.0166239e-04   5.3003354e-01   2.1792984e-01  -3.1559726e-01
  -1.8554268e-02  -1.7207782e-02   6.6363126e-02   1.4000106e-03  -7.5903015e-05  -5.3091504e-04   1.9704010e+00   3.2310833e+00  -1.2533461e-01
   5.1863052e-03  -5.7093022e-02   6.3493873e-02  -3.6603916e-04  -3.6164185e-04  -2.8299346e-04   1.0672857e+00   4.3146867e+00   2.5176715e-01
  -2.1271163e-03  -7.1224036e-02  -2.0203402e-02  -1.1650036e-03  -1.3232939e-04  -3.4718772e-04   8.1058828e-01   2.4833370e+00   7.5053412e-02
  -2.6234540e-02   6.5699750e-03  -3.3115923e-03   7.2028081e-04   2.0800631e-04  -2.2522308e-04   5.4729383e-01   2.8609049e-01  -3.7502860e-01
   5.3373764e-03  -3.0612381e-02   2.9804692e-02  -2.7332499e-04   2.1108042e-04  -2.8618585e-05   5.4136261e-01   1.3893359e-01  -3.3694258e-01
   3.8177315e-03  -1.9008099e-02   7.7349725e-02   7.2440409e-06  -3.9210198e-05   1.5971746e-04   5.5100172e-01   1.7867941e-01  -3.3829524e-01
   3.0566285e-03  -2.6130084e-02   6.4835911e-02  -2.0783850e-04  -6.7722192e-05   8.8038537e-05   5.4842221e-01   8.1515558e-02  -3.2049365e-01
   6.5860380e-04  -2.1808017e-03   9.2910921e-02   9.7625945e-05   9.7009033e-05  -3.7292099e-05   5.5458099e-01   1.5471095e-01  -3.4870269e-01
   7.9294769e-03  -2.8260048e-02   9.3772243e-02  -3.5538218e-04   1.3445551e-04   2.3100184e-05   5.5374998e-01   1.5755885e-01  -3.2546073e-01
   1.7143425e-03  -3.0603679e-02   1.1116464e-01  -1.5917237e-04  -5.0950502e-05  -5.4729395e-05   5.4671144e-01   2.0726270e-01  -3.2469679e-01
  -6.2935099e-04  -1.2600901e-02   7.2436721e-02   3.7533261e-04   1.0630196e-04   1.5487064e-04   5.3637351e-01   2.0465991e-01  -2.8545493e-01
  -2.5139989e-03  -6.6285617e-03   8.6259225e-02   7.8931936e-05  -1.4951239e-04   3.3691929e-05   5.2838140e-01   1.6498476e-01  -3.1567222e-01
   5.1132235e-03  -7.0705048e-02   6.7977027e-02   9.9125866e-05   2.0778330e-04   2.2408025e-04   5.3528974e-01   1.9373461e-01  -2.8710502e-01
  -8.5924180e-03  -4.0703438e-02   7.0545582e-02   3.0045513e-04  -7.5751538e-05  -1.3166374e-04   5.4483120e-01   2.3565449e-01  -3.1526623e-01
  -1.0822541e-02  -1.2438685e-01   5.2410805e-03  -2.5218135e-04  -1.6605341e-04  -5.5516691e-04   5.3124096e-01   1.7639691e-01  -3.1119407e-01
  -9.4932369e-03  -1.5458217e-02   2.3454610e-02   3.7058263e-04   1.9483499e-05  -4.5073690e-05   9.1650111e-01  -2.7650618e-01  -4.4905737e-01
  -8.2616307e-04  -4.9346290e-02  -2.4967776e-03   1.1722441e-04  -2.9887526e-05  -7.9956358e-05   5.3771015e-01   1.4336078e-01  -2.8154216e-01
  -9.7798286e-03  -3.9751485e-02   2.9745175e-02   3.2143423e-04   3.7305241e-05  -2.4519139e-04   5.3675113e-01   1.5946249e-01  -2.9769240e-01
   1.7711447e-02  -9.5018782e-02  -2.1449670e-02   5.8991216e-04   4.8432681e-04   8.9403619e-05   5.1596839e-01   1.7711146e-01  -3.0217598e-01
  -8.5475717e-03  -6.3561276e-02   5.9800470e-02   5.1884315e-04   5.3863678e-05  -3.5444236e-04   5.4727431e-01   2.4515657e-01  -3.5528719e-01
  -1.9262639e-02  -6.7371119e-02   5.8225041e-02   1.2440583e-04  -4.8769811e-05  -6.5678162e-04   5.6868353e-01   2.4438275e-01  -3.5760135e-01
  -1.7596221e-02  -3.6164208e-03   7.6856131e-02   4.1614127e-04  -3.1728010e-06  -3.1526233e-04   5.5669536e-01   2.6128800e-01  -3.6929285e-01
  -5.4884419e-03  -2.6086312e-02   9.0077820e-02   1.8980723e-04  -2.0347013e-05  -2.6379411e-04   8.3872820e-01  -1.3104482e-01  -4.4559372e-01
  -1.9485435e-02   6.6839853e-03   8.8757179e-02   6.2405699e-04  -4.6466385e-04  -3.4755511e-04   4.6545906e-01   2.5812345e-01  -3.6537430e-01
  -2.7017186e-03  -3.9093634e-02   6.7471427e-02  -4.4505187e-04  -2.3557853e-04  -2.9786985e-04   5.4802521e-01   1.1837879e-01  -3.3269735e-01
  -2.1296294e-02  -2.3416561e-02   6.2810656e-02   6.6042716e-04  -6.0373915e-05  -3.1834186e-04   5.4163561e-01   2.1863464e-01  -3.5727028e-01
  -1.5725145e-02  -9.0300429e-03   3.8961965e-02   7.6273886e-04  -1.1872092e-04  -3.5130885e-04   5.2805334e-01   1.3568166e-01  -3.3652351e-01
  -2.1557984e-02  -4.3425990e-03   7.4008491e-02   6.6214504e-04   4.3622875e-05  -6.5278600e-04   5.2037125e-01   1.3762084e-01  -3.3095262e-01
   3.7911058e-03  -1.7624158e-02   8.3164998e-02   3.1828975e-04  -8.8372986e-05  -2.9508157e-04   5.8088109e-01   1.4492439e-01  -3.9297183e-01
