   0.0000000e+00  -4.4408921e-16  -1.4210855e-14   1.7347209e-19  -4.2351647e-22   2.1684043e-19   1.9908018e-01   1.9411452e-01  -2.5928122e-01
  -4.0570542e-03  -1.4798744e-02   4.6030476e-02  -4.0064591e-04  -3.0837153e-04   1.3335783e-04  -7.1779963e-02   4.0626987e-01  -1.8116741e-01
  -1.4936550e-02   1.5152753e-03   2.4330114e-02   1.4070622e-05  -2.0914064e-04   3.5469364e-05  -1.6435743e-02   4.3215440e-01  -1.9076680e-01
   8.0376860e-03  -3.7179595e-04   4.5653504e-02   2.2440172e-04  -2.4349933e-04   3.5090567e-04   1.5955372e-01   2.5939984e-01  -2.1096353e-01
  -1.0830348e-02  -1.1372386e-02   9.3894659e-02  -6.1613862e-04  -8.4242369e-04   3.1151586e-04  -7.8455891e-03   4.2538573e-01  -3.1245872e-01
   2.6636131e-02  -6.9458379e-02   9.0359788e-02  -1.6593461e-03  -5.5754621e-04   9.4100861e-04  -1.0297358e-02   4.0414080e-01  -3.0753245e-01
   1.3314686e-02  -3.6555588e-02   1.0306142e-01  -1.2720103e-03  -7.0458032e-04   9.7407579e-04   1.2326695e-02   4.5675897e-01  -3.1756609e-01
   1.2331123e-02  -3.5759947e-02   1.0182240e-01  -1.7049625e-03  -7.8389812e-04   1.2866934e-03   4.7207799e-03   5.7620700e-01  -3.1207036e-01
   3.2256708e-03  -1.4704328e-02   7.5072911e-02  -1.2384624e-03  -9.7531047e-04   1.2552527e-03   1.8941351e-02   4.4754189e-01  -3.2709307e-01
   6.4258022e-03   1.5897202e-02   9.5356244e-02  -1.2848822e-03  -1.0910533e-03   1.0930576e-03   1.1839809e-02   4.8206423e-01  -3.4657214e-01
  -1.1921375e-02   1.5526418e-02   7.2657667e-02  -8.6064979e-04  -9.5273339e-04   4.9479503e-04   2.5199208e-02   4.3311338e-01  -3.3197649e-01
   3.8583945e-04   6.2612780e-03   1.2044745e-02  -7.5467908e-04  -4.6105942e-04   4.8934681e-04   2.0265062e-01   2.4717616e-01  -3.5050073e-01
   1.1701933e-02   2.5734346e-03   4.1704225e-02  -1.4632385e-03  -5.7801996e-04   7.4934253e-04  -2.4165009e-02   3.6317663e-01  -3.2227066e-01
   2.2266384e-07   1.9725091e-02   5.6368183e-02  -6.0918535e-04  -8.6061819e-04   7.2185926e-04   5.3902151e-03   3.2591002e-01  -3.1733264e-01
  -1.9868923e-03   1.4174390e-02   1.0707167e-01  -8.3856624e-04  -4.6318565e-04   5.6921460e-04  -1.7738240e-02   4.1493702e-01  -2.6077456e-01
  -1.3304976e-04   6.5002482e-03   1.2996670e-01  -1.3704667e-03  -8.7319197e-04   8.0720826e-04   5.4187963e-03   4.4123561e-01  -2.4888195e-01
   1.7256306e-02  -2.5039948e-02   1.3457773e-01  -1.6669657e-03  -6.5786076e-04   1.1627918e-03  -5.1578538e-02   4.1246945e-01  -2.4575154e-01
   2.2663212e-03   1.5851469e-03   1.1708445e-01  -1.1932217e-03  -5.9965415e-04   8.6164705e-04  -1.5612293e-02   4.1107716e-01  -2.4782996e-01
   5.2430200e-03  -8.6654844e-02   2.7639989e-02  -1.2944974e-03  -5.5027023e-04   1.2513767e-03  -1.0075725e-02   4.3268126e-01  -2.9027581e-01
   1.5393414e-02  -5.9439660e-02   5.9019403e-03  -1.5455303e-03  -3.5923227e-04   8.8486431e-04  -9.9143612e-03   4.4188257e-01  -2.8656347e-01
  -1.4947457e-02  -1.6907024e-03   8.9775707e-02  -6.2583242e-04  -6.5311035e-04   5.1845154e-04  -2.1481500e-03   5.0118061e-01  -2.9468794e-01
  -8.5168357e-04  -8.2019032e-03   2.9139376e-02  -8.3950525e-04  -6.2866816e-04   5.2777186e-04   4.4023744e-03   5.2455188e-01  -2.7484452e-01
   1.2701923e-02  -5.8361129e-02   5.3452294e-02  -1.4748273e-03  -4.0133675e-04   6.7822473e-04  -4.4086290e-02   4.2757724e-01  -2.7193973e-01
   1.3833942e-02  -2.5865468e-02   3.8724746e-02  -7.0193559e-04  -3.0374988e-04   8.9581783e-04  -8.3420797e-02   4.8108001e-01  -2.9187882e-01
   1.3160090e-03  -1.9702067e-02   1.0236838e-01  -1.0177736e-03  -4.9630433e-04   3.0954827e-04  -1.6625674e-02   4.6030081e-01  -3.7480156e-01
   3.2315063e-03   2.4204871e-04   5.9950249e-02  -5.6708574e-04  -4.8059232e-04   6.7358097e-04   1.5938371e-01   2.4050486e-01  -3.4465302e-01
  -5.3085032e-03   3.8554386e-03   5.8590885e-02  -8.5617021e-05  -4.8243857e-04  -5.6798858e-05   1.1437880e+00   2.4795732e+00  -2.1272265e-01
   1.4285627e-02  -2.8900041e-02   1.4405675e-03  -6.9051002e-04   1.2724472e-04   2.5080693e-04   8.7750597e-01   4.3368564e+00   2.3274512e-01
   3.5122366e-02  -9.8003738e-02  -1.2087167e-02  -2.4238261e-03  -1.4041264e-04   1.6844201e-04   2.8551933e+00   4.1819771e+00   2.7679352e-01
  -2.1477466e-03  -2.7900002e-02   4.5117271e-02  -1.9720878e-03  -7.1772982e-04  -4.3675283e-04   2.6769657e+00   3.2335919e+00   1.7797079e-01
   3.6100645e-02  -9.4055283e-02  -2.6462092e-02  -1.3102902e-03   2.9914489e-04   1.0112424e-03  -7.9074638e-02   5.2642191e-01  -2.3189519e-01
  -5.4923554e-03  -7.7440582e-02   5.8906891e-02  -1.4665195e-03  -3.1696970e-04   8.3298166e-04   2.6516958e-03   7.8464329e-01  -2.1491862e-01
  -1.0518822e-02  -5.9919517e-02   2.4718228e-01  -1.2999872e-03  -7.4818380e-04   9.6380935e-04  -1.9161955e-02   8.2150796e-01  -1.1003925e-01
   2.3851744e-03  -1.0783491e-01   2.6691301e-01  -1.6375718e-03  -1.4393296e-04   9.7841593e-04  -3.3990755e-02   8.9881035e-01  -1.0472420e-01
  -1.9466534e-03  -7.7825274e-02   2.3319987e-01  -1.9335818e-03  -7.5850264e-04   1.1105160e-03   6.1407595e-03   8.2891325e-01  -2.0447718e-01
   1.7496498e-02  -1.2834427e-01   1.2819511e-01  -1.5673362e-03  -5.4485399e-04   1.5921203e-03  -2.0936662e-02   7.4751863e-01  -2.0527572e-01
  -1.9409379e-02  -4.9288245e-02   1.8866366e-01  -1.2982667e-03  -1.1920570e-03   7.2961392e-04   8.2007877e-03   8.3663101e-01  -2.5294558e-01
  -1.7888126e-03  -5.9995820e-02   1.7070276e-01  -1.4841024e-03  -1.0632465e-03   7.9201988e-04   1.0573600e-02   7.8300091e-01  -2.2850784e-01
  -4.2396660e-04  -1.0008393e-01   1.5991404e-01  -1.9328106e-03  -9.9465256e-04   1.0630843e-03   2.0704472e-02   8.5361221e-01  -2.9646088e-01
  -6.8924253e-03  -6.3056407e-02   1.3767079e-01  -1.4365087e-03  -1.0117510e-03   7.4730009e-04   8.9405505e-03   8.4987217e-01  -2.6429018e-01
   1.7733593e-03  -9.5956661e-02   1.5786046e-01  -1.7752273e-03  -9.8831464e-04   1.0172696e-03  -1.4449529e-02   8.4480318e-01  -2.2495405e-01
  -2.3031055e-03  -7.5611909e-02   2.0024015e-01  -9.2318528e-04  -1.0423629e-03   7.7418967e-04  -5.4728603e-02   8.9690037e-01  -2.2582408e-01
   3.8516193e-03  -8.5342787e-02   2.0531731e-01  -1.1171599e-03  -1.4207238e-03   1.0900951e-03  -4.0457032e-02   8.5968526e-01  -2.4956729e-01
  -1.3134631e-03  -7.4709696e-02   1.9690551e-01  -1.4095458e-03  -1.5790775e-03   1.0531233e-03  -2.9402698e-02   8.6130114e-01  -2.3243288e-01
  -8.3571676e-03  -8.0209350e-02   1.3621975e-01  -1.2842248e-03  -2.1066377e-03   9.8689753e-04  -2.2630951e-02   8.9299007e-01  -2.4477491e-01
   9.4516952e-03  -1.2208390e-01   2.0745529e-01  -1.3426428e-03  -2.1028796e-03   1.7288745e-03  -3.9139083e-02   8.3760202e-01  -2.0431265e-01
  -2.9752374e-04  -1.3148350e-01   1.1837422e-01  -6.4538360e-04  -1.6246230e-03   1.3525774e-03   1.5749892e-01   5.7837537e-01  -2.6189854e-01
  -9.6687456e-03  -5.6167426e-02   2.1072017e-01  -5.7827358e-04  -1.8308729e-03   9.7706038e-04  -2.8149358e-02   6.7383400e-01  -2.6153771e-01
  -2.9405463e-03  -5.7013401e-02   1.6611750e-01  -5.0344949e-04  -1.8748121e-03   1.2809320e-03  -2.5449856e-02   8.0074977e-01  -2.5393732e-01
  -3.0516678e-03  -5.9310483e-02   1.9184629e-01  -1.1720003e-03  -2.2907543e-03   1.2424170e-03  -1.3798962e-02   8.3623215e-01  -2.5343618e-01
  -8.0481850e-04  -9.5341996e-02   1.5729902e-01  -1.4818906e-03  -2.0991136e-03   1.4555568e-03  -1.4314281e-02   8.2118683e-01  -2.3673071e-01
   3.9933651e-03  -1.6288908e-01   1.3001861e-01  -2.3490335e-03  -2.1061108e-03   1.6176213e-03  -1.7363547e-02   7.9720360e-01  -2.3874838e-01
   6.7603257e-03  -9.2377527e-02   1.1804056e-01  -1.0831197e-03  -2.0201155e-03   1.4611735e-03   2.6368501e-02   8.6554160e-01  -2.0231902e-01
   3.3272679e-03  -1.4360915e-01   1.0026090e-01  -1.0344047e-03  -1.7942000e-03   1.6810951e-03  -4.4080325e-02   7.6689259e-01  -2.4523852e-01
   5.6672407e-03  -9.6333421e-02   1.9711888e-01  -1.5749279e-03  -2.3667551e-03   1.6863636e-03  -2.0654794e-03   8.2527098e-01  -3.0458454e-01
   1.3182119e-02  -1.7766782e-01   1.0494288e-01  -1.0438951e-03  -1.7903833e-03   1.8420143e-03  -1.8637318e-02   7.8552421e-01  -2.6992351e-01
  -1.4122698e-02  -8.2378012e-02   2.0489732e-01  -1.0318774e-03  -2.4869843e-03   1.4299733e-03  -3.5112300e-03   8.4934599e-01  -2.8662538e-01
  -5.3716760e-03  -1.1077555e-01   2.2067072e-01  -1.8793310e-03  -2.4226469e-03   1.3848967e-03  -4.6919479e-02   8.1936781e-01  -2.5092653e-01
   2.2168392e-02  -1.2683718e-01   1.5973202e-01  -2.2445548e-03  -2.1719649e-03   1.6298548e-03  -6.6452536e-02   7.7965893e-01  -2.3021563e-01
  -3.6173602e-04  -8.7717596e-02   1.8728248e-01  -1.4066566e-03  -2.2762181e-03   1.3703316e-03  -2.9842545e-02   8.1984703e-01  -2.6891047e-01
  -4.0155877e-03  -6.0960191e-02   1.7780996e-01  -4.9577789e-04  -2.3748871e-03   1.3533066e-03   1.9900529e-01   5.5668401e-01  -3.6165976e-01
   5.6518658e-03  -9.4653824e-02   1.4223109e-01  -1.0798417e-03  -2.1656008e-03   1.6085078e-03  -3.3701852e-02   7.7894350e-01  -2.9807826e-01
   2.6605199e-03  -9.7701106e-02   1.6713148e-01  -1.4660884e-03  -2.3097222e-03   1.4539691e-03  -2.3405244e-02   7.7414530e-01  -3.0280474e-01
  -2.2231112e-03  -7.3379121e-02   1.7597347e-01  -7.8320140e-04  -2.4162587e-03   1.3192650e-03  -3.0324714e-02   8.4779022e-01  -2.8350005e-01
   8.8866058e-03  -1.4071959e-01   1.1616614e-01  -1.1179616e-03  -2.0730553e-03   1.3557683e-03  -1.6624721e-02   8.2610107e-01  -2.7885135e-01
   1.0676599e-03  -7.1225720e-02   1.5485852e-01  -5.5812794e-04  -2.1646848e-03   1.3375740e-03   2.6916432e-01   5.2472564e-01  -3.5421294e-01
  -1.4670845e-02  -7.5275522e-02   1.6365955e-01  -5.2340761e-04  -2.3663316e-03   1.2291137e-03   1.6659427e-02   8.5265894e-01  -2.6705773e-01
   7.3272949e-03  -1.7317965e-01   4.2839863e-02  -5.4956603e-04  -1.7636155e-03   1.4265227e-03  -5.9959850e-03   7.3371100e-01  -2.6026213e-01
  -1.5777164e-03  -9.0569181e-02   1.8216078e-01  -7.9448034e-04  -2.4963431e-03   1.5112164e-03   1.4081653e-01   5.2915687e-01  -3.1414430e-01
  -6.9451026e-03  -9.9753967e-02   1.9105547e-01  -1.0684043e-03  -2.5038255e-03   1.3043089e-03  -5.8500211e-03   8.0735365e-01  -2.7558650e-01
  -1.6755433e-04  -1.3925274e-01   1.6539737e-01  -1.4029475e-03  -2.4213817e-03   1.4856010e-03   5.6804335e-03   8.2685291e-01  -2.9375925e-01
   1.0799266e-04  -1.1476073e-01   2.0037527e-01  -1.2795204e-03  -2.3391351e-03   1.6814956e-03   1.9198203e-01   5.6565430e-01  -3.1917932e-01
  -3.1247646e-03  -7.7987661e-02   1.7819380e-01  -7.2742125e-04  -2.4081968e-03   1.4197646e-03  -4.2823682e-03   8.0233378e-01  -3.1999514e-01
  -1.2925114e-02  -5.6733977e-02   1.7570633e-01  -5.8441255e-04  -2.4752990e-03   1.2533836e-03  -4.0248401e-03   7.4417397e-01  -2.9219867e-01
  -2.7355653e-03  -9.2064924e-02   1.4907116e-01  -1.0978023e-03  -2.4839850e-03   1.4053733e-03  -1.5679235e-02   7.6080554e-01  -3.3160589e-01
  -5.2592440e-03  -9.3171269e-02   1.6475941e-01  -7.8628361e-04  -2.3291869e-03   1.4183758e-03   1.0317451e-03   8.1338880e-01  -3.0642161e-01
  -1.0266662e-02  -8.6139727e-02   1.3470516e-01  -5.5727754e-04  -2.3002129e-03   1.3522491e-03   6.2073891e-03   7.9862024e-01  -3.1504710e-01
  -1.7370542e-02  -9.1617863e-02   1.7672598e-01  -7.7956557e-04  -2.5878212e-03   1.4134144e-03   1.9436081e-01   6.0960973e-01  -3.4839323e-01
   8.1280180e-03  -1.6032156e-01   1.4573439e-01  -1.7094241e-03  -2.4738170e-03   1.7267836e-03  -1.0488437e-02   7.5165020e-01  -3.1099080e-01
  -5.3650955e-03  -1.0323750e-01   1.6528213e-01  -1.1915912e-03  -2.4628454e-03   1.6995724e-03   4.6883362e-03   7.4970233e-01  -3.2062291e-01
  -1.2971636e-02  -7.6149912e-02   1.4231206e-01  -5.3332877e-04  -2.4854044e-03   1.5580051e-03  -1.5815732e-02   7.5601320e-01  -3.2692651e-01
   1.3464899e-03  -1.0174586e-01   1.4056646e-01  -1.1704814e-03  -2.3045013e-03   1.6479628e-03  -1.2451605e-01   7.5394467e-01  -3.3820411e-01
  -2.1252304e-02  -5.2433441e-02   1.4301908e-01  -8.4222037e-05  -2.4475526e-03   1.1539987e-03   2.8007332e-02   8.1733261e-01  -3.1298692e-01
  -2.4660601e-02  -5.4809919e-02   1.6697820e-01  -9.1482300e-05  -2.8316415e-03   1.4311245e-03   3.8005387e-03   7.8916673e-01  -3.1105917e-01
  -8.9909260e-03  -4.9733523e-02   1.2583842e-01   1.0248373e-04  -1.7400375e-03   1.2706636e-03   4.9525061e-01   2.7103732e-01  -3.1811414e-01
  -8.2441649e-03  -4.1235822e-02   8.1140533e-02   6.3841427e-04  -5.0841114e-04   8.6730372e-04  -2.3055036e-02   6.4871026e-01  -1.7527368e-01
  -1.6799018e-02  -2.7982375e-02   1.3002629e-01   8.4986447e-04  -9.3413192e-04   8.4244688e-04  -3.8691791e-02   6.8801669e-01  -1.6416902e-01
  -2.8161848e-02  -8.7254304e-02   1.1191997e-01  -4.4065154e-04  -1.2584702e-03   8.2639879e-04   8.2965740e-03   7.6839790e-01  -2.1779566e-01
  -1.7762596e-02  -1.0428021e-01   1.3858422e-01  -3.1286480e-04  -8.3430161e-04   1.1682710e-03   4.8377678e-03   7.6162785e-01  -2.5416574e-01
  -1.1664060e-02  -9.5765633e-02   1.4007951e-01  -2.7823974e-04  -9.8479051e-04   1.2848746e-03   1.0194696e-02   7.1880502e-01  -2.6434182e-01
  -2.2459633e-02  -7.1557150e-02   1.2259337e-01   2.3086093e-04  -1.2660550e-03   1.0773644e-03   2.4680866e-01   5.5033029e-01  -3.3725256e-01
  -2.1504159e-02  -8.9521244e-02   1.2398701e-01   7.6298854e-05  -1.0177394e-03   1.0104630e-03   1.6922954e-02   7.5040066e-01  -2.5457324e-01
  -1.6660898e-02  -5.5553298e-02   1.0872655e-01   6.4207495e-04  -1.1222707e-03   1.0222042e-03  -1.2410949e-02   6.6002270e-01  -2.2308310e-01
   4.5400947e-05  -1.0304068e-01   3.5952114e-02   4.7922155e-04  -6.4338262e-04   1.0240019e-03   2.3229360e-03   5.9595833e-01  -2.4707023e-01
  -6.6154969e-03  -4.8798391e-02   5.1562302e-02   1.8014389e-04  -1.3260373e-03   1.1467362e-03   1.7288184e-02   6.1783878e-01  -3.2003022e-01
  -2.1719566e-02  -5.0071582e-02   8.0852019e-02   2.2510421e-04  -1.4806760e-03   9.5708808e-04   2.4735378e-01   4.4221344e-01  -3.4029277e-01
  -1.2915554e-02  -5.6611955e-02   8.1955399e-02   4.6507942e-04  -1.4497214e-03   1.2585879e-03   1.3213553e-03   6.3642770e-01  -2.8382204e-01
  -2.0810643e-02  -5.5698402e-02   7.1214370e-02   6.2969969e-04  -1.5435125e-03   1.2043371e-03   1.0071051e-02   6.5383591e-01  -2.5783388e-01
   9.0433377e-03  -9.9901950e-02   5.2240982e-02  -3.3815522e-04  -1.4818187e-03   1.4451191e-03  -3.0393694e-02   5.8271979e-01  -2.6316136e-01
  -8.0171290e-03  -3.7598595e-02   8.8190000e-02   7.0292631e-04  -1.7934680e-03   1.4466642e-03  -2.8186289e-02   6.1257707e-01  -2.6491692e-01
   9.2165779e-05  -5.7509424e-02   1.1227186e-01   3.3829205e-05  -2.0204609e-03   1.5770123e-03  -2.0230724e-02   5.2465210e-01  -3.0871788e-01
  -9.3248240e-03  -4.4828422e-02   1.0797903e-01   5.2681920e-04  -1.9907374e-03   1.5673150e-03  -1.0482225e-02   5.6161709e-01  -3.0466248e-01
   1.0727832e-02  -8.9058141e-02   1.2552617e-01  -8.2821406e-04  -1.8777415e-03   1.6468089e-03  -2.5296891e-02   5.7692337e-01  -2.5905251e-01
  -1.6419420e-02  -1.2251717e-02   1.1114560e-01   4.9318203e-04  -2.0019278e-03   1.5923003e-03   2.2622431e-01   2.7560589e-01  -3.5215160e-01
  -1.5492523e-02  -2.2259201e-02   1.0454279e-01   1.2968664e-04  -2.0808153e-03   1.5040802e-03  -1.0685269e-02   5.7586180e-01  -3.1251440e-01
  -2.3702459e-02  -2.3983907e-02   1.0746802e-01   1.4392303e-04  -2.1022505e-03   1.3437726e-03  -3.4700919e-03   5.6587504e-01  -3.1107276e-01
  -1.4216060e-02  -3.4520556e-02   8.2712209e-02   1.7143216e-04  -1.9342736e-03   1.3769212e-03  -1.3807969e-02   5.6505770e-01  -2.7322570e-01
  -1.7029475e-03  -4.6266375e-02   7.7326835e-02  -1.1773531e-04  -1.7678178e-03   1.2885028e-03  -4.7783099e-02   5.1695895e-01  -2.6934478e-01
  -6.8492348e-03  -2.8117585e-02   5.8020624e-02   1.1178559e-04  -1.9888532e-03   1.3917320e-03  -1.3311895e-02   5.7670642e-01  -2.8658017e-01
  -1.8262331e-02  -1.9225091e-02   1.0115332e-01   4.3421711e-04  -2.2414008e-03   1.3227510e-03   2.1381854e-01   2.9895034e-01  -3.3699495e-01
  -1.4039971e-02  -3.9893995e-02   9.9162663e-02   1.1062358e-04  -2.0743794e-03   1.3913758e-03  -3.0751856e-02   6.0149580e-01  -2.4599431e-01
  -2.6899467e-02  -2.8074138e-02   1.1409989e-01   3.4157000e-04  -2.2521724e-03   1.2785106e-03   1.8993105e-03   5.9517087e-01  -2.6291686e-01
  -1.6327182e-02  -2.7831610e-02   1.3822317e-01   2.9517795e-04  -2.2237639e-03   1.5354419e-03  -3.1482777e-02   5.3577607e-01  -2.7400381e-01
  -6.6426433e-03  -1.4707128e-01   6.2384829e-02  -4.3233758e-04  -1.7962613e-03   1.8584181e-03  -3.0000079e-02   5.0872419e-01  -2.5286312e-01
   2.4825714e-02  -1.2309790e-01   7.1990264e-02  -1.1543914e-03  -1.2347471e-03   1.9705083e-03   2.3162932e-01   2.9980070e-01  -3.6612392e-01
  -1.6528666e-02  -4.5370063e-02   1.0082234e-01  -2.0842463e-04  -1.8304168e-03   1.3835619e-03  -2.8444342e-02   5.8693123e-01  -2.9472022e-01
   1.3376426e-02  -9.3963593e-02   7.1889162e-02  -1.2904825e-03  -1.6679124e-03   1.6439657e-03  -2.5661464e-02   5.2531327e-01  -3.2625706e-01
  -3.2091371e-02  -1.4344562e-02   7.4208531e-02   6.9169794e-04  -2.0617377e-03   1.1284236e-03  -2.6464585e-02   5.5509014e-01  -2.8985075e-01
  -1.7082776e-02  -3.8263043e-02   8.7392030e-02   2.1881407e-04  -2.0729384e-03   1.3818957e-03  -1.3826639e-02   5.7762850e-01  -3.1484522e-01
   4.9066405e-03  -7.7221067e-02   5.5656663e-02  -7.0667648e-05  -1.6636720e-03   1.7698231e-03   1.9407188e-01   2.5845042e-01  -3.3381733e-01
  -1.0019241e-02  -4.2247175e-02   3.6120785e-02   7.2267854e-04  -1.5395431e-03   1.3925052e-03  -2.3630280e-02   5.0573351e-01  -2.6159430e-01
   2.5441951e-03  -9.2002928e-02   5.6776646e-02  -3.8736892e-04  -1.6223295e-03   1.4491937e-03  -3.0041908e-02   5.0742935e-01  -2.7882219e-01
  -1.8629359e-02  -2.9262469e-02   8.1217261e-02   8.0234114e-04  -1.8161554e-03   1.3702980e-03  -2.0486477e-02   5.1727976e-01  -3.1156226e-01
  -1.7522361e-02  -3.4860887e-02   7.6059896e-02   7.0955081e-04  -2.0948734e-03   1.4788834e-03   1.9104507e-02   5.2338535e-01  -3.0107835e-01
  -3.9555822e-04  -7.5184903e-02   9.8928610e-02  -3.1995041e-04  -2.0414734e-03   1.6759180e-03  -2.6926769e-02   5.3401293e-01  -3.3866133e-01
  -4.9307004e-03  -2.7831188e-02   9.9870721e-02   4.1589582e-04  -2.1397068e-03   1.6888632e-03  -1.4620031e-02   5.0956998e-01  -3.0206647e-01
   1.0599646e-03  -7.2071640e-02   7.0486219e-02  -2.6850306e-04  -2.1435737e-03   1.8286036e-03  -2.5457926e-02   4.8184871e-01  -2.9694224e-01
  -7.2750904e-03  -2.4505840e-02   5.2926632e-02   5.6934709e-04  -1.9437898e-03   1.5071515e-03   1.9040868e-01   1.6834164e-01  -3.6254887e-01
  -1.3574403e-02  -1.3274287e-02   7.0404914e-02   1.0142596e-03  -2.0561559e-03   1.5122636e-03  -1.6643293e-02   5.2766030e-01  -2.9853313e-01
  -5.0948445e-03  -5.2307107e-02   7.7954539e-02   4.6186020e-04  -2.1352896e-03   1.4538543e-03  -3.3106886e-02   5.3487609e-01  -2.6975458e-01
  -8.8079344e-03  -3.4934358e-02   5.3668672e-02   7.3924440e-04  -1.9020343e-03   1.5016959e-03  -4.2033248e-02   4.8382294e-01  -2.7370369e-01
  -2.3094833e-02  -1.3557222e-02   8.4035177e-02   1.2150862e-03  -2.0184136e-03   1.2182616e-03  -4.8267142e-02   5.3868302e-01  -2.7876781e-01
  -2.5445160e-02  -1.9607022e-02   9.0512019e-02   1.0060424e-03  -1.9720208e-03   1.0531652e-03  -1.8678752e-03   5.3013322e-01  -2.8274346e-01
  -1.9799412e-02  -1.1517166e-02   7.8708392e-02   1.0699692e-03  -2.0947431e-03   1.0454398e-03  -1.5044544e-02   5.5922719e-01  -2.6981554e-01
   1.6936559e-02  -1.3169075e-01   2.5322576e-02  -8.9950761e-04  -1.8062049e-03   1.7830774e-03  -9.6237710e-02   4.5304209e-01  -2.8964178e-01
  -1.5703310e-02  -1.1722670e-01  -4.2504653e-02   5.7013593e-04  -1.8443252e-03   7.7067768e-04   2.8068937e-01   1.5455853e-01  -3.3913875e-01
  -1.6702910e-02  -5.3659549e-02   5.0046135e-02   8.4817531e-05  -2.2524943e-03   1.2261157e-03  -1.7189889e-02   5.0620647e-01  -2.7592868e-01
  -2.5311109e-02  -2.5546257e-02   7.7635932e-02   1.0341902e-03  -2.2349106e-03   1.0673526e-03   1.5111596e-02   5.6735713e-01  -2.8914524e-01
  -2.2598201e-03  -5.0621776e-02   6.9672254e-02  -6.8964482e-05  -2.1164367e-03   1.2016058e-03  -4.0084339e-02   3.7442528e-01  -2.8323855e-01
   2.3918615e-03  -4.3846256e-02   8.0988180e-02  -1.3120679e-04  -2.0833245e-03   1.4808347e-03   2.2617436e-02   3.5490169e-01  -2.8258685e-01
  -1.6208000e-02   2.7004604e-03   6.7120229e-02   9.3667806e-04  -2.1178779e-03   1.0129204e-03   2.4443221e-01   1.3924592e-01  -3.6174537e-01
  -1.1056255e-02  -4.1356382e-02   1.0404181e-01  -1.2162259e-04  -2.2767812e-03   1.0538191e-03  -3.2572026e-03   4.0691789e-01  -2.9838994e-01
   2.0150918e-02  -1.3676811e-01  -1.2028856e-02   1.0772122e-04  -1.6599801e-03   1.7999034e-03  -2.1948764e-03   4.0968343e-01  -2.5201540e-01
   3.7376190e-02  -2.3812306e-01  -6.2043644e-02  -2.1900348e-04  -9.1343080e-04   2.0614855e-03  -1.7878521e-02   4.6463019e-01  -3.0127313e-01
   1.6306027e-02  -1.0746033e-01  -5.6608750e-03  -3.8475330e-04  -1.4007036e-03   1.8779420e-03  -1.7505040e-02   4.9862170e-01  -3.3409607e-01
   1.2441835e-03  -9.9976899e-02   3.0487187e-03   2.1065882e-04  -1.4608874e-03   1.6714432e-03  -1.6975817e-02   4.4528555e-01  -3.4045651e-01
  -1.2538177e-02  -2.3993615e-02   4.6186706e-02   1.0465574e-03  -1.9190963e-03   1.2915837e-03   8.8049739e-03   5.3488045e-01  -3.2319295e-01
  -4.9995142e-03  -1.1737687e-01   7.5535879e-02   8.8517849e-06  -2.2514684e-03   1.6786813e-03   9.7423410e-03   5.7068249e-01  -3.1074398e-01
   6.2675669e-03  -9.8397480e-02   3.1783389e-02   9.0055211e-05  -1.7788750e-03   1.6322093e-03  -1.7411145e-02   5.1649462e-01  -3.0322309e-01
  -3.9952362e-03  -6.5523955e-02   7.0744749e-02   5.9339461e-05  -2.3505687e-03   1.7088980e-03  -1.4933999e-02   5.4191172e-01  -3.3254187e-01
   9.6203099e-04  -1.3590429e-01   2.7959749e-04   1.4712940e-04  -1.6894400e-03   1.5715807e-03  -1.8525571e-02   4.4861409e-01  -3.0219743e-01
   2.0343555e-02  -1.1156663e-01   1.1380082e-01  -1.6294970e-03  -1.9739360e-03   1.9499589e-03  -2.2793153e-02   5.8222292e-01  -3.3355437e-01
  -5.0392894e-03  -6.3860466e-02   5.9612517e-02   3.0146946e-04  -2.2261638e-03   1.9414983e-03  -1.8089077e-02   4.8316345e-01  -3.0346232e-01
   8.4132476e-03  -9.7979611e-02   3.2794887e-02   2.2516832e-05  -1.9727765e-03   1.9445661e-03   6.5238149e-02   6.6800662e-01  -2.7251243e-01
