   0.0000000e+00   0.0000000e+00   0.0000000e+00   0.0000000e+00   0.0000000e+00  -0.0000000e+00  -1.1109963e-02   4.9460356e-01  -1.5925856e-01
   6.9987058e-04  -1.2322477e-02   4.8339136e-02   1.4952350e-04  -2.9822837e-05  -3.6489675e-05  -3.7804782e-02   4.8223030e-01  -1.8498173e-01
   8.8910848e-03  -7.0239169e-02   1.1016664e-02   3.2811266e-04   3.5837539e-04   3.3692443e-04  -3.9209904e-02   4.7225103e-01  -1.7396452e-01
  -5.7233062e-03  -8.9487721e-03   8.0424441e-02   2.9671491e-04   1.2305162e-04  -2.4569990e-04  -3.1489105e-02   5.4988404e-01  -1.8197812e-01
  -1.8399543e-02   4.7755654e-04   1.1076853e-01   6.7725752e-04  -1.5608125e-04  -3.4191153e-04   6.5522886e-03   5.4411225e-01  -3.7744781e-01
  -5.7721854e-03  -7.9092040e-03   1.1111017e-01   3.4175712e-04   1.5425891e-04  -2.0213011e-04  -3.7902394e-03   5.4667040e-01  -3.6538773e-01
  -1.5566123e-02  -6.8201856e-03   1.1568288e-01   3.9771994e-04  -1.3943458e-04  -2.5832908e-04   3.2336776e-03   5.8417091e-01  -3.7128419e-01
  -1.6287159e-02  -1.3520585e-02   6.1292797e-02   2.1930055e-04  -5.5254904e-05  -3.2873858e-04   2.8041516e-01   2.6735927e-01  -4.0815194e-01
  -1.6229524e-02  -1.1524310e-02   7.0124002e-02   3.0325132e-04  -1.7451085e-04  -2.2954405e-04   3.4530672e-02   5.0769526e-01  -3.4668614e-01
  -2.0443504e-02  -1.3009213e-02   8.4415312e-02   3.4251079e-05  -3.5830382e-04  -2.4085280e-04   3.8677913e-02   4.9667757e-01  -3.7343798e-01
  -1.5148418e-02  -3.3042448e-02   7.0149582e-02  -2.8932940e-04  -4.0407283e-04  -2.5914690e-04   3.7330529e-02   5.1403283e-01  -3.6339880e-01
  -1.2601073e-02  -6.5603311e-03   7.5640997e-02   3.9093688e-05  -4.9723380e-05  -1.9526706e-04   2.5005377e-01   1.8421127e-01  -3.8812825e-01
  -2.2849846e-02   2.6854263e-03   6.1789322e-02   4.2874912e-04  -3.6696027e-04  -1.1295938e-04   3.1748320e-02   4.8880277e-01  -3.3009578e-01
  -1.7876073e-02  -1.5510568e-02   7.9983004e-02   3.5393067e-05  -2.8913476e-04  -7.6735048e-05   3.2859311e-02   5.3245360e-01  -3.3100356e-01
  -1.1310474e-02  -2.1950713e-02   7.3059633e-02   2.7639501e-04  -1.2852209e-04  -2.2483068e-06   5.7704672e-03   5.3165787e-01  -2.8989970e-01
  -1.8439439e-02  -4.1330954e-04   8.4457385e-02   1.3744378e-04  -6.0124272e-04  -1.8043627e-04   1.0719101e-01   4.9846149e-01  -2.7505438e-01
  -2.1731149e-02  -8.0831111e-03   7.9877156e-02   1.2419018e-04  -3.2784696e-04  -3.1001705e-04   1.7189867e-02   5.5634300e-01  -3.0254534e-01
  -2.1157516e-02   1.9074636e-02   8.6473807e-02   4.4270673e-04  -3.3665975e-04  -6.2145523e-04   5.7399301e-03   5.2993744e-01  -3.1331196e-01
  -1.6688592e-02  -1.3289804e-02   3.7466884e-02   1.8384352e-04  -1.4777520e-04  -2.7956824e-04   2.1927077e-02   5.2665356e-01  -3.0512312e-01
  -1.3539943e-02  -4.2959423e-04   9.0903920e-02   2.8252738e-04  -2.6317443e-04  -2.0459092e-04   4.5700005e-03   5.4498313e-01  -2.5948296e-01
  -1.9079456e-02  -1.5357290e-02   6.4144437e-02   2.1820033e-04  -2.6105504e-04  -3.2902352e-04   2.3247392e-02   5.1363658e-01  -2.6876201e-01
  -9.6699357e-03  -4.7892086e-03   8.0775619e-02   1.8648170e-04  -1.5823002e-04  -5.6462886e-04  -1.1017447e-02   5.5374326e-01  -2.7724980e-01
  -1.4493329e-02  -2.8140791e-02   2.8826992e-02   1.6003768e-04   9.3634007e-06  -2.3416425e-04  -1.6782173e-02   5.1680482e-01  -2.7762350e-01
   3.5352723e-03  -3.2045224e-02   1.0976192e-01  -5.5704774e-04  -7.5796235e-05  -2.9694963e-04  -1.5785819e-02   5.5128301e-01  -2.7924626e-01
   1.4317147e-03  -3.9905986e-02   8.6423913e-02  -5.5892855e-04  -4.8969855e-05  -1.0709571e-04  -1.5431963e-02   5.5051847e-01  -2.6736533e-01
  -1.1022815e-02   7.0176123e-03   9.3799590e-02   4.5558526e-04  -2.1246655e-04  -2.3174476e-04   2.9574412e-01   1.9945833e-01  -4.0110462e-01
  -3.9132360e-03  -2.9500512e-02   9.2335735e-02  -2.6202705e-04  -1.8889981e-04  -1.7548237e-04  -1.0442566e-02   5.5887951e-01  -2.9277495e-01
  -9.5150042e-03  -1.9664414e-02   8.5356090e-02  -7.6744122e-05  -2.5867308e-04  -2.5773956e-04   8.2895068e-03   5.5388687e-01  -3.2722018e-01
   8.0278179e-03  -1.4691220e-01  -1.5237501e-02   4.1879451e-04  -1.1772096e-04   7.5350045e-05   5.9233169e-01  -1.3807099e-01  -4.4054906e-01
  -5.5924760e-03  -4.5036295e-02   5.9175196e-02  -2.8639200e-04  -5.3533788e-05  -2.9206797e-04  -5.5518737e-02   4.6512160e-01  -2.6892819e-01
  -1.6389461e-02  -1.7512746e-02   4.8862644e-02   6.3717958e-04  -2.1213984e-04  -1.7539742e-04   1.0757101e-03   5.6274193e-01  -2.9654726e-01
  -2.3799787e-02  -1.6202002e-03   8.9633571e-02   6.2852233e-04  -3.5476987e-04  -7.1941868e-04  -5.2732660e-03   5.5205818e-01  -2.8831684e-01
  -6.3887760e-03  -3.9232029e-02   6.7503483e-02   7.7253549e-05  -2.5806761e-04  -1.2516385e-05  -1.0311394e-02   5.4340325e-01  -2.7261865e-01
   6.1882313e-03  -8.1272952e-02   1.9854189e-02   1.6309354e-05   1.5442153e-04   1.4133661e-04   2.4006336e-01   2.3730986e-01  -3.3180938e-01
  -1.0801543e-02  -2.9928561e-02   5.1173428e-02   4.0393239e-04  -2.7262404e-04  -2.7748638e-04   4.0299904e-02   5.1684748e-01  -3.1764174e-01
  -2.8506049e-02  -1.1871209e-02   8.3456773e-02   7.0135944e-04  -3.9189221e-04  -5.6379507e-04  -3.2541949e-03   5.7474505e-01  -3.0924173e-01
   1.8169307e-02  -1.7577702e-01   2.4934222e-02  -8.0637012e-04   1.5306171e-04   2.0204245e-04  -4.3525771e-02   4.6887284e-01  -2.9190729e-01
  -1.2961802e-02  -5.8323338e-03   6.3200840e-02   6.0176072e-04  -2.9038479e-04  -2.2809168e-04   1.7253171e-01   2.8518697e-01  -3.2268972e-01
  -1.0710709e-02  -1.2656394e-02   5.2188644e-02   8.1123920e-04  -1.8955681e-04  -3.3744165e-04   2.0969645e-01   2.2815169e-01  -3.2849414e-01
  -2.3577416e-02   1.9129515e-02   6.5238013e-02   1.1198238e-03  -2.1693364e-04  -8.9306168e-04  -3.0757165e-02   5.3601225e-01  -3.0513362e-01
  -1.5999327e-02   6.1691138e-03   9.2200461e-02   6.8431032e-04  -3.3935637e-04  -4.8859109e-04  -2.4705754e-02   5.3208494e-01  -3.1469651e-01
  -2.9973956e-02   1.8926861e-03   7.1356424e-02   6.2467346e-04  -2.9500829e-04  -7.8227109e-04  -1.3979178e-02   5.7344583e-01  -3.0961404e-01
  -7.8961163e-03  -4.3319719e-03   6.1032726e-02   3.0561501e-04  -1.6430334e-04  -6.6679512e-04  -4.7150990e-02   4.9174423e-01  -2.7607235e-01
  -2.2697637e-02   1.1693697e-02   7.0315096e-02   6.5685354e-04  -2.1150774e-04  -9.4762253e-04  -1.7377912e-02   5.1013133e-01  -3.0656897e-01
  -1.3457602e-02   6.7919549e-03   9.3763088e-02   3.7936028e-04  -3.9426718e-04  -7.8960120e-04  -1.3793703e-02   4.9550342e-01  -3.0364721e-01
  -2.2350839e-02  -1.6812967e-02   5.1729458e-02   1.3866849e-04  -2.8060751e-04  -1.0965528e-03  -3.4393064e-02   5.8442729e-01  -2.7791196e-01
   1.9619918e-02  -7.8069450e-02   8.1703773e-02  -9.7395468e-04   3.1851762e-05  -3.0074735e-04  -4.8827922e-02   5.3126642e-01  -2.8698379e-01
   6.0224987e-03  -3.6663172e-02   8.5229294e-02  -7.3493709e-04  -1.6196306e-04  -4.6975053e-04  -1.8906580e-02   4.9211770e-01  -3.0508283e-01
   9.2575407e-03  -5.6516952e-02   6.7009971e-02  -8.1022164e-04  -2.0090680e-04  -2.8183971e-04  -3.5425379e-02   4.8570408e-01  -2.9525327e-01
  -1.3676413e-02   4.3229423e-04   9.8592309e-02   4.8713526e-04  -2.8450400e-04  -5.5365108e-04   2.3088096e-01   2.5819365e-01  -3.6399402e-01
  -9.4651122e-03  -2.7664335e-02   1.0140662e-01  -3.4374006e-04  -3.6172924e-04  -5.6219208e-04  -2.8675935e-02   5.7796374e-01  -3.0443079e-01
  -2.1415654e-02  -2.0226914e-03   8.1480741e-02   4.1650307e-04  -2.6920076e-04  -7.9479732e-04  -1.0510740e-02   5.7358731e-01  -3.1164680e-01
  -1.1910907e-02  -1.2808231e-02   1.0222841e-01   3.9096257e-05  -2.6103070e-04  -6.4989262e-04  -7.3545170e-02   6.2254583e-01  -3.0529120e-01
  -1.7841942e-02  -3.0369953e-02   1.1187267e-01  -9.5391061e-05  -2.0812339e-04  -6.7726602e-04  -4.7317759e-02   6.2443722e-01  -2.8745789e-01
  -1.7713815e-02  -2.3538761e-02   6.6238025e-02   4.8813103e-04  -1.1991791e-04  -6.8171244e-04  -1.8879872e-02   6.5217612e-01  -2.7442980e-01
  -7.2474942e-03  -4.5283958e-02   6.4015100e-02   4.5691946e-06  -2.5896623e-04  -4.3048512e-04  -1.9623004e-02   6.6208734e-01  -2.6516519e-01
  -1.9787591e-02  -9.8089509e-03   6.4325581e-02   5.1582229e-04  -3.3695440e-04  -6.2920220e-04  -2.0855011e-02   5.3356974e-01  -2.5688347e-01
  -2.6906214e-02  -1.1259673e-02   1.0409442e-01   3.6604371e-04  -2.5736364e-04  -8.5372414e-04  -2.4859476e-02   5.6386118e-01  -2.8119758e-01
  -1.8016698e-02  -2.5099593e-02   8.0440256e-02   1.5136264e-04  -2.4282137e-04  -7.2591509e-04  -1.0707358e-02   5.7450403e-01  -2.6742830e-01
  -2.4406613e-02  -2.7989422e-02   7.8794602e-02   4.7687452e-04  -3.9345362e-04  -6.9497891e-04   3.4329813e-01   2.1892062e-01  -3.8807962e-01
  -1.7218330e-02  -2.5487543e-02   1.2449411e-01   6.2577824e-04  -1.9110968e-04  -5.7539586e-04  -1.0136355e-02   5.9527596e-01  -2.5765927e-01
  -1.9111664e-02  -3.0206112e-02   1.0283251e-01   2.6042304e-04  -4.5330041e-04  -5.1179273e-04   2.3891056e-01   3.8264016e-01  -3.4708538e-01
  -1.0804589e-03  -6.0901255e-02   1.0070687e-01  -4.6290524e-04  -2.1095220e-04  -3.7763314e-04   2.0986364e-01   3.5926058e-01  -3.2698219e-01
  -1.8739242e-02   1.5675449e-03   8.8247628e-02   3.5447335e-04  -4.9947869e-04  -5.7954721e-04   1.1157505e-02   5.3973847e-01  -3.2960776e-01
  -9.3311444e-03  -3.0213262e-02   1.1111436e-01  -2.6539516e-04  -4.1431404e-04  -2.5481380e-04  -2.0881373e-02   6.0257147e-01  -3.3292323e-01
  -1.2522094e-02  -3.1937513e-02   9.0392841e-02  -2.9169706e-04  -4.8208009e-04  -5.5758028e-04  -1.2333177e-02   5.9862065e-01  -3.6216638e-01
  -8.6705791e-03  -3.4104343e-02   9.7299878e-02  -1.8727710e-04  -9.8576603e-05  -5.0690034e-04  -1.5432291e-02   6.0809282e-01  -2.9788401e-01
   9.3178838e-03  -7.7772696e-02   4.3101999e-02  -7.0115426e-04   9.4546229e-06  -2.5663462e-04   1.8398307e-01   2.4463709e-01  -3.5837693e-01
  -8.1341555e-03  -2.3709967e-02   6.5763607e-02   5.5543285e-05  -1.1831263e-04  -4.4870388e-04  -2.0400239e-02   5.0099871e-01  -3.1021363e-01
  -5.2882306e-05  -4.3285347e-02   7.4679972e-02  -4.9905763e-04  -2.4354613e-04  -2.9464282e-04   1.6920121e-01   2.5026432e-01  -3.7268393e-01
   1.8107013e-02  -1.1716600e-01  -1.8096926e-02   1.9217285e-04   1.8466139e-04   3.9551752e-04  -1.6090879e-02   4.6246300e-01  -3.2775036e-01
  -1.5939613e-02  -2.5371843e-02   5.1306695e-02   3.8140695e-04  -3.4428798e-04  -3.8077010e-04  -3.0745430e-02   6.9154747e-01  -3.3668216e-01
  -1.9517422e-02  -7.6360044e-03   9.2113940e-02   6.8670290e-04  -5.1290558e-04  -5.1190495e-04  -1.5870281e-02   5.8573034e-01  -3.1508587e-01
  -1.6188093e-02   1.3031134e-03   5.9824757e-02   4.3738160e-04  -4.3180585e-04  -5.6866744e-04  -2.1787019e-02   5.5872247e-01  -3.1095559e-01
  -1.3388444e-02   9.1258464e-03   1.0684051e-01   5.5290509e-04  -4.6654159e-04  -1.0126399e-03   2.5470234e-01   2.6057904e-01  -4.0641362e-01
  -2.5638475e-02   2.1900180e-03   9.0686887e-02   2.0789247e-04  -6.5769583e-04  -7.8109299e-04  -8.7186646e-04   5.4561950e-01  -3.3434731e-01
  -2.0462997e-02  -4.6515677e-03   3.6705005e-02   4.2540394e-04  -1.0747647e-05  -8.1394877e-04   2.7149372e-01   2.5026410e-01  -3.7871586e-01
  -2.4382591e-02  -1.8240710e-02   7.5052450e-02   4.5211838e-04  -2.1869091e-04  -5.5943864e-04   1.7699598e-02   5.6045168e-01  -3.2466661e-01
  -2.4439698e-02  -1.6789256e-02   1.1174853e-01   5.6453227e-04  -3.3207295e-04  -4.7872820e-04   6.2099694e-03   6.1012479e-01  -3.0332938e-01
  -6.4675049e-03  -4.1232174e-02   1.0846003e-01  -1.3126738e-04  -1.9652416e-04  -4.4287197e-04   6.8734387e-03   5.7670715e-01  -2.8363597e-01
  -1.6018390e-02  -1.9106965e-02   9.8679398e-02   3.4588943e-05  -6.4082603e-05  -6.2798265e-04  -2.5599567e-02   5.5979809e-01  -2.8388967e-01
   2.9540715e-02  -1.1488908e-01   3.6605086e-02  -9.5263999e-04   3.4620356e-04  -1.1423782e-04  -3.4189329e-02   5.1632074e-01  -2.9426552e-01
  -2.7324956e-03  -4.4555808e-02   8.7220406e-02  -1.4260407e-04  -1.6556306e-04  -4.0430393e-04   2.2560187e-01   2.9665924e-01  -3.5035212e-01
  -1.5137006e-02  -1.6200521e-02   8.1392456e-02   5.3044816e-04  -9.6655490e-05  -3.8264339e-04  -2.2667421e-02   5.1087697e-01  -3.1947634e-01
  -1.5403871e-02  -1.1726722e-02   3.3695716e-02   6.2287758e-04  -7.7575872e-05  -6.3196997e-04  -1.6042772e-02   5.4977068e-01  -3.1581861e-01
  -3.4842127e-02  -9.7796715e-03   1.0490985e-01   7.9473567e-04  -4.6570912e-04  -7.7455427e-04  -2.4377175e-02   5.7463315e-01  -3.4020755e-01
  -1.9759899e-02  -2.9296350e-02   3.5880959e-02   3.9964166e-04  -2.6686890e-04  -5.7217185e-04   1.5865115e-02   6.1524625e-01  -2.7005545e-01
  -1.8630048e-02  -3.3114682e-02   6.2991248e-02   4.2931343e-04  -2.7781071e-04  -4.3199930e-04   7.4729407e-03   6.0892250e-01  -2.8728203e-01
   4.0634864e-03  -7.4250475e-02   9.7065099e-02  -2.5045583e-04   5.8171248e-05  -3.7586154e-05  -1.4571974e-02   5.1026726e-01  -3.1040909e-01
  -1.3698331e-02  -4.5990874e-02   8.1538173e-02  -2.2355752e-04  -2.5024567e-04  -6.1249630e-04  -6.8837661e-03   5.5376193e-01  -3.0911468e-01
  -2.8007492e-02   5.8356195e-03   1.0406594e-01   8.4717181e-04  -2.6650247e-04  -1.0990928e-03   1.0545216e-02   5.4984766e-01  -3.1006229e-01
   7.5811399e-03  -1.2773066e-01   2.5641576e-02  -3.9471807e-04  -6.2533800e-05  -2.9300303e-04   4.7384147e-01  -4.6362438e-02  -4.1416906e-01
  -2.0208386e-02  -3.6856786e-02   6.6268597e-02   2.7852498e-05  -4.0384516e-04  -7.8739697e-04  -1.8055598e-02   4.9017869e-01  -3.0170690e-01
  -1.0035874e-02  -4.9600926e-02   1.0715250e-01  -1.8261830e-05  -1.6706817e-04  -3.4824790e-04  -2.6085138e-02   6.1004250e-01  -2.9186632e-01
  -2.0032065e-02   8.5392836e-03   1.0784917e-01   3.2599466e-04  -4.6507876e-04  -7.0572737e-04  -9.6216277e-03   5.3706422e-01  -2.8054477e-01
  -1.4745827e-02  -3.1901769e-02   7.1532242e-02   9.8274367e-05  -3.4220064e-04  -5.8862827e-04  -1.9942789e-02   5.8621438e-01  -2.4937325e-01
  -2.3440492e-02  -2.0422355e-02   1.1335380e-01   4.7159943e-04  -3.6790920e-04  -8.3960132e-04  -1.3141952e-02   5.8405977e-01  -2.6059308e-01
  -1.0992278e-02  -4.9929602e-02   5.8049809e-02  -8.7775005e-05  -2.6645697e-04  -4.6298886e-04  -2.2533258e-02   5.8387553e-01  -2.8699398e-01
  -6.9657016e-03  -5.3221247e-02   7.5597681e-02  -8.1812206e-05  -7.7573748e-05  -3.8347096e-04  -1.6195543e-01   3.3922452e-01  -3.0087055e-01
  -2.4265799e-02  -1.0203911e-02   6.3248488e-02   8.0803825e-04  -5.2043917e-05  -6.4965615e-04  -6.1268361e-02   4.8073303e-01  -3.4561336e-01
  -2.6154838e-02   8.5437238e-03   8.2548613e-02   1.1965298e-03  -2.2263548e-04  -6.2755759e-04   1.0576782e-04   4.9269893e-01  -3.4954000e-01
  -1.0269921e-02  -3.8186045e-02   6.4196579e-02  -2.5012787e-04  -4.8303370e-04  -4.9963026e-04  -4.7927241e-03   4.1664159e-01  -3.5211006e-01
  -2.0685219e-02  -2.9217563e-02   9.5091292e-02   5.9233799e-04  -5.3076108e-04  -6.0313447e-04  -1.4858511e-02   5.4709295e-01  -3.0178452e-01
  -2.5073862e-02  -1.3751191e-02   9.7157975e-02   6.4577624e-04  -6.3972543e-04  -4.9344645e-04   5.0651041e-03   5.3101247e-01  -3.5049234e-01
  -1.4239367e-02   6.1051657e-03   6.2044657e-02   1.0297139e-03  -4.8922732e-04  -5.2511118e-04   6.1532618e-01  -1.7696567e-01  -4.8581795e-01
  -1.7757569e-02  -1.4359523e-02   6.1107580e-02   6.8390793e-04  -5.1229830e-04  -4.1187882e-04  -2.1344164e-02   5.2455604e-01  -3.0516891e-01
  -1.7557543e-02  -1.5074702e-02   1.0493247e-01   1.1698799e-04  -6.8042689e-04  -5.8437072e-04  -2.6042455e-02   5.7796246e-01  -2.8076660e-01
  -3.2283304e-02  -2.8218363e-03   5.1092809e-02   8.5908554e-04  -3.0517652e-04  -9.8488772e-04  -4.0748959e-02   5.7488919e-01  -2.4783297e-01
  -2.4052632e-02  -6.7982717e-03   2.6572432e-02   7.6959060e-04  -1.8060278e-04  -8.9789585e-04  -1.9465042e-02   5.8164940e-01  -2.4279382e-01
  -2.5477832e-02  -1.9688771e-02   9.8419497e-02   8.0654184e-04  -3.4255388e-04  -4.5481311e-04  -8.4605569e-03   5.6971281e-01  -2.6895629e-01
  -1.9132023e-02  -1.4074616e-02   1.0478283e-01   7.0360697e-04  -3.5698353e-04  -4.1201444e-04   3.6682492e-03   5.7754925e-01  -2.8030956e-01
   4.5409146e-03  -8.1681643e-02   6.2284990e-02   2.2494886e-04   1.4094909e-04   4.5235322e-05  -1.5488797e-02   5.1492796e-01  -3.0668581e-01
   2.0306870e-02  -8.4677968e-02   1.1367653e-01  -5.5445156e-04   2.4378129e-04   5.3717234e-05   1.7982659e-01   2.9334556e-01  -3.5759846e-01
  -1.8421971e-02  -1.0670436e-02   6.0800273e-02   8.6517428e-04   2.3346203e-05  -4.8129325e-04   2.1530801e-02   5.2873252e-01  -3.2145312e-01
  -1.9862846e-02   1.1989423e-02   1.0569157e-01   7.8851678e-04  -3.5999890e-04  -6.5569738e-04   2.9376347e-02   5.8882432e-01  -3.2069563e-01
  -9.3603853e-03  -4.7804744e-02   8.9534782e-02  -6.0862207e-05  -3.1350801e-04  -3.7345063e-04  -3.3359056e-02   5.9496500e-01  -3.1592324e-01
  -2.0722890e-02  -3.4076466e-03   4.5580234e-02   6.3437608e-04  -2.2046623e-04  -7.1816696e-04  -3.8469451e-02   5.9204275e-01  -2.9747150e-01
  -2.2844865e-02  -1.4868886e-02   3.9483156e-02   4.9838094e-04  -2.5264417e-04  -8.2149864e-04   1.9808418e-01   3.5271340e-01  -3.3656843e-01
  -1.9849469e-02  -3.9642730e-03   5.0232787e-02   1.2814957e-03  -1.3431207e-04  -6.1016265e-04  -4.1635820e-02   5.3448509e-01  -2.0042374e-01
  -2.6026390e-02  -2.9552156e-02   5.0561841e-02   6.8919596e-04  -9.4775678e-05  -5.1854136e-04  -5.4427733e-02   5.8473486e-01  -2.6961646e-01
  -2.3554250e-02  -1.2207204e-02   4.8616844e-02   9.1958305e-04  -2.7474053e-04  -5.7468076e-04  -5.7744126e-02   5.9992000e-01  -2.5495308e-01
  -8.5462792e-03  -5.5975851e-02   8.3996919e-02  -3.4239316e-04  -1.1295310e-04  -4.2762829e-04  -1.9965569e-02   6.2245567e-01  -2.5465497e-01
  -2.7496646e-02  -2.2638715e-02   1.0383403e-01   9.0515943e-04  -1.6270884e-04  -5.2415474e-04  -5.4914802e-03   6.1076596e-01  -2.4324254e-01
  -2.2006109e-02  -1.7701189e-02   1.0890768e-01   7.6485471e-04  -4.3569670e-04  -3.9136937e-04  -1.9254326e-03   6.0717741e-01  -2.7939937e-01
   9.9410121e-03  -7.8970590e-02   7.6576851e-02  -3.2629512e-04   2.8082674e-04   2.7287956e-05   2.1148631e-01   3.1609185e-01  -3.1269144e-01
  -2.0052371e-02  -2.3885245e-02   1.1690246e-01   6.9982243e-04  -3.6690280e-04  -3.6467909e-04  -2.9387281e-02   5.9252990e-01  -2.7921972e-01
  -3.0662647e-02  -1.0119348e-02   1.2951805e-01   8.2325998e-04  -4.2696611e-04  -5.9458609e-04  -1.3355219e-02   5.9717444e-01  -2.6546075e-01
  -1.7562594e-02  -3.3212100e-02   7.3604736e-02   3.2419915e-04  -3.7839369e-04  -4.1982812e-04  -5.8198947e-03   6.2421940e-01  -2.5361216e-01
  -3.0649283e-02  -1.9461275e-02   1.1461306e-01   4.6354645e-04  -5.1092124e-04  -6.4041171e-04  -9.9110410e-03   6.0090662e-01  -2.8094273e-01
  -4.4298126e-03  -4.8897708e-02   8.0138319e-02  -2.0140745e-04  -3.8049358e-04  -3.2813029e-04  -3.3008323e-02   6.0596470e-01  -2.6254466e-01
  -7.1634843e-03  -3.2225439e-02   9.2200908e-02   1.8987523e-05  -4.7362582e-04  -3.5812909e-04  -4.3901342e-02   5.5108742e-01  -2.5214057e-01
  -2.0314362e-02  -3.1388845e-03   7.9993488e-02   9.5456075e-04  -5.6200998e-04  -5.4723954e-04   4.0340786e-01   9.7319508e-02  -3.7409975e-01
   8.6757117e-03  -9.6262069e-02   3.3352852e-02  -1.6937614e-04  -8.1512332e-05  -1.3726953e-04  -4.4742183e-02   5.0753039e-01  -2.3251825e-01
  -4.3648277e-03  -5.2301181e-02   6.4511080e-02   1.0772615e-04  -3.7239181e-04  -2.3607662e-04  -3.3174797e-02   5.5526008e-01  -2.5149128e-01
  -1.7012472e-02  -1.2846275e-02   9.4849807e-02   6.0055888e-04  -5.1037298e-04  -3.7669347e-04  -2.0381273e-02   5.5890343e-01  -2.8010163e-01
  -1.6936173e-02  -2.9538133e-02   6.6777736e-02   6.0263028e-04  -5.2879887e-04  -3.9981026e-04  -8.9129940e-03   5.9185001e-01  -2.6548738e-01
  -1.3955150e-02  -2.9779606e-02   8.8504908e-02   2.7439052e-04  -4.5155928e-04  -3.8439441e-04  -4.1931791e-02   5.8070768e-01  -2.4711805e-01
  -1.1612095e-02  -9.3861517e-03   1.3104674e-01   5.3430900e-04  -6.4753685e-04  -5.2377395e-04   1.9025798e-01   3.3509816e-01  -3.4811502e-01
  -1.3925327e-02  -2.7104296e-02   3.0546026e-02   4.4489019e-04  -8.3116842e-05  -6.0872032e-04  -1.4975071e-02   5.9957601e-01  -2.2739668e-01
  -2.2102945e-02  -7.7517971e-03   1.2025671e-01   5.7384861e-04  -5.0392153e-04  -6.0692058e-04  -9.4758468e-04   6.3031696e-01  -2.4327456e-01
  -2.7692947e-02  -1.7072526e-02   1.2003707e-01   7.3045701e-04  -4.0399338e-04  -6.5141851e-04  -6.6661948e-04   6.7681436e-01  -2.3730189e-01
   3.0517851e-03  -6.8159043e-02   1.1705820e-01  -4.4104439e-04  -3.0469564e-04  -3.8405474e-04   2.4081083e-01   3.5103741e-01  -3.2102716e-01
  -2.3152415e-02  -1.9404884e-02   8.5397454e-02   3.3143730e-04  -3.5590725e-04  -7.4016684e-04   1.5962462e-02   5.7318790e-01  -2.3967074e-01
  -8.4937115e-03  -4.3267852e-02   7.5994806e-02   1.4182695e-04  -3.6890574e-05  -5.6888086e-04   2.1094983e+00   1.9978383e+00  -1.5573868e-01
  -4.1518958e-03  -3.2536910e-02   3.5674712e-02  -1.7007241e-04  -1.3835264e-04  -9.9959339e-04   1.9704118e-02   3.8301163e+00  -1.2534614e-01
  -8.2484805e-03  -2.3684592e-02   2.2240600e-02   2.1684824e-04  -1.9628675e-04  -8.0102129e-04   1.2695735e+00   3.8827594e+00  -4.9534814e-02
   1.1754134e-03  -7.4493168e-02  -5.3767133e-03  -6.6500855e-04  -5.8277957e-05  -7.0054351e-04   4.4575097e-01   4.2941108e+00   2.0455614e-01
   1.4925663e-02  -7.8263775e-02   5.3273803e-02  -1.2524647e-03   1.6455893e-04  -5.3524365e-04  -3.5803225e-02   1.1479191e+00  -2.8537718e-01
   9.0262199e-03  -3.8174494e-02   8.4159476e-02  -7.8227229e-04   4.0323476e-04  -3.4165023e-04  -6.9216006e-03   6.0133153e-01  -3.6806146e-01
  -2.1393328e-02   3.2326347e-04   1.2488918e-01   4.1834438e-04  -3.5510769e-05  -8.1336159e-04   1.9638940e-02   5.9755239e-01  -3.4110877e-01
  -9.0484432e-03  -1.5886186e-02   9.7570258e-02  -1.4755955e-05   9.7758373e-05  -6.4456471e-04   1.5220988e-03   6.6537602e-01  -3.1296523e-01
  -1.9523656e-02  -2.0928328e-02   1.3243742e-01   2.6859779e-04   1.3714998e-04  -7.5213212e-04   2.9897085e-03   6.6254247e-01  -2.8580149e-01
  -4.5788374e-03  -4.8209526e-03   1.2397219e-01   3.5233346e-04   4.1319740e-04  -7.5352861e-04   2.2927983e-01   3.5341827e-01  -3.1928226e-01
  -1.0324859e-02  -3.4563928e-02   6.9476948e-02  -2.2375178e-04   2.0950214e-04  -6.6717358e-04   5.9548707e-02   5.8338516e-01  -2.9689311e-01
