   0.0000000e+00  -4.4408921e-16   0.0000000e+00   0.0000000e+00   0.0000000e+00   2.1684043e-19  -2.7635123e-02   4.6130623e-01  -1.5724910e-01
   2.6277901e-02   5.0693258e-02   1.0328339e-02   1.6002835e-04  -1.6575100e-04   8.0107012e-05  -3.3443551e-02  -1.1780993e-01  -1.6165668e-01
   2.5388091e-02   7.8328625e-02   6.4536984e-03   5.2455592e-04  -1.3271738e-04   3.4397762e-04  -4.7407071e-02  -1.1103480e-01  -1.7189187e-01
   3.2293758e-02   8.5684880e-02   4.3675177e-03   4.5324547e-04   6.0692093e-04   2.0384759e-04  -7.1070523e-02  -2.8510086e-01  -1.5972633e-01
   1.8347453e-02   1.0148593e-01  -2.4483091e-02   6.3487460e-04   1.4731912e-03  -9.6099817e-05   4.0745600e-02  -2.8368192e-01  -3.2842624e-01
   2.3389912e-02   1.0951689e-01   9.5395816e-02   2.8871422e-04   1.1716029e-03   8.2164783e-05   3.0388751e-02  -3.3723976e-01  -2.9092989e-01
   1.8348886e-02   4.6035630e-03   4.5202538e-03  -5.3289824e-04   7.2138499e-04  -6.1010827e-06  -2.0435363e-02   1.1892819e-01  -2.7492998e-01
   2.7628655e-02  -3.0977039e-02   1.3250289e-01   6.3633118e-05   2.2206345e-04  -2.0881312e-04   5.6323593e-01   1.1308697e+00  -2.6806274e-01
   4.1736846e-02   3.3677792e-02   1.5910065e-01  -3.7845567e-04   4.4334724e-04   1.5901779e-04  -4.1828186e-03  -3.6904369e-03  -3.0891742e-01
   2.4933982e-02   8.4140607e-02   2.0902689e-01   9.9426814e-05   4.0682728e-04   5.0922579e-04  -9.6067044e-03   2.1590172e-02  -2.9975958e-01
   2.1879930e-02  -3.6126140e-03   3.3247122e-03  -8.8031450e-05   2.3697147e-04  -2.9353853e-04   1.3568842e-02  -1.5071554e-01  -2.9907899e-01
   3.4713182e-02   8.4029596e-02   8.2804923e-02   3.8122985e-04   1.5842747e-03   2.9993988e-04  -4.0478283e-02  -1.5823619e-01  -2.7148164e-01
  -2.1105311e-03   7.8196623e-02   2.3331255e-02   4.9825472e-04   2.0211424e-03  -1.9811929e-04   5.1603415e-02  -2.5694333e-01  -2.9402742e-01
   2.4979354e-02   1.1892501e-01   4.2171961e-02   1.5979746e-03   2.0871902e-03  -1.1243753e-04   3.2567236e-02  -3.7196764e-01  -2.8567579e-01
   2.9481502e-02   1.1125249e-01  -6.0823080e-02   5.3568102e-04   1.7657009e-03  -5.5615848e-05   1.3460736e-01  -2.8211244e-01  -2.5756130e-01
   1.3305781e-02   7.0653785e-02  -8.5528931e-02   3.6208318e-04   1.2839888e-03  -1.9576012e-04   1.5527545e-02  -3.5835793e-01  -2.6455088e-01
   2.6608286e-02   1.1597025e-01  -9.4453156e-02   9.8716347e-04   2.2581803e-03   6.1609922e-05   1.9466448e-03  -3.4784820e-01  -3.0372756e-01
   3.3327426e-03   1.3191170e-01   8.8216132e-03   1.4275664e-03   1.4508004e-03   4.1581919e-06   2.7497667e-02  -3.6857293e-01  -3.0858044e-01
   1.3835054e-02   1.2522450e-01   3.2013132e-02   1.1015134e-03   1.3179032e-03  -8.6226420e-06   3.9012062e-03  -3.6854363e-01  -3.2280178e-01
   2.5785521e-02   1.0391287e-01   6.0269928e-02   6.8166110e-04   1.6614804e-03   1.9768064e-04   2.0855021e-02  -3.8816290e-01  -3.5143043e-01
   9.1270031e-03   1.0213858e-01   8.1348330e-02   1.2281861e-03   1.5596330e-03  -1.6152971e-04   2.4212387e-02  -3.6227047e-01  -3.4192611e-01
   2.4545787e-02   1.1058783e-01   6.2253000e-02   7.6882698e-04   1.6324126e-03   4.2379481e-05   2.4422219e-02  -4.1878830e-01  -3.4289436e-01
  -1.3313310e-02   1.2246551e-01   9.6522618e-02   1.9968849e-03   1.5296570e-03  -1.7299377e-04   4.5875142e-02  -3.7520892e-01  -3.5196094e-01
   1.7410478e-02   7.1089864e-02   2.1076082e-04   8.0340691e-04   2.0538209e-03  -6.4092553e-04   1.8331396e-02  -2.2590636e-01  -3.1247362e-01
   8.9873482e-03   6.9997867e-02   4.9766225e-02   7.0002810e-04   1.0695865e-03  -1.8846814e-04  -7.6418069e-04   6.1535687e-03  -3.0112912e-01
   5.2145984e-03   2.1004625e-02   4.7149391e-02   9.1656624e-04   5.0636911e-04  -1.0725406e-04  -1.0590584e-02  -9.2209522e-02  -3.0525426e-01
   2.0715586e-02   1.4014554e-02  -1.2936813e-02   2.3345145e-04   2.6130924e-04  -1.7909550e-04   8.5876306e-03  -1.8989189e-01  -3.0628693e-01
   3.0124115e-02   1.0284682e-01   1.5754882e-02   6.1928054e-04   7.8759748e-04   4.7872737e-04  -1.2943460e-02  -1.9928259e-01  -3.1400982e-01
   3.3815276e-02   7.8436758e-02   8.5875289e-03   3.5421128e-04   1.0634643e-03   5.2685623e-05   1.7093748e-01  -2.3239184e-01  -3.0640026e-01
   4.2333866e-02   6.9730624e-02   6.4092242e-02   7.7263091e-04   1.5443598e-03  -2.8407571e-05  -6.3290786e-02  -1.6220454e-01  -2.3824044e-01
   2.3108837e-02  -9.9141445e-04  -4.9142113e-02   3.1440481e-04   1.1835314e-03  -2.3820479e-04  -3.2962927e-02  -1.0319530e-01  -2.4803539e-01
   9.4365723e-03   1.1366371e-02  -3.2780171e-04   1.0007772e-03   9.9363548e-04  -7.8774012e-06   2.1478995e-02  -1.7007162e-01  -2.5237721e-01
   1.2891486e-02   5.7638084e-02   5.7239254e-02   1.3434368e-03   6.8969069e-04   2.2125120e-04   2.2150041e-02  -1.4885838e-01  -2.6811807e-01
  -7.0322936e-03   5.3119426e-02   3.3757272e-02   6.6080629e-04   5.5807590e-04  -4.3962325e-04   4.7779181e-02  -1.4091425e-01  -2.7023823e-01
  -1.7252011e-02  -4.0780125e-02  -1.4797171e-01   6.0534384e-04  -4.7511164e-05  -9.2340077e-04   8.0217542e-03  -2.6571990e-01  -2.6451581e-01
  -1.4601637e-03   5.2432199e-02  -6.3679755e-02   6.1391254e-04   5.4106741e-04  -2.3118368e-04  -1.8237293e-03  -1.9991807e-01  -2.6901272e-01
   4.6881626e-02  -1.8929895e-02  -1.3900445e-01  -1.6482632e-03  -2.3108009e-04   1.6737199e-04  -1.0201031e-01   1.2215825e-01  -2.6653317e-01
   5.4676398e-02   5.5467392e-02   1.7053520e-01  -4.5231928e-04   4.2365981e-04   8.2978602e-04  -9.3776212e-02  -1.4011385e-02  -3.0968345e-01
   4.1498238e-02  -2.3395897e-02  -8.8716259e-02  -1.9544913e-04   1.2618126e-03  -1.9543579e-04  -6.9915895e-02  -1.2630365e-01  -2.3832259e-01
   7.5760687e-03  -1.8630044e-02   5.0336452e-02   1.2814177e-03  -2.8790726e-04  -2.0867010e-04   1.6583896e-01  -1.3436140e-01  -2.7947633e-01
  -1.8575809e-02  -3.3307844e-03   1.8248592e-01   7.0618831e-05   2.6828728e-04  -7.7703186e-04  -1.8691082e-03   2.8730211e-01  -2.0699502e-01
  -6.5721104e-03   8.6232563e-03   8.5690175e-02  -8.6115536e-05   3.7539781e-04  -6.5842646e-04   2.8168994e+00   2.6126407e+00  -1.5136626e-01
   3.5988930e-02  -1.2213047e-02  -6.3040865e-02  -1.4446072e-03   9.4461620e-04  -4.9792176e-04   8.0686467e-01   3.4724934e+00   1.5080435e-01
   3.1154167e-02  -1.0336307e-02   9.4469698e-02  -1.1903458e-03   1.2526769e-04  -1.8108214e-04   1.4859412e+00   4.3018702e+00   3.7203532e-01
   7.5903173e-02  -2.2450002e-02   1.3444852e-01  -1.7641373e-03  -7.2428233e-05   2.3682038e-04   4.4851369e-01   3.8396039e+00   2.9054639e-01
   1.0003278e-02  -1.7835768e-01   3.0970018e-01  -4.2516734e-03  -1.5270121e-03  -7.5673899e-04   4.2104670e+00   3.2894316e+00   2.5994020e-02
   3.3622308e-02  -3.0976477e-01   4.1187584e-01  -6.3694434e-03  -1.7313736e-03  -4.9531157e-04   2.5662239e+00   2.0671747e+00  -3.9438912e-01
   2.7386170e-02  -1.9500779e-01   1.5918726e-01  -3.1976019e-03  -8.7326270e-05  -6.4938463e-04   9.3303589e-01   4.3363033e+00   6.0481541e-02
   3.9620066e-02  -2.2989217e-02   2.0217255e-02  -1.3185447e-03   2.2504960e-03  -5.4157118e-04   1.6615804e+00   4.1457525e+00   8.1034746e-02
  -9.8987751e-03   1.4903075e-01   1.7863691e-02   1.4344456e-03   2.9674585e-03  -1.2894947e-03   1.0890282e+00   3.1695529e+00  -9.7719208e-02
   1.1286878e-02  -2.9011996e-02  -7.2365442e-02  -6.1484578e-04   2.2078851e-03  -2.1113596e-03   1.4713274e+00   2.0357794e+00  -2.3162861e-01
   8.8300216e-03   7.7966963e-02  -1.1776183e-01   4.5213773e-04   3.6491690e-03  -9.6293699e-04  -6.4274179e-03  -1.8541607e-01  -3.4103765e-01
   2.8670931e-02   8.4499168e-02   8.8138784e-03  -1.7636610e-04   2.8518587e-03  -8.2318319e-04   3.1262549e-03  -2.1158618e-01  -3.0912624e-01
   3.6183315e-03   1.0735744e-01   4.1955421e-02   8.2757019e-04   2.5883706e-03  -8.7839244e-04   4.1404895e-02  -3.4427556e-01  -3.1219254e-01
   4.7310183e-03   2.2357095e-02  -2.6051574e-02   4.8395834e-04   2.5594465e-03  -1.0448618e-03   1.5855714e-02  -3.3864715e-01  -2.6648373e-01
   5.1131122e-03  -1.6385282e-02  -1.3216089e-01   5.6815456e-04   1.9618672e-03  -5.3387299e-04   2.7652555e-02  -3.7877005e-01  -2.8188681e-01
   9.3946918e-03  -3.7955274e-03  -1.8592320e-01   3.5400822e-04   2.2885959e-03  -8.9261532e-04   3.6138954e-02  -4.5271909e-01  -3.0670402e-01
  -1.4477313e-02   6.0616828e-02  -8.9723698e-02   2.2997159e-03   2.4917795e-03  -1.0806593e-03   1.6409163e-02  -4.1832003e-01  -2.6871793e-01
   5.0422101e-03   1.5463114e-02  -7.0957229e-02   9.5918442e-04   2.3841962e-03  -1.0870353e-03   2.9624505e-02  -3.7031255e-01  -2.9803762e-01
  -2.1730217e-02   7.7300143e-02  -6.9759790e-02   1.5689699e-03   2.2896563e-03  -4.7689858e-04   1.9401644e-02  -4.8039424e-01  -2.8654878e-01
  -8.4026105e-03   9.2151063e-02  -7.8817206e-02   1.3442035e-03   2.1082092e-03  -7.3114562e-04   2.9755414e-02  -5.4996580e-01  -3.0155109e-01
  -1.9795954e-02   1.5793156e-01  -5.0174481e-02   2.3591012e-03   2.1792097e-03  -5.2930862e-04  -5.5209671e-04  -5.7343966e-01  -3.0930602e-01
  -2.2448703e-02   1.6910336e-01  -4.9888645e-02   2.4215695e-03   2.1388877e-03  -6.5010957e-04   1.8104306e-02  -6.3675012e-01  -3.3087452e-01
  -1.3871376e-02   9.2021564e-02  -8.1945007e-02   1.5604378e-03   2.1074366e-03  -4.9375939e-04   2.1645586e-02  -5.7560057e-01  -3.4899102e-01
  -8.0043017e-03   9.2022659e-02  -6.3034126e-02   1.1880172e-03   2.3327758e-03  -9.4869421e-04   3.0690748e-01  -8.0516485e-01  -4.2815778e-01
  -1.8557791e-02   1.3996458e-01  -6.2253559e-02   1.9608536e-03   2.4548655e-03  -2.7558382e-04   1.9001768e-02  -5.7957640e-01  -4.0720343e-01
  -2.1326014e-02   1.3809393e-01  -5.8866414e-02   1.3045546e-03   2.0951121e-03  -5.8523324e-04   1.9143163e-02  -6.8302138e-01  -4.1123322e-01
  -3.8326478e-02   1.6780276e-01  -5.0620925e-02   2.4176051e-03   2.2213735e-03  -5.8284502e-04   1.7179282e-02  -5.1684498e-01  -3.6381207e-01
  -1.8049464e-02   7.6450074e-02  -1.0564286e-01   1.1528448e-03   2.2225789e-03  -7.9057469e-04   8.7998792e-02  -6.5761021e-01  -3.1875732e-01
  -3.0715285e-02   1.0619043e-01  -7.6905015e-02   1.3344194e-03   2.3840199e-03  -1.1950431e-03   6.1822266e-03  -5.5917778e-01  -3.3970785e-01
  -2.3495521e-02   1.4054081e-01  -6.6309185e-02   1.1279328e-03   2.1391794e-03  -6.6312487e-04   8.2242575e-03  -7.3848770e-01  -3.6014210e-01
  -3.5858217e-02   1.8956390e-01  -1.1374371e-01   2.7495951e-03   2.3855093e-03  -6.5580880e-04   3.3265846e-01  -9.1703326e-01  -4.6924373e-01
  -2.5669512e-02   6.3812094e-02  -1.6450261e-01   1.6129540e-03   2.0682309e-03  -1.7646641e-03   2.0053460e-02  -6.2673722e-01  -3.8247193e-01
  -4.8661624e-02   1.2603622e-01  -1.5255160e-01   2.2169920e-03   2.2923085e-03  -1.0076206e-03   3.5065534e-02  -5.7512703e-01  -3.6863516e-01
  -4.5433285e-02   5.9586864e-02  -1.6086970e-01   2.1989410e-03   1.9823066e-03  -9.0772867e-04   1.0587587e-02  -5.8112873e-01  -3.8588826e-01
  -4.4791787e-02   1.2028045e-01  -1.3726978e-01   2.5718417e-03   2.1972176e-03  -9.5778161e-04   3.3652934e-02  -5.1317223e-01  -3.8431903e-01
  -3.8699215e-02   1.0886470e-01  -1.2139123e-01   2.0325868e-03   2.2859365e-03  -1.2788749e-03   2.0960504e-02  -5.3263980e-01  -3.8394702e-01
  -1.8257076e-02   1.4978776e-02  -2.1337119e-01   1.2892298e-03   2.5771994e-03  -1.2718405e-03  -3.8177689e-03  -5.8970619e-01  -3.7131306e-01
  -4.8202024e-02   8.7532901e-02  -1.1532498e-01   1.7644859e-03   2.1714411e-03  -7.5526696e-04   9.5812399e-03  -5.4926447e-01  -3.7778100e-01
  -3.8518695e-02   1.0077620e-01  -1.4185064e-01   2.4076273e-03   2.0523439e-03  -1.0292237e-03   2.5132650e-01  -7.9207907e-01  -4.3378686e-01
  -1.3575505e-02   1.3477503e-01  -1.1927568e-01   1.3505749e-03   2.9525377e-03  -8.3765197e-04  -1.3779427e-01  -2.1024007e-01  -3.9577240e-01
  -7.0564950e-02   2.0909882e-01  -1.0228697e-01   3.2254397e-03   1.8606676e-03  -9.2878824e-04   2.1629413e-02  -5.1716429e-01  -3.7405063e-01
  -4.5132768e-02   1.3724706e-01  -1.1518980e-01   3.1922225e-03   2.4406421e-03  -1.4598198e-03   4.8215728e-02  -4.8838074e-01  -3.8068263e-01
  -3.9081584e-02   3.9325054e-03  -1.8967657e-01   2.0577357e-03   2.4150523e-03  -2.0023136e-03   3.6501965e-02  -5.6715284e-01  -3.8815373e-01
  -3.5950999e-02  -1.2446123e-02  -2.7087385e-01   2.1636049e-03   2.6009875e-03  -1.6568503e-03   5.2753014e-02  -5.0370726e-01  -3.7348998e-01
  -4.7148019e-02   5.4272767e-02  -1.4927783e-01   1.1053898e-03   1.6196534e-03  -1.1160943e-03   2.7729785e-02  -5.3223009e-01  -3.9604658e-01
  -2.3455620e-02   1.0556880e-01  -1.8948025e-01   1.5512594e-03   2.7019194e-03  -1.0936727e-03   3.8545436e-01  -9.5000473e-01  -4.2652019e-01
  -3.1143478e-02   1.3498932e-01  -1.2192009e-01   2.3214960e-03   2.6089250e-03  -3.6522104e-04   6.4242077e-04  -4.9213871e-01  -3.7581614e-01
  -2.6038288e-02   1.4167978e-01  -8.7563210e-02   1.6367907e-03   2.6046121e-03  -7.7717211e-04   3.5863001e-02  -6.0837243e-01  -3.4286081e-01
  -2.1565546e-02   1.4846184e-01  -7.5946258e-02   1.9080978e-03   2.3863569e-03  -1.1246293e-03   2.9011746e-01  -8.2934227e-01  -4.3222775e-01
  -5.1833249e-02   1.2072044e-01  -1.2591621e-01   2.6017416e-03   2.0911280e-03  -1.0266112e-03   1.2499991e-02  -5.4342638e-01  -3.8682728e-01
  -4.8675392e-02   9.5447451e-02  -1.3301810e-01   2.2317967e-03   2.1646909e-03  -9.3502680e-04   1.7998248e-02  -5.8734636e-01  -4.0267758e-01
  -4.6760810e-02   1.2260941e-01  -1.3521842e-01   2.4259642e-03   2.3095221e-03  -1.1897733e-03   4.3960996e-02  -5.4458263e-01  -4.0816699e-01
  -4.6225476e-02   1.2447091e-01  -1.1710070e-01   2.0542872e-03   2.3160618e-03  -1.3526933e-03   2.8648481e-03  -5.5002358e-01  -4.0370062e-01
  -2.6215853e-02   1.5251840e-02  -2.4128279e-01   1.7855956e-03   2.3804292e-03  -1.2044547e-03   2.3941891e-02  -5.4088238e-01  -3.7133968e-01
  -2.0743599e-02   4.2423656e-04  -3.1832701e-01   2.1160729e-03   2.7918908e-03  -1.0856757e-03   2.7145552e-02  -6.0109043e-01  -3.9004883e-01
  -4.4584050e-02   1.3590520e-01  -1.6827835e-01   2.4166368e-03   2.6372678e-03  -8.1724519e-04   4.1281628e-02  -5.1640896e-01  -4.0314763e-01
  -4.7122680e-02   9.0918961e-02  -1.1418413e-01   1.8723158e-03   2.1219805e-03  -6.7555048e-04   4.4307605e-02  -5.7352422e-01  -3.9618934e-01
  -3.2904613e-02   3.4822905e-02  -1.8449222e-01   1.7856699e-03   2.4895722e-03  -1.4334897e-03   3.5756410e-01  -8.3825440e-01  -4.6198039e-01
  -2.4928310e-02   7.9054016e-02  -1.6631331e-01   1.8732454e-03   2.3698594e-03  -7.2475679e-04   3.2243631e-01  -8.7713215e-01  -4.2667304e-01
  -4.0705757e-02   1.2598984e-01  -9.5143542e-02   1.6053627e-03   2.1964134e-03  -7.6092830e-04   1.1012396e-02  -6.8568805e-01  -3.9629466e-01
  -4.3412227e-02   1.5389612e-01  -9.3204206e-02   2.2483303e-03   2.0767883e-03  -1.0900020e-03   4.1825217e-02  -6.1833366e-01  -4.2267784e-01
  -4.6613292e-02   1.1420461e-01  -1.4300690e-01   2.3318787e-03   1.9253176e-03  -3.9490004e-04   3.3613718e-02  -6.3477554e-01  -4.0497214e-01
  -5.2279229e-02   1.0584881e-01  -1.4804869e-01   2.3650387e-03   2.3561546e-03  -8.7540584e-04   3.0594661e-02  -6.1277094e-01  -3.9338603e-01
  -4.2833202e-02   1.2365175e-01  -1.7603511e-01   2.5788896e-03   2.3592740e-03  -1.0213019e-03   4.3074480e-01  -1.0214279e+00  -4.9628809e-01
  -3.4404316e-02   1.0216958e-01  -1.7750563e-01   2.3103845e-03   2.0355513e-03  -9.3294443e-04   1.0827888e-01  -5.2574190e-01  -4.2839967e-01
  -5.8878114e-02   1.9423703e-01  -9.8458559e-02   2.6563773e-03   2.0440344e-03  -1.0134932e-03   1.9729894e-02  -6.3644082e-01  -4.2334844e-01
  -4.9340337e-02   1.4444513e-01  -1.1397767e-01   2.5762774e-03   2.0018067e-03  -9.6587688e-04   3.5159183e-02  -6.2199089e-01  -4.2031360e-01
  -3.8584193e-02   1.2687990e-01  -1.1792964e-01   1.7855183e-03   2.0450400e-03  -9.7483969e-04   2.6319091e-02  -6.0469191e-01  -3.9877044e-01
  -4.5030782e-02   1.1307022e-01  -1.3998421e-01   1.8541725e-03   2.1361481e-03  -5.7077355e-04   3.3390778e-01  -8.6462966e-01  -4.2599014e-01
  -2.7523646e-02   1.0351549e-01  -1.0244154e-01   1.2829441e-03   2.5988909e-03  -8.2265712e-04   3.2520119e-01  -8.1399320e-01  -4.6111689e-01
  -5.9672108e-02   1.7870108e-01  -8.7635747e-02   2.4204378e-03   2.2671229e-03  -6.4622563e-04   6.8728798e-03  -5.6192381e-01  -3.9941115e-01
  -4.6438537e-02   1.3530128e-01  -1.4708691e-01   2.3559483e-03   2.2641919e-03  -1.1347712e-03   2.8169275e-01  -6.9272674e-01  -4.1722213e-01
  -5.3639482e-02   1.7948464e-01  -7.9090072e-02   2.3791588e-03   2.2779361e-03  -6.2979293e-04   2.8900943e-01   2.5487545e-01  -3.7788769e-01
  -6.2015286e-02   1.6840541e-01  -1.7021529e-01   2.9236471e-03   1.6496129e-03  -1.0745454e-03  -9.4721974e-01   2.6933084e+00  -2.7006289e-01
  -1.4361487e-02  -5.9541993e-02  -3.0287022e-01   2.8249170e-03   1.4908613e-03  -5.0248890e-04  -1.0457254e-01   4.3294523e+00  -6.4148190e-02
  -4.7766529e-02   1.0040773e-01  -2.4518182e-01   2.3430630e-03   2.8020612e-03  -8.7817686e-04  -3.2765682e-01   9.4819099e-01  -1.8515238e-01
  -3.6302467e-02   1.3190348e-01  -7.1278391e-02   1.7162743e-03   2.4492796e-03  -7.3670501e-04   5.1678425e-03  -3.8004485e-01  -3.4102198e-01
  -3.1117940e-02   1.1081235e-01  -1.0040047e-01   1.9190025e-03   2.7741498e-03  -1.0636216e-03   3.7964266e-02  -4.4572387e-01  -3.4411895e-01
  -5.5751250e-02   1.1358299e-01  -6.3818002e-02   1.2675536e-03   1.9819009e-03  -7.9101467e-04   4.3414614e-02  -4.8632285e-01  -3.8601264e-01
  -4.9778315e-02   1.0040818e-01  -1.4703452e-01   2.0118074e-03   2.3333050e-03  -7.8380107e-04   5.7980459e-03  -5.3048031e-01  -3.5687680e-01
  -5.6390263e-02   1.1445019e-01  -6.7657172e-02   1.6735561e-03   2.0297228e-03  -8.2589262e-04   3.4674335e-02  -4.9647126e-01  -3.8385040e-01
  -5.6446313e-02   9.5972077e-02  -1.1182472e-01   2.1847069e-03   2.2394515e-03  -1.0685208e-03   3.0007272e-02  -5.2531584e-01  -4.2121873e-01
  -5.8096070e-02   1.0392191e-01  -1.1730718e-01   2.1839202e-03   2.1998547e-03  -7.5651707e-04   3.3739286e-02  -4.7512777e-01  -3.9379340e-01
  -4.6030217e-02   7.4335027e-02  -1.2271962e-01   1.5973572e-03   2.2192586e-03  -8.5126031e-04   4.0555244e-02  -5.4832233e-01  -3.9731164e-01
  -5.8940708e-02   1.4851126e-01  -7.6903962e-02   2.4035057e-03   2.2175270e-03  -5.9589562e-04   2.9932174e-01  -7.7080881e-01  -4.3502263e-01
  -3.9018004e-02   1.5136289e-01  -1.0584684e-01   2.3707027e-03   2.4886905e-03  -6.8292912e-04   3.2887141e-03  -5.6280383e-01  -3.6685479e-01
  -4.3991234e-02   1.2232911e-01  -7.7868062e-02   1.3158234e-03   2.2156109e-03  -9.7457160e-04   5.0464005e-03  -5.9602305e-01  -3.5742731e-01
  -2.5720783e-02   1.6561731e-01  -9.7146357e-02   2.1281534e-03   2.3259427e-03  -5.4482428e-04  -1.8621703e-02  -6.6713945e-01  -3.5173765e-01
  -3.5471177e-02   1.5880917e-01  -5.3327565e-02   1.9767630e-03   1.7810529e-03  -5.5266813e-04   7.8985549e-03  -6.1635859e-01  -3.6006072e-01
  -5.1012755e-02   1.5904063e-01  -7.3682184e-02   2.0722125e-03   1.5960163e-03  -7.4810018e-04   2.5175890e-01  -8.2736125e-01  -4.2520990e-01
  -4.2744952e-02   1.6252437e-01  -7.8167601e-02   2.1954280e-03   1.5253787e-03  -5.8111126e-04  -1.4617336e-02  -6.1839944e-01  -3.8952266e-01
  -4.2597028e-02   1.2429984e-01  -1.1665384e-01   2.0360303e-03   1.6326686e-03  -9.4581580e-04  -8.0208929e-02  -5.0193018e-01  -3.9702479e-01
  -5.5686874e-02   1.5317239e-01  -8.6038789e-02   2.1503092e-03   1.6110350e-03  -8.7134270e-04  -1.5404219e-02  -4.6058054e-01  -3.6057442e-01
  -3.9134401e-02   6.2489753e-02  -1.2864641e-01   1.7642531e-03   1.3511483e-03  -8.8798042e-04   2.6579809e-02  -5.7104671e-01  -3.6143720e-01
  -4.1031831e-02   1.4461655e-01  -8.9908556e-02   2.2327295e-03   1.7436680e-03  -1.0840434e-03   8.8613149e-03  -4.8146731e-01  -3.5402922e-01
  -6.2064288e-02   1.0073136e-01  -1.1798624e-01   2.6966240e-03   1.3633666e-03  -5.1372033e-04   3.7004859e-02  -5.0450540e-01  -3.7285307e-01
  -5.1086284e-02   9.6387374e-02  -9.3961478e-02   1.3720675e-03   1.5639590e-03  -7.3235079e-04   1.1351428e-02  -5.1660793e-01  -3.8204264e-01
  -7.5483666e-02   1.7573673e-01  -7.8751570e-02   2.9077455e-03   1.7385268e-03  -6.1009982e-04   2.1781590e-02  -5.2359237e-01  -3.4393251e-01
  -4.2196485e-02   4.5366352e-02  -2.4042724e-01   2.1015674e-03   2.8254945e-03  -1.1292618e-03   1.1135235e-02  -4.7271827e-01  -3.3489179e-01
  -1.5782224e-02   7.2628067e-02  -1.3689585e-01   1.7601007e-03   2.5367125e-03  -3.6545001e-04   7.2068658e-03  -5.1134089e-01  -3.6318459e-01
  -4.6081345e-02   1.3980292e-01  -7.4635768e-02   1.5489481e-03   1.7201218e-03  -7.2139474e-04   2.3809205e-01  -6.9512285e-01  -4.3845906e-01
  -3.4729760e-02   9.3626221e-02  -1.0619939e-01   1.7171037e-03   1.8026884e-03  -1.0737285e-03   6.6265447e-02  -5.3753512e-01  -4.5119052e-01
  -4.4169066e-02   1.2057535e-01  -7.7543247e-02   1.5712021e-03   1.6919872e-03  -6.4200630e-04   4.2822787e-02  -4.4940313e-01  -4.2182058e-01
  -4.3659760e-02   1.3124083e-01  -4.7983419e-02   2.1999949e-03   1.5922795e-03  -4.8434433e-04   2.8614575e-02  -5.2670953e-01  -4.4555438e-01
  -2.9414941e-02   1.0499856e-01  -1.0715942e-01   1.8612229e-03   1.7591757e-03  -6.6760768e-04   3.3249014e-02  -5.7283562e-01  -4.4809840e-01
  -5.8551760e-02   9.0281352e-02  -1.4199163e-01   2.6088751e-03   1.4982841e-03  -6.2622237e-04   3.0613555e-01  -8.3286006e-01  -4.9769639e-01
  -5.0537263e-02   8.3032215e-02  -1.3365360e-01   2.1182017e-03   1.5018183e-03  -6.5481423e-04   3.4367934e-01  -8.6433601e-01  -5.2236935e-01
  -4.0897449e-02   1.1358042e-02  -1.9895243e-01   1.8491876e-03   1.7068715e-03  -8.6208925e-04   8.0532942e-04  -5.0137389e-01  -3.8665742e-01
  -3.4425431e-02   5.6637446e-02  -1.6374280e-01   1.6640819e-03   1.6654166e-03  -6.7011711e-04   1.8644440e-01  -6.3813907e-01  -4.2106564e-01
  -4.7558234e-02   1.0850420e-01  -1.2381400e-01   2.3675604e-03   1.6526652e-03  -5.9044924e-04   1.9447938e-01  -6.0731113e-01  -4.1959725e-01
  -5.6686463e-02   1.2640521e-01  -7.2965125e-02   1.9866395e-03   1.5619779e-03  -4.0080765e-04   8.8699771e-03  -5.1588754e-01  -3.8786992e-01
  -5.2051458e-02   7.6326831e-02  -1.0410569e-01   1.5072613e-03   1.7988938e-03  -1.0642682e-03   1.1170818e-02  -4.0918654e-01  -4.1122629e-01
  -4.9535790e-02   9.9548468e-02  -1.1308464e-01   1.8820191e-03   2.1983805e-03  -7.0534968e-04   1.5863111e-01  -1.3625811e-01  -3.2660029e-01
