   0.0000000e+00  -4.4408921e-16   0.0000000e+00   0.0000000e+00   0.0000000e+00   8.6736174e-19   2.6429971e+00   3.2971225e+00  -9.5186432e-02
  -2.0352717e-03   5.8206655e-02   6.4515573e-02   1.5598109e-03   2.5495630e-05   9.2736307e-04   9.4393762e-01   4.3129115e+00  -7.8470846e-02
   6.1453096e-03   4.5252349e-02   8.6879668e-02   2.5510329e-04  -2.0217749e-04   9.5999541e-04   3.6840674e-01   3.7134987e+00  -1.1205266e-01
  -3.2834894e-03   7.3395391e-02   1.1417810e-01   5.7718748e-04  -1.4538484e-04   1.0030851e-03  -2.8910789e-01   4.3140315e+00   8.8570552e-02
   6.3395211e-03   1.5526028e-02   1.4410257e-01  -4.0379902e-04  -2.8392769e-04   5.6359467e-04   2.1777774e+00   3.6230933e+00  -1.8016477e-01
   3.2616446e-02  -1.2833386e-01   1.2655842e-01  -3.3417690e-03  -7.1523575e-04   7.3949785e-04  -1.4355449e-01   1.6620691e+00  -3.8602772e-01
   9.9233312e-02  -1.8886581e-01   3.2990613e-01  -5.8808895e-03  -5.1837114e-04   1.8451492e-03   3.4206405e-01   5.9640147e-01  -3.9723714e-01
   5.4968643e-02  -8.7226649e-02   3.2919898e-01  -3.4855176e-03  -3.8820451e-04   1.5833166e-03   3.8866862e-01   4.4113859e-01  -3.7521974e-01
   7.1635510e-02  -5.4747999e-02   4.8777572e-01  -3.0576227e-03  -4.2599788e-04   1.9218839e-03   3.9435022e-01   4.0897792e-01  -3.7334345e-01
   2.7785261e-02  -1.0141027e-01   4.0736001e-01  -3.4596853e-03  -1.7120184e-03   1.2720799e-03   4.0304861e-01   4.6259569e-01  -3.6412310e-01
   5.1222865e-02  -2.1383002e-01   1.3500076e-01  -3.0766392e-03  -6.5352634e-04   1.5071729e-03   4.1777310e-01   3.6666012e-01  -3.8580999e-01
   2.7845602e-02  -1.1036030e-01   2.6141906e-01  -2.0012148e-03  -1.1448992e-03   1.4606292e-03   4.3220533e-01   3.9028304e-01  -3.9929738e-01
   2.9176350e-02  -2.1909161e-01   1.6291153e-01  -2.1374331e-03  -1.0635047e-03   1.7856480e-03   4.1035269e-01   3.4466716e-01  -3.8848637e-01
   4.5733095e-02  -6.5101070e-02   5.3833590e-02  -1.8471312e-03   2.2416892e-04   1.2392149e-03   3.8121085e-01   3.0334374e-01  -3.4043056e-01
   2.1615451e-02  -6.2416998e-02   2.8146603e-01  -6.6523561e-04   2.0809545e-04   1.0265196e-03   4.3527745e-01   2.3200807e-01  -3.5649291e-01
   4.7571690e-02  -2.1672033e-01   1.7299719e-01  -3.4107668e-03   1.6218111e-04   9.1863218e-04   4.4249232e-01   2.2703694e-01  -3.5323147e-01
   2.3683592e-02  -3.7264958e-02   1.5872147e-01  -7.1004097e-04  -2.3698076e-04   1.1954833e-03   4.1686978e-01   1.9599648e-01  -3.8091904e-01
   2.0206141e-02  -6.8914709e-02   2.3114455e-01  -1.7146516e-03  -5.7978262e-04   9.3303654e-04   4.2962827e-01   1.0526434e-01  -4.3177543e-01
   5.1267733e-03  -3.0510721e-02   1.4642313e-01  -4.3387315e-04   3.1829152e-05   8.4623279e-04   4.3393614e-01   2.2115978e-01  -3.7262135e-01
   2.0441446e-02  -1.3813708e-01   1.4375904e-01  -1.3190612e-03   6.5290464e-04   1.0302089e-03   4.3330243e-01   1.7645897e-01  -4.1901809e-01
   3.3583456e-02  -4.1658006e-02   1.9953981e-01  -1.3587376e-03   4.6994249e-04   8.8236435e-04   4.2007535e-01   2.4178330e-01  -4.4953958e-01
   2.2334929e-02  -3.3116199e-02   1.7302448e-01  -5.0582563e-04   2.1031150e-04   8.1071741e-04   4.1546910e-01   1.7721294e-01  -4.5413373e-01
  -6.2195831e-03  -2.7720060e-02   2.0530529e-01  -5.0790869e-04  -3.2954631e-04   6.2097717e-04   4.3110361e-01   1.6568064e-01  -4.1918547e-01
   9.7905691e-03  -1.4266285e-02   1.5597146e-01  -2.6628329e-04   3.3836023e-04   4.4455821e-04   4.1898292e-01   2.2404422e-01  -4.2504414e-01
   2.0825757e-02  -1.6987941e-01   5.3427161e-02  -1.2907029e-03   4.8250215e-04   4.8880603e-04   6.7450051e-01  -1.7881249e-01  -4.6155162e-01
   9.8723088e-03  -8.1429788e-02   7.9631071e-02  -7.7271182e-07   1.1346828e-04   8.5481264e-04   6.1898715e-01  -1.5592202e-01  -4.5291975e-01
  -1.3738858e-02  -1.5859826e-02   1.6791861e-01   4.6643894e-04  -2.9263970e-04   2.7825318e-04   4.1584093e-01   1.7428725e-01  -3.7026767e-01
   1.1136285e-02  -3.1974772e-02   1.9111527e-01  -1.6343576e-04   6.4365102e-05   1.0414817e-03   4.0137323e-01   1.8882281e-01  -3.9863974e-01
  -1.6325302e-03  -7.2486982e-02   1.2226146e-01  -2.7732348e-04   1.0473239e-05   1.0058716e-03   3.9928660e-01   1.8019026e-01  -4.1133805e-01
   1.4566645e-02  -8.4060135e-02   1.4401747e-01  -6.1991581e-04  -6.3331939e-05   9.4677301e-04   4.1068822e-01   1.4007024e-01  -4.0339492e-01
  -1.0099675e-02  -1.8005072e-02   1.0585161e-01   1.5537482e-03  -6.9178075e-04   9.1233584e-04   4.6176892e-01   5.2416484e-01  -3.9214500e-01
  -1.1477161e-03   5.5690902e-03   1.5087744e-01   5.5838432e-05  -5.1712969e-04   6.4034288e-04   3.8312842e-01   1.1434258e-01  -4.1608128e-01
  -1.1018063e-03   2.3158899e-02   1.4206890e-01   7.5052895e-04  -3.8942645e-04   9.5433063e-04   3.7604770e-01   5.3274207e-02  -3.9305026e-01
   1.7470274e-02  -6.5157385e-02   1.1443232e-01  -1.3991313e-03  -7.1317859e-05   4.6516539e-04   6.6933214e-01  -1.9552290e-01  -4.6039328e-01
   2.6340599e-03  -2.4004892e-02   1.6275462e-01  -1.5103902e-04  -2.8702199e-04   4.5762224e-04   3.8695372e-01   1.0968941e-01  -4.2593638e-01
   1.8732977e-02  -1.4972778e-01   1.2955537e-01  -1.7419427e-03   2.2030900e-07   3.3105462e-04   4.1270551e-01   4.5205956e-02  -4.3730964e-01
   1.3052686e-02  -2.2061921e-02   1.4307870e-01  -7.0618018e-04  -1.2509639e-04   5.2619817e-04   3.7859964e-01   1.2836884e-01  -4.0684320e-01
   1.0436357e-02  -7.0218185e-03   1.3289063e-01   4.1289275e-04   3.7573553e-05   9.6521543e-04   6.2894014e-01  -1.7202110e-01  -4.5277558e-01
   1.6657061e-02  -6.0264262e-02   2.1241431e-01  -1.6124354e-03  -2.3795406e-04   5.6744038e-04   3.9651431e-01   7.3147019e-02  -4.2127954e-01
   3.2656929e-02  -8.5663919e-02   1.3512096e-01  -1.6385339e-03   3.2541047e-04   8.8984897e-04   3.1275561e-01   7.3689259e-03  -4.5262811e-01
   5.4226514e-03  -5.4146345e-03   1.2391319e-01  -1.0309017e-04   1.1947286e-04   7.5648869e-04   4.0078463e-01   1.3451142e-01  -4.0695361e-01
   1.3453880e-02  -3.7161047e-02   2.0099391e-01  -9.8054460e-04  -3.7251730e-04   6.3075273e-04   3.5278112e-01   1.0526643e-01  -4.2575667e-01
   1.0883067e-02  -6.7510927e-02   1.3245767e-01  -9.2813390e-04   7.7164237e-05   6.9372219e-04   3.7366382e-01   7.4388083e-02  -4.7494038e-01
  -5.2101094e-03  -7.2028001e-02   1.3084472e-01   2.3792354e-04  -4.2940433e-04   6.4939275e-04   4.2981054e-01   8.6158691e-02  -4.1763192e-01
   2.5391660e-02  -2.2260139e-01   8.3590951e-02  -1.5611416e-03  -4.5837992e-05   7.7095714e-04   3.6947344e-01   9.2018431e-02  -4.1062358e-01
   1.3786244e-02  -5.4304167e-02   1.6829354e-01  -5.7169019e-04   1.4208404e-06   9.5460633e-04   3.8286852e-01   1.8433172e-01  -4.1409129e-01
   1.2853332e-02  -1.5352025e-01   1.1849564e-01  -1.5105400e-03  -9.4475260e-05   7.0508966e-04   3.6800118e-01   1.4130180e-01  -4.0457095e-01
   1.0179307e-02  -6.9746224e-02   1.5138992e-01  -9.1284367e-04  -4.6792938e-04   9.5919203e-04   3.6345498e-01   6.1999921e-02  -4.0937169e-01
   2.0139106e-03   6.8728107e-02   1.6092253e-01   1.8146356e-03  -4.3104478e-04   9.9576503e-04   3.8294510e-01   1.5758495e-01  -4.2221983e-01
   3.0938150e-02  -1.0261732e-01   1.5048372e-01  -1.3813231e-03   9.4837455e-06   1.0524153e-03   3.9491601e-01   1.5121747e-01  -4.1696424e-01
   1.8903322e-02  -1.1564933e-02   1.6390906e-01   2.5018524e-04   2.8910531e-04   9.4235904e-04   3.6497904e-01   1.4776441e-01  -4.5360577e-01
   4.5515986e-03  -1.1685519e-02   1.5827663e-01   6.4836754e-06  -4.9423320e-04   7.1625924e-04   3.6520296e-01   1.8257262e-02  -5.2071168e-01
   1.3688448e-02  -4.5722623e-02   1.6879859e-01  -7.9398447e-04  -2.2185886e-04   8.1239403e-04   3.8151725e-01   1.1829909e-01  -4.5445023e-01
  -1.1105692e-02  -1.0189608e-01   1.3825101e-01   1.1809118e-04  -3.2887427e-04   5.9029981e-04   6.7789204e-01  -1.8895386e-01  -4.9824162e-01
   4.1735885e-03  -7.0939229e-02   1.5233519e-01  -9.2418532e-04  -3.3029625e-04   4.0156530e-04   3.8112110e-01   1.3291998e-01  -4.3063043e-01
  -3.2409392e-02   6.3137425e-02   1.5837909e-01   1.7991196e-03  -5.8431730e-04   3.7917949e-04   3.6704123e-01   1.0474569e-01  -4.1849357e-01
   6.4656602e-03  -5.5739370e-02   1.7611832e-01  -4.5748057e-04  -3.0106532e-04   8.6186161e-04   3.7187625e-01   2.2900539e-01  -4.1902997e-01
  -5.2659194e-03   4.6087439e-03   1.4804104e-01   6.9504772e-04  -1.0177079e-04   8.8052788e-04   3.6704338e-01   1.3948096e-01  -4.3112962e-01
   2.7173001e-03  -5.5763828e-02   1.4229184e-01  -3.4457017e-04  -4.2790223e-04   6.5789935e-04   3.9193975e-01   1.1340354e-01  -4.2714035e-01
   3.2398218e-03  -3.6234021e-02   1.5509575e-01  -4.6959365e-04  -5.1823762e-04   6.5523063e-04   3.7111550e-01   6.1502173e-02  -4.1544440e-01
   2.8605785e-02  -9.6394530e-02   6.8779910e-02  -9.9464457e-04   3.8842294e-04   7.8292319e-04   3.3365458e-01   8.7433741e-02  -4.0289708e-01
  -2.1206665e-03   2.5316861e-02   1.3968811e-01   7.8090831e-04  -3.6353742e-04   8.2592913e-04   5.3620248e-01   1.0548146e-02  -4.3451782e-01
   1.3156117e-02  -8.4488031e-02   1.0931484e-01  -1.0968570e-03  -1.9417764e-04   4.5495840e-04   5.3635185e-01  -9.9992990e-04  -4.0923791e-01
   1.9826884e-02  -8.9034782e-02   1.8259703e-01  -1.9869250e-03  -4.6131690e-04   5.3250407e-04   3.5462701e-01   1.0963156e-01  -3.7217082e-01
   1.5039319e-02  -1.7542257e-02   1.4311091e-01  -1.5017906e-04  -3.9668338e-04   1.0203031e-03   2.8514244e-01   4.4072185e-02  -4.0202492e-01
   1.8862154e-03   1.0998451e-02   1.5012761e-01   7.0509678e-04  -4.1361804e-04   7.7246930e-04   3.7359673e-01   1.9316818e-01  -3.8208964e-01
   2.2454863e-02  -4.0282982e-02   1.5747788e-01  -1.1801191e-03  -2.0076026e-04   9.0854058e-04   3.4455544e-01   1.1285971e-01  -3.8070405e-01
   8.7748452e-03  -2.4388555e-02   1.7444198e-01  -3.2055553e-04  -5.2283227e-04   7.5247737e-04   3.4160620e-01   1.7040437e-01  -3.7842996e-01
   1.0824337e-02  -8.2407746e-02   1.3731894e-01  -1.3227178e-03  -3.4325378e-04   5.4419687e-04   7.2127720e-01  -1.7131724e-01  -4.5161101e-01
  -8.7071314e-03  -5.2519848e-03   1.6174772e-01  -5.7603681e-05  -4.7824783e-04   5.0237784e-04   3.4335402e-01   2.6027774e-01  -3.8703424e-01
   5.5347143e-03  -4.3398128e-02   1.2414481e-01  -3.1088580e-04  -3.5311332e-04   6.7007675e-04   3.2712215e-01   1.2954138e-01  -3.7544297e-01
   1.1659756e-02  -9.1651113e-02   1.1044304e-01   2.5736371e-04  -1.0093853e-04   5.4336108e-04   5.9930078e-01  -1.8701037e-01  -4.6615336e-01
   1.3522334e-02  -1.5700045e-01   4.4928151e-02  -7.5888423e-04   3.2217680e-04   7.1811971e-04   3.8269768e-01   1.6484356e-01  -3.8573669e-01
  -2.6701715e-03  -1.0313420e-01   1.0090920e-01  -4.1578190e-05  -9.9163100e-05   6.5643220e-04   3.6405456e-01   1.6521464e-01  -4.0195331e-01
   2.2261977e-03  -1.3250491e-01   1.2368910e-01  -8.5638713e-04  -4.4775529e-04   6.4500537e-04   3.2202778e-01   1.3476818e-01  -4.3557780e-01
   3.2435659e-04  -9.1282483e-02   1.0955933e-01  -4.0140484e-04   2.2266320e-04   4.9368965e-04   3.7126624e-01   1.5460805e-01  -4.3435730e-01
  -1.8474014e-02   3.9939001e-02   1.4200517e-01   1.3454856e-03  -2.2087584e-04   8.9322620e-04   3.8184743e-01   2.1135978e-01  -4.3548045e-01
  -1.2258203e-02   8.2597706e-03   2.0575470e-01   4.2460661e-04  -5.8877272e-04   4.7888835e-04   3.7072906e-01   1.3759474e-01  -4.3460610e-01
   1.1455546e-02  -6.7456133e-02   1.4819920e-01  -7.2708729e-04  -2.0432139e-04   8.0953754e-04   3.7306800e-01   1.0663311e-01  -4.1930209e-01
  -4.7954808e-03   9.9559835e-04   1.9009580e-01   4.2117007e-04  -3.2333058e-04   9.8690730e-04   7.0416882e-01  -2.0877926e-01  -4.8847678e-01
   1.1522594e-02  -1.2364414e-01   9.1195543e-02  -8.2230322e-04  -1.5991880e-04   4.3105461e-04   7.7731970e-01  -2.7947030e-01  -5.0945776e-01
   1.4785552e-02  -2.4584637e-01   2.3995184e-02  -8.6783122e-04   1.2545106e-05   9.5236934e-04   4.0101865e-01   1.2862770e-01  -3.9568153e-01
   2.5417516e-02  -1.2103886e-01   1.3707230e-01  -1.6382448e-03  -3.7404090e-05   9.0012161e-04   3.6402793e-01   2.0466977e-01  -4.1775566e-01
   2.2056657e-02  -5.8216421e-02   1.1922945e-01  -4.4411573e-04   2.4854696e-04   1.1875995e-03   3.7051767e-01   1.6554705e-01  -4.1657866e-01
  -8.4755616e-03  -1.7653839e-02   1.8414032e-01   1.2688971e-04  -6.1440999e-04   8.4500590e-04   3.5605745e-01   1.5686294e-01  -3.8224457e-01
   2.9074718e-02  -9.0786473e-02   8.3916076e-02  -1.0569847e-03  -2.2700754e-04   9.4348885e-04   3.2610053e-01   1.3821082e-01  -3.9082191e-01
  -1.5622694e-02  -4.9836117e-02   1.7191122e-01   1.7139383e-04  -7.3715863e-04   6.5299536e-04   3.4618889e-01   2.0511125e-01  -3.7765521e-01
   1.1215437e-02  -1.3087820e-01   8.6633054e-02  -3.3326586e-04  -1.6415510e-04   7.7193231e-04   3.5596582e-01   1.6319146e-01  -3.9097813e-01
  -6.2318939e-03   2.1961555e-04   1.4783679e-01   6.1529237e-04  -5.4122520e-04   1.1170064e-03   3.5011885e-01   1.4515782e-01  -4.0591298e-01
   8.6895826e-03  -3.2223034e-02   1.1566143e-01   1.0594734e-03  -2.4187385e-04   1.2524517e-03   3.7907066e-01   2.6529449e-01  -4.0709589e-01
   3.0845501e-02  -6.7662773e-02   6.4095864e-02  -1.0077350e-03  -1.1906902e-04   1.1440024e-03   8.4398571e-01   4.1151225e-01  -4.0508646e-01
   1.9391176e-02   2.7558952e-02   1.5758904e-01  -1.1903103e-04   1.2652715e-04   1.4754027e-03   5.7656349e-01   1.5237582e-01  -4.1185079e-01
  -7.8833010e-03   7.7163094e-02   1.7598456e-01   1.6024527e-03   3.8158157e-04   5.8066204e-04   3.6746922e-01   7.9555327e-02  -3.0968238e-01
   5.2662658e-04   2.9815884e-02   1.9072224e-01   3.3571804e-04   3.0221451e-04   8.0803654e-04   3.5678391e-01   4.8570870e-02  -3.4505946e-01
  -6.3536485e-03  -7.2025553e-02   1.3730493e-01  -1.6144687e-03  -5.2841074e-04   1.6038546e-04   5.7202479e-01   1.0089794e-01  -3.6107005e-01
  -2.2419989e-02   1.4115185e-02   1.2536030e-01   6.7946966e-04  -2.4885710e-04   5.8259054e-04   1.0976838e+00   5.0663992e-01  -4.1953371e-01
  -9.7116723e-03   4.9419421e-03   1.2514312e-01   5.7132938e-04  -5.4117508e-05   6.5516275e-04   3.7376781e-01   7.1999917e-02  -3.7458944e-01
  -2.7347093e-02  -2.5285894e-02   1.3476588e-01  -1.4846848e-04  -6.3479606e-05   3.3671951e-04   3.7552995e-01   9.6830061e-02  -3.7763499e-01
  -1.6545395e-02  -1.0828402e-01   9.7459054e-02  -3.6182995e-04  -2.5215564e-04   5.5076170e-04   3.8002045e-01   1.4794560e-01  -3.7652329e-01
  -1.0980902e-02  -4.2896248e-02   1.1316797e-01   5.7241949e-05  -3.8034646e-05   5.2326379e-04   3.8524589e-01   1.1493890e-01  -3.8377588e-01
  -8.7767461e-03  -9.4890235e-02   1.0483588e-01  -9.9217460e-04   1.0427749e-05   3.4863199e-04   3.9015796e-01   5.2955720e-02  -3.7180123e-01
   3.6798843e-03  -5.8404225e-02   9.8013220e-02  -1.0267552e-03   7.3665870e-05   4.2273756e-04   3.5111662e-01  -3.5550430e-02  -3.9736346e-01
  -1.3955193e-02  -6.6458142e-02   1.1585907e-01  -1.3235247e-03  -8.7430691e-05   4.0135160e-04   1.1605518e+00   2.9434448e+00  -2.3019077e-01
  -1.9977141e-02  -3.5865281e-02   1.5761284e-01  -9.5344601e-04   7.6881284e-06   5.7313280e-04  -2.9587425e+00   4.3532697e+00  -2.1084731e-01
  -2.5430495e-02  -4.8750309e-02   6.7993785e-02  -1.0031329e-04  -5.9935916e-04   4.1701426e-04  -5.5690864e-01   3.3609545e+00  -3.7044846e-01
  -3.2566018e-02   5.9525331e-02   9.2775813e-02   1.4849522e-03  -3.2320671e-04   4.6347999e-04  -9.1579440e-02   4.3323084e+00  -1.8076641e-01
   1.8389776e-02  -1.4092423e-01  -4.0104659e-02   2.2764343e-04  -3.5535563e-04   1.2479647e-03   6.3211855e-01   3.4410275e+00  -1.9901478e-01
  -1.2422432e-02   6.4470082e-02   6.1644035e-02   1.2131891e-03  -2.2988263e-04   9.1667546e-04  -2.6791968e-01   2.7442771e+00  -1.1400589e-01
  -1.3827341e-03  -2.1625673e-02   8.9635806e-02  -1.0217825e-04  -3.3595944e-04   7.3841341e-04   3.3190455e-01   1.8119939e-01  -4.3544318e-01
  -1.9685284e-02  -2.0677919e-02   1.4918479e-01  -6.4067359e-04  -2.7696261e-04   3.8572536e-04   3.6120553e-01   8.8004171e-02  -3.8789918e-01
  -1.4522220e-02  -3.6184204e-02   1.4428911e-01  -8.1599552e-04  -5.6789673e-04   4.6910750e-04   9.8638241e-02   2.9120071e-01  -4.0755593e-01
   1.1139278e-02  -8.4983726e-02   1.4262219e-01  -2.0344988e-03   1.1997357e-04   5.0343605e-04   3.8856413e-01   9.3273957e-02  -4.6155587e-01
  -1.9041889e-02  -2.2358603e-02   1.2299581e-01   6.1423115e-05  -2.1468981e-04   4.1862323e-04   3.9888033e-01   1.0797402e-01  -4.1213918e-01
  -2.4077129e-02   3.8204992e-02   1.4472863e-01   2.5683802e-04  -3.0571164e-04   4.4136655e-04   3.8185021e-01   8.4912451e-02  -3.8344911e-01
   1.2537202e-03  -4.5585824e-02   1.5422437e-01  -7.9093113e-04  -2.3281598e-04   6.2605960e-04   3.8300961e-01   4.0221248e-02  -3.9949063e-01
  -5.0157744e-03  -9.7147271e-02   1.1035031e-01  -1.7588874e-03  -1.1268361e-05   6.3098466e-04   3.8429703e-01   4.6402136e-02  -4.0054721e-01
  -3.6622769e-02   7.2123902e-02   1.3026747e-01   1.3574632e-03  -4.1410055e-04   4.2599996e-04   4.1032954e-01   1.4676281e-01  -4.0884892e-01
  -1.4322143e-02  -2.1363415e-01   5.6373403e-02  -2.4611933e-03  -4.8145203e-04   5.4789191e-04   4.0625441e-01   4.6703138e-02  -4.2716477e-01
  -2.8360829e-02  -3.7090792e-02   1.0326366e-01  -1.5523645e-04  -3.8276652e-04   6.8511397e-04   4.2430318e-01   2.3277079e-02  -4.1041664e-01
  -2.4438508e-02  -4.7876263e-02   1.3294386e-01  -2.3158936e-05  -6.6284776e-04   5.8601273e-04   4.0700797e-01   3.1142529e-02  -4.3568554e-01
  -1.1013972e-02  -7.2937987e-02   5.0842308e-02   2.7189374e-04  -3.8747259e-04   7.4533808e-04   7.2403765e-01  -4.0288219e-01  -4.8157969e-01
  -1.1555001e-02  -6.8268769e-02   7.6928734e-02  -4.4049694e-04  -7.1588365e-05   8.2550272e-04   3.8241328e-01   3.6394450e-02  -4.1047893e-01
  -3.0030480e-02  -5.4887879e-02   1.3635106e-01  -7.4668941e-04  -7.4544853e-04   5.6976187e-04   3.8697572e-01   4.2284596e-02  -4.1297598e-01
  -1.6582776e-02  -8.0567573e-02   1.3531691e-01  -1.3405392e-03  -4.2631934e-04   7.7849971e-04   3.7698614e-01   5.6064564e-02  -3.7467720e-01
  -8.5734459e-03  -5.3195445e-02   1.3815277e-01  -1.3727457e-03  -5.5927170e-04   6.3980838e-04   3.7478824e-01   5.0309089e-02  -3.8169605e-01
  -1.1975556e-02  -5.0334328e-02   1.2240680e-01  -5.5798489e-04   4.0695696e-05   8.6899053e-04   3.7843811e-01   8.2913761e-02  -3.9804820e-01
  -3.0423044e-02  -4.7008855e-02   9.6892489e-02   3.6368322e-04  -7.2417521e-04   8.2167459e-04   3.4061503e-01   9.4409160e-02  -3.5553980e-01
  -1.7858995e-02  -8.2951539e-02   1.3166369e-01  -1.3341589e-03  -8.5402941e-04   7.8212760e-04   3.6177068e-01   6.9637558e-02  -3.8896034e-01
  -1.9628408e-02  -2.6875972e-02   1.5670364e-01  -8.9420861e-04  -5.9889921e-04   6.8820269e-04   3.6868297e-01   1.3581630e-01  -4.0884999e-01
  -1.6937016e-02  -1.1336421e-01   8.0120650e-02  -5.7905046e-04   4.8929058e-05   6.8870451e-04   3.4052283e-01   1.0072439e-01  -3.5348872e-01
  -2.2875213e-02  -1.0286225e-01   1.3072601e-01  -1.4291345e-03  -9.6671693e-04   2.0122181e-04   3.5831257e-01   3.3603074e-02  -3.7721773e-01
  -1.7403089e-02  -1.0248755e-01   8.1217592e-02  -9.1632567e-04  -5.9211544e-04   6.2450272e-04   3.2600254e-01   7.4978457e-03  -4.3217533e-01
  -1.6909501e-02  -2.1657002e-02   1.2980287e-01  -4.4769674e-04  -3.2465306e-04   9.4514736e-04   1.9015454e-01  -2.6821942e-01  -4.8309106e-01
  -1.8412572e-02   3.5445094e-02   1.2085336e-01   1.1179718e-03  -4.4938577e-04   7.3813702e-04   3.6509911e-01  -2.5783393e-02  -4.4722968e-01
   8.4790908e-04  -1.2989879e-01   1.4309184e-01  -2.9462115e-03  -5.4741907e-04   3.8681190e-04   4.7057836e-01  -4.7876977e-02  -4.9504240e-01
  -1.3504756e-02  -2.0048555e-01   8.8398828e-02  -2.6827624e-03  -8.9065529e-04   2.0124507e-04   2.0065221e-01  -9.9127986e-02  -5.0624336e-01
  -2.8913688e-02  -1.1524689e-01   8.3535008e-03  -4.2623883e-05  -7.1290274e-04   7.3009996e-04   3.1677620e-01   3.2294329e-02  -4.3432424e-01
   7.1654693e-03  -5.4838662e-02   1.0012233e-01  -9.0280391e-04   1.6874466e-04   1.1321360e-03   3.1968522e-01   1.1967162e-01  -4.7352383e-01
  -9.1519408e-03  -7.3769634e-02   1.3163738e-01  -1.0602509e-03  -4.5678320e-04   4.7786487e-04   3.4550475e-01   5.3381251e-02  -4.4161102e-01
  -1.2177669e-02  -7.7011548e-02   1.1049584e-01  -6.8669081e-04  -2.6596663e-04   6.1599292e-04   3.5413806e-01   1.6119138e-01  -4.3949907e-01
  -3.4981039e-03  -2.1454641e-02   1.3330612e-01  -2.1354271e-04  -3.5659879e-04   7.4878520e-04   3.3728306e-01   1.1143463e-01  -4.5436740e-01
  -3.0056594e-03  -7.7585934e-04   1.6548942e-01  -4.0067991e-04  -5.2038329e-04   8.3639242e-04   6.0097534e-01  -1.4552074e-01  -5.2002733e-01
  -2.0018924e-02  -1.7210226e-02   1.7651569e-01  -1.0086086e-03  -5.4412619e-04   3.5997163e-04   3.3098684e-01  -3.0861581e-02  -4.5685676e-01
  -2.1820995e-02  -3.9889897e-02   1.2955086e-01  -8.3328440e-04  -6.0657046e-04   7.6401481e-04   5.1310200e-01  -9.8221529e-02  -4.8182435e-01
  -1.2195818e-02  -7.4301274e-02   1.7556050e-01  -1.6172118e-03  -6.7805386e-04   5.0852871e-04   3.8146986e-01   1.5393980e-01  -4.7923060e-01
  -2.3954275e-02  -1.3861775e-02   1.3034522e-01  -1.3931933e-04  -4.9946111e-04   7.3989345e-04   3.4452571e-01   9.0355025e-02  -4.6537096e-01
  -1.6878131e-02  -4.0891918e-02   1.7468130e-01  -8.5602902e-04  -4.9074699e-04   5.4162973e-04   3.1771857e-01   2.6201303e-01  -4.5912132e-01
  -8.3832603e-03  -1.2813130e-01   1.1632854e-01  -1.6425034e-03  -2.4648251e-04   8.2231031e-04   3.3848425e-01   1.2142802e-01  -4.6560983e-01
  -8.7819045e-03  -3.8107092e-02   1.3662705e-01  -7.6284663e-04  -6.5818256e-04   6.6795760e-04   5.8014438e-01  -1.6910566e-01  -5.0625066e-01
  -1.0298968e-02  -4.3293515e-02   1.3997114e-01  -3.7649719e-04  -4.9104780e-04   8.2456089e-04   1.0609059e+00  -4.6069934e-01  -5.6534924e-01
  -3.7197813e-02   6.6896079e-02   1.0988152e-01   2.2097820e-03  -3.7590694e-04   6.1126494e-04   3.7967232e-01   1.7386185e-01  -4.2745744e-01
  -2.4881687e-02  -4.2017637e-02   1.5975348e-01   2.0132085e-04  -3.7448010e-04   5.1297242e-04   7.2522722e-01  -2.8772143e-01  -4.9306085e-01
  -1.0449555e-02  -2.2216389e-01   1.0649414e-01  -2.4600573e-03  -5.5895477e-04   2.5233068e-04   3.5655192e-01   1.6575777e-01  -3.9730137e-01
  -4.2922536e-02   2.5383257e-02   1.2818325e-01   7.4592288e-04  -8.1127049e-04   6.1785992e-04   4.0940817e-01   3.6893689e-01  -3.9952487e-01
