   0.0000000e+00  -4.4408921e-16   0.0000000e+00   0.0000000e+00   0.0000000e+00  -4.3368087e-19   5.5579763e-01  -2.3450576e-03  -3.3388345e-01
  -4.4060500e-03  -4.5685238e-03   2.9200622e-02   1.2169798e-04  -1.1215953e-04   1.7934468e-05   5.3813257e-01   1.2783852e-02  -3.2772891e-01
   1.6866057e-02  -3.3727014e-02  -6.7792668e-03  -2.8421750e-04   6.9360453e-05   1.6315982e-04   7.8959646e-01  -3.2177561e-01  -3.7325020e-01
   1.2066426e-02  -2.7901151e-02   5.9891819e-02  -2.7704237e-04   8.4076938e-05   2.6831878e-04   5.6870673e-01  -2.0303609e-02  -3.4414552e-01
   2.3261458e-02  -4.1252758e-02   1.8214534e-02  -5.5249683e-04   4.3439871e-04   4.9102130e-04   7.3225906e-01   5.3950345e-02  -5.1080356e-01
  -7.9139038e-03  -2.3573611e-02   3.0034703e-02   1.4613666e-04  -1.7003124e-04  -1.2629086e-05   5.7469117e-01   1.8075962e-02  -4.8416358e-01
  -4.7590406e-03  -1.0716493e-02   2.5103718e-02   2.2778978e-04  -6.1096526e-05  -1.3204670e-04   5.5805852e-01  -5.1131157e-02  -4.6665553e-01
   8.3957305e-03  -3.3770456e-02  -6.9032304e-03  -8.8851172e-05  -1.7860570e-04  -6.6174052e-05   5.5008567e-01  -8.8367505e-02  -4.7439945e-01
  -4.8122207e-03  -2.1318414e-02   2.5661936e-02   2.2690833e-04  -2.0765131e-04  -6.5368223e-05   5.7939010e-01  -9.1680505e-03  -4.6590834e-01
   9.3084409e-03  -5.2698567e-02   3.5548688e-02  -4.7882982e-04  -1.3648251e-04   8.7989954e-05   9.9592356e-01  -4.9753006e-01  -5.5595113e-01
   9.5571223e-03  -5.2888703e-02   2.2911120e-02  -3.5398250e-04   4.3629359e-05  -1.4945205e-04   5.6045048e-01   3.4349691e-02  -4.5995988e-01
  -9.1264596e-03  -9.0228651e-03   3.1603941e-02   1.9935844e-04  -2.2391366e-04  -3.5070353e-04   5.6501282e-01   3.5509266e-02  -4.4980302e-01
   1.2922893e-02  -6.2576389e-02   3.1652807e-02  -1.5835842e-04  -3.2943809e-05   2.2507122e-04   5.5037317e-01   9.0907833e-02  -4.3202820e-01
  -2.2123439e-02  -2.4430917e-02   5.6689775e-02   4.1359539e-04  -3.6605612e-04  -5.5219873e-05   5.6453040e-01   1.6824765e-01  -4.2569666e-01
   1.1818319e-02  -9.2155199e-02   2.7591824e-03  -6.2176089e-04   2.4759798e-05   1.1224166e-04   5.6441440e-01   7.5172155e-02  -4.2298766e-01
   1.1949234e-02  -9.1920951e-02   2.0753420e-02  -6.4194696e-04   2.3783122e-05   8.8947212e-05   5.4174839e-01   1.2897968e-01  -4.1414030e-01
  -7.2357998e-03  -5.6415842e-02   2.6978753e-02   1.7187365e-04   9.3751426e-05   6.1781431e-05   5.4060138e-01   1.3816825e-01  -4.2253712e-01
   1.2399612e-02  -8.1054970e-02  -2.3084517e-03  -5.4258402e-04   4.4521158e-05   8.9970145e-05   5.3913535e-01   1.7138160e-01  -4.2847539e-01
   1.0780742e-02  -9.1792216e-02  -3.2474819e-02  -2.2013547e-04   3.9675387e-04   1.8734566e-04   5.3877859e-01   1.3179558e-01  -4.1410283e-01
   1.3226168e-02  -1.0429302e-01  -3.9879572e-03  -7.4404430e-04   2.2559720e-04  -7.1266281e-06   5.6082533e-01   1.2753661e-01  -4.1405661e-01
   1.4429300e-03  -5.4690292e-02  -1.2393280e-02   7.4735359e-05   1.0416127e-04  -1.8299867e-05   5.0476322e-01   4.4571779e-02  -4.6438680e-01
  -1.4143396e-03  -4.7363212e-02   3.7739852e-02  -6.2322025e-05  -5.8167578e-05  -7.3782020e-05   5.5377899e-01   1.1020593e-01  -4.5189400e-01
   1.3235001e-02  -8.3862804e-02  -2.4226383e-02   3.5465700e-04   2.9845876e-04   1.8128592e-04   5.3674945e-01   3.4896072e-02  -4.7083067e-01
  -1.6069709e-03  -4.3263867e-02  -9.6244773e-03  -2.3211148e-05  -5.2594780e-05  -2.9459840e-04   5.5329607e-01   5.9173259e-02  -4.6260277e-01
  -2.7451359e-03  -4.0649666e-02   2.4846975e-03   5.6079868e-04  -1.6589616e-04  -2.0884566e-04   9.3468530e-01  -4.9220066e-01  -5.5497217e-01
   1.3421119e-02  -7.5708897e-02  -1.0206190e-02  -2.2653617e-04  -1.3406484e-04  -1.9425495e-04   7.2081967e-01  -2.0940974e-01  -4.9185679e-01
   2.5588337e-02  -1.0155220e-01  -2.4298344e-03  -8.2465889e-04   2.3988395e-04  -4.2653397e-05   5.2366978e-01   9.7274363e-02  -4.3893926e-01
   1.9628478e-02  -1.0486095e-01  -4.4518094e-03  -4.7834958e-04   7.7764774e-05   3.7535425e-05   6.8377283e-01  -9.4702493e-02  -4.5539702e-01
  -2.4774498e-02  -1.5424722e-02   3.2014045e-03   7.7359834e-04  -4.4038931e-04  -4.3293880e-04   8.4372578e-01  -1.9856905e-01  -4.9594038e-01
   1.5173764e-02  -1.2222491e-01  -3.9008941e-02  -6.6375092e-06   9.9295446e-06  -2.4323665e-04   5.3621333e-01   4.4507813e-02  -4.3875018e-01
   2.4888370e-03  -9.1583254e-02  -2.9076435e-02   1.9014992e-04  -4.8061455e-05  -2.1461266e-05   5.4048469e-01   1.2929912e-01  -4.1457122e-01
  -8.7871254e-03  -8.9619050e-02  -5.3675997e-03   3.3115899e-04   1.3697119e-05  -2.6949462e-04   5.4217546e-01   1.1752974e-01  -3.9735352e-01
   1.3057961e-02  -1.1323040e-01  -1.2368104e-02  -5.6963388e-04  -4.9515460e-05   4.2611194e-06   5.3769951e-01   7.1059725e-02  -4.1055184e-01
   1.0603798e-02  -8.3490079e-02  -8.9135892e-03   2.2474083e-04   1.6361258e-04   6.2463536e-05   7.7589260e-01  -2.1032011e-01  -4.6141696e-01
  -1.0755108e-02  -4.2750020e-02  -1.9863754e-02   8.1349435e-04  -3.6136106e-04  -6.1718435e-05   8.3720138e-01  -3.5869915e-01  -4.9926745e-01
  -1.2128729e-02  -5.6318361e-02  -2.5303133e-02   5.9604776e-04  -3.2706618e-04  -1.9994045e-04   5.3182390e-01   2.0120475e-02  -4.3604868e-01
  -7.4165085e-03  -7.6846552e-02  -3.6098034e-02   8.4507991e-04   1.2991518e-04  -1.6487195e-04   5.4910093e-01   1.5958327e-02  -4.5260814e-01
  -2.9056591e-03  -6.8595743e-02  -5.5737756e-03   1.6277980e-04  -3.6611684e-04  -1.3686338e-04   5.4853527e-01   4.9100077e-02  -4.4558716e-01
  -1.0961155e-02  -4.2558588e-02   1.1228711e-02   6.1295295e-04  -3.4484634e-04  -2.1894179e-04   5.3293389e-01   5.8780074e-02  -4.6291034e-01
  -1.4690120e-02  -4.8452265e-02   1.7471334e-02   5.9347930e-04  -4.8749052e-04  -9.0905940e-05   5.5840745e-01   9.5761408e-02  -4.8063364e-01
   6.8891917e-03  -1.0048288e-01  -3.1132078e-02   2.9522909e-04  -1.2838885e-04   2.4921227e-05   5.2605978e-01   2.2104620e-02  -4.2191885e-01
  -3.4435111e-02  -4.3586646e-03  -3.9985791e-02   1.8218983e-03  -5.1488471e-04  -2.3964594e-04   5.3647110e-01   7.4774498e-02  -4.3878759e-01
   4.0548489e-03  -1.6004902e-01  -3.5666152e-02  -1.4763012e-05  -3.3061028e-04  -3.0646770e-04   5.2534911e-01   3.9900147e-02  -4.3327533e-01
  -1.3962131e-02  -7.0114189e-02  -1.7666767e-02   6.8806948e-04  -2.9445734e-04  -1.6057997e-04   5.4467055e-01   1.6325195e-01  -4.3201486e-01
  -2.6034957e-02  -3.7241644e-02  -2.7083793e-02   8.2825135e-04  -5.7525088e-04  -3.1790950e-04   5.6199596e-01   6.3420428e-02  -4.0493585e-01
  -4.8870233e-03  -6.8305707e-02  -2.9428306e-02   1.1428820e-04  -5.8168015e-04  -1.8392166e-04   5.4695919e-01  -1.5045409e-02  -4.2483549e-01
   3.5643794e-03  -1.0364134e-01  -7.8454894e-03  -2.6994631e-04  -3.3688096e-04  -8.3442223e-05   5.8621306e-01  -1.7779396e-02  -4.5646366e-01
  -1.8472206e-03  -5.9463702e-02  -3.2079917e-02   4.8817745e-04  -5.8190642e-04   8.4185968e-05   7.3530385e-01  -2.4640053e-01  -5.0602169e-01
  -5.7578073e-03  -5.8736906e-02   9.3155887e-03   1.7494821e-04  -4.4095109e-04  -2.2588024e-04   5.3936267e-01   5.0161762e-02  -4.2382387e-01
  -2.0842560e-02  -1.9462759e-02   1.9144112e-02   7.7393856e-04  -6.5117497e-04  -3.0241508e-04   5.2948424e-01   3.5299647e-02  -4.1583137e-01
  -8.3365407e-03  -6.0663179e-02  -8.5465758e-04   2.7515497e-04  -5.3130864e-04  -7.9067309e-05   5.4270679e-01  -9.1960015e-02  -4.3144254e-01
  -5.7656525e-04  -5.8674777e-02   1.6294347e-02   5.9225153e-04  -3.0357674e-04  -6.8327879e-05   5.2661028e-01   2.2480365e-02  -4.3395295e-01
  -9.8102293e-03  -5.2581738e-02   2.5115841e-03  -7.8567097e-05  -4.8912377e-04  -1.9451088e-04   5.4992963e-01   2.8423519e-02  -4.2528946e-01
  -4.1506279e-03  -5.6437156e-02  -2.5613344e-02   4.2699574e-04  -4.5768000e-04   2.7045721e-05   7.7004706e-01  -2.6518823e-01  -4.7826994e-01
  -6.4509829e-03  -8.0164276e-02   3.1758174e-04  -1.8066764e-05  -6.6100319e-04  -7.9412557e-05   5.3013847e-01   9.1792336e-03  -4.2206395e-01
  -2.3850804e-03  -7.2570557e-02  -1.2193853e-03   7.5646818e-05  -5.0335166e-04  -3.4951629e-06   7.7767607e-01  -2.6497898e-01  -4.7956486e-01
  -3.0250680e-02  -2.3552888e-03  -1.1027160e-02   1.8282507e-03  -5.1616810e-04  -7.0464760e-05   7.0441485e-01  -1.6268387e-01  -4.8465529e-01
   2.1934321e-02  -1.1802137e-01  -8.7079208e-02   1.9302564e-04   5.8640836e-06   4.5993884e-04   6.7848664e-01  -2.0155043e-01  -4.2647404e-01
   3.1681636e-03  -1.2402002e-01  -2.1133944e-02  -6.3627730e-05  -2.5930154e-05   1.0975708e-04   5.2504480e-01   7.4346796e-02  -4.3936837e-01
  -9.9791454e-03  -1.1117134e-01  -2.9218685e-02   6.2546803e-05  -4.3258161e-04  -5.7137211e-05   5.7278644e-01   4.6752368e-02  -4.3059608e-01
  -2.1050767e-02  -1.3982623e-01   4.1290091e-02  -6.2656257e-04  -2.4024599e-04  -2.2786372e-04   5.8188728e-01   1.8435554e-01  -4.0359703e-01
  -1.2031070e-02  -1.1348911e-01   4.5476626e-02  -3.2255273e-04  -4.0248344e-04  -1.6017786e-04   5.5057666e-01   2.7200715e-01  -4.0540827e-01
  -2.0696041e-02  -5.8197864e-02   1.9937259e-02   4.0076170e-04  -5.8318499e-04  -8.3146001e-05   7.8723999e-01  -3.1450062e-02  -4.4203801e-01
  -1.8544147e-03  -1.1725650e-01  -4.4170382e-02   3.3875155e-05  -4.9820722e-04   1.9385929e-04   5.9336078e-01   2.0129353e-01  -4.2227564e-01
  -1.6810388e-02  -8.4709853e-02  -7.6801157e-05   3.3993365e-04  -6.0157666e-04   6.9132210e-05   5.3138347e-01   1.8064459e-01  -4.1700796e-01
  -1.1994848e-02  -9.7051826e-02   2.5729502e-02  -5.3219245e-05  -6.8782568e-04   1.9928251e-04   5.1105825e-01   1.0600641e-01  -4.2059680e-01
  -1.6855667e-02  -6.1868109e-02   2.8874797e-02   9.3550912e-04  -7.1056066e-04   1.6493180e-04   5.0849255e-01   1.4139823e-01  -4.0633049e-01
  -2.7893233e-03  -9.2497354e-02  -3.7697907e-03   1.9164742e-04  -6.6563308e-04  -1.0398203e-04   4.8407309e-01   5.9856699e-02  -4.1309147e-01
  -6.6638225e-03  -8.6459461e-02   3.2051235e-02  -1.0507425e-04  -6.6912284e-04   1.3946742e-06   5.1282038e-01   1.3965887e-01  -4.2169054e-01
  -6.7687655e-03  -8.4214085e-02   8.5541444e-03   4.0994999e-04  -5.7757622e-04   6.7222527e-05   7.2307909e-01  -1.1308863e-01  -4.4970926e-01
  -4.6322727e-03  -6.9754731e-02  -7.6025425e-03   3.7520241e-04  -6.2177855e-04  -1.0958548e-04   5.0044928e-01   8.3141564e-02  -4.3519788e-01
  -2.2099818e-02  -6.3241062e-02  -2.1688737e-03   3.7669408e-04  -1.0071019e-03  -2.4793731e-04   5.3272917e-01   1.5192993e-01  -4.0796638e-01
  -1.7407287e-02  -5.1418602e-02   1.4784020e-02   4.9416701e-04  -7.7975621e-04  -1.6937445e-04   5.3695160e-01   1.2851265e-01  -3.9083968e-01
  -1.9373881e-02  -4.1969690e-02   5.5795254e-02   8.7931040e-04  -7.9948330e-04  -2.1159363e-04   7.4737125e-01  -1.0501011e-01  -4.6294986e-01
  -5.5584056e-05  -1.0150742e-01  -6.4405712e-03  -3.1752282e-04  -7.1179094e-04   6.8141206e-06   5.0812198e-01   9.9156575e-02  -4.5037297e-01
  -3.0700108e-03  -7.9839944e-02  -1.5118481e-02   8.6501515e-05  -8.0655481e-04   1.6055777e-04   5.4037472e-01   1.1093509e-01  -4.3814151e-01
  -1.5372370e-02  -6.9836696e-02  -1.8485188e-02   5.8544045e-04  -1.0766756e-03  -5.9238652e-05   6.6534241e-01   1.4989089e-01  -4.3205018e-01
  -3.0068515e-02  -5.1639317e-02   1.2271982e-02   3.4107202e-04  -1.0949650e-03  -2.2892157e-04   5.3472912e-01   9.1150570e-02  -4.2904287e-01
   3.7423542e-03  -8.2584705e-02   2.2108997e-02  -4.3258572e-07  -9.4985691e-04   9.0259721e-05   5.2367159e-01   4.8599622e-03  -4.3818469e-01
  -1.6121970e-02  -6.5920156e-02   2.8062307e-02   1.1468550e-04  -1.1567739e-03   9.6730500e-07   5.3245415e-01   4.3739468e-02  -4.4942448e-01
  -3.9625873e-03  -8.7256794e-02   2.1033851e-02  -3.9868029e-04  -1.0719276e-03   4.3333123e-05   5.3121577e-01   7.5117868e-02  -4.3098754e-01
   2.0416138e-03  -1.0059112e-01   9.2812556e-03  -4.4725075e-04  -9.8103254e-04  -3.2082394e-05   5.3915738e-01   7.9545088e-02  -4.3964850e-01
  -1.7448418e-02  -6.6693886e-02   1.6472219e-02   1.4026763e-04  -9.4095408e-04  -1.4684828e-04   7.8035931e-01  -1.8908497e-01  -4.8796605e-01
  -1.5913989e-02  -9.4451076e-02   1.7646146e-02  -2.4112710e-04  -9.8095766e-04  -1.7489755e-04   5.4992062e-01  -2.0401269e-02  -4.3589561e-01
   3.6988379e-03  -9.8573450e-02  -3.2659783e-03  -1.7700289e-04  -8.7461744e-04  -1.4640328e-06   5.2319882e-01   6.3053621e-02  -4.3584718e-01
  -1.7051248e-02  -3.8043089e-02   4.9819609e-02   5.8359839e-04  -9.7362503e-04  -4.9706674e-05   5.2585680e-01   9.9681854e-02  -4.1356276e-01
  -6.7018890e-03  -8.5613728e-02   3.1742923e-02  -5.6699679e-04  -1.1475668e-03  -7.6162160e-05   5.2977261e-01   1.0682228e-01  -3.9565593e-01
  -1.1298438e-02  -9.9479536e-02  -1.7416150e-02  -2.6265203e-04  -1.2596487e-03  -1.9022392e-04   5.4127333e-01   4.4899240e-02  -4.2141171e-01
   1.4241133e-04  -1.2241076e-01  -1.8880579e-02  -7.1748450e-04  -1.0048088e-03  -2.4819088e-04   5.3335380e-01   1.0342634e-01  -4.2529561e-01
  -1.7530989e-02  -6.9087862e-02  -5.7430490e-03  -4.9729550e-05  -1.0841735e-03  -4.8596541e-05   5.2390045e-01   1.0802390e-01  -4.0120870e-01
  -2.0291622e-02  -4.5915286e-02   4.2197059e-02   7.1810275e-04  -1.0320974e-03  -1.0904107e-04   6.9782359e-01  -1.0774071e-01  -4.7099989e-01
  -4.4527593e-03  -1.0743402e-01  -1.3663581e-02  -3.3689304e-04  -1.0811260e-03  -1.4126378e-04   5.2164755e-01   4.5930915e-02  -4.2050492e-01
  -8.4644035e-04  -8.6445762e-02   2.7448249e-03   3.3338320e-04  -7.4640107e-04   1.1226320e-04   8.4032884e-01  -2.7807821e-01  -4.9755036e-01
  -3.9120614e-02  -1.3122835e-02   7.5058627e-03   1.4203329e-03  -1.0710029e-03  -2.5536144e-04   5.2716545e-01   1.5160546e-01  -4.2767435e-01
  -1.4172181e-02  -8.8096650e-02   1.2848156e-02  -6.5067034e-05  -1.1858578e-03  -2.0415840e-04   5.5354484e-01  -1.9803788e-02  -4.3303695e-01
   7.6118238e-03  -7.8901037e-02  -3.6535679e-02   2.5165388e-04  -8.3560573e-04  -3.3269825e-05   4.5921851e-01  -5.6710539e-02  -4.3310340e-01
   2.0176931e-03  -8.0864435e-02  -1.0680172e-03  -1.0841530e-04  -6.8573398e-04  -1.5214996e-04   5.0635498e-01   1.0210809e-02  -4.3490263e-01
  -9.0890273e-03  -8.0519785e-02   1.4236002e-02   1.3965157e-04  -7.1554463e-04  -1.0274853e-04   7.7101465e-01  -2.2322491e-01  -4.9323029e-01
  -1.3061303e-02  -5.7407624e-02   3.3490570e-02   2.2090335e-04  -1.0104351e-03  -3.9772599e-04   5.1025452e-01   1.1356642e-01  -4.3409393e-01
  -4.4138300e-03  -9.3573027e-02  -1.9094851e-02  -1.2274611e-04  -1.0924247e-03  -1.8787930e-04   5.0433402e-01  -8.6389585e-03  -4.2022194e-01
  -1.6880730e-02  -3.7799582e-02  -1.5878057e-04   7.9640522e-04  -1.0864123e-03  -1.8612872e-04   5.0592243e-01   1.3158581e-01  -4.2454692e-01
  -6.0587760e-03  -7.2716271e-02  -2.7068103e-02   3.6349927e-04  -1.1235975e-03  -1.1342771e-04   5.0714549e-01  -3.2128901e-02  -4.1231567e-01
   2.4365383e-03  -9.5445443e-02  -2.7592876e-03  -3.7484038e-04  -9.7264698e-04  -1.5759287e-04   5.0488987e-01   1.4360400e-02  -4.1590609e-01
  -6.8157381e-03  -9.3871253e-02  -3.0737898e-02   1.5264389e-05  -1.0461163e-03  -2.5192900e-04   5.0726306e-01   2.0676307e-02  -4.3468640e-01
  -4.2955849e-03  -1.1408712e-01  -6.2848732e-03  -2.8668032e-05  -8.5074791e-04   1.4685820e-04   5.1113352e-01   7.6843762e-02  -3.8096545e-01
   1.3714197e-02  -1.0535099e-01  -1.6659962e-02   7.2585785e-05  -4.9146953e-04   2.0087624e-04   7.7227884e-01  -2.5116577e-01  -4.5883545e-01
   5.3747135e-03  -1.0008508e-01  -3.4567318e-02   1.6371052e-05  -8.0311856e-04   1.9772516e-04   4.9889651e-01   2.3748978e-02  -4.5484969e-01
  -3.9650150e-03  -8.4217781e-02   4.9592589e-03   1.6597035e-04  -8.8723688e-04   8.2508349e-05   4.8223774e-01   6.4771462e-02  -4.2089949e-01
  -1.5616961e-03  -1.0202763e-01  -3.1278284e-02   6.5813375e-05  -7.8068835e-04   1.3277191e-04   5.1112665e-01   6.1543229e-02  -4.1396509e-01
   4.1822642e-03  -1.0028032e-01   9.2979917e-03  -3.0227145e-04  -7.6475771e-04   8.3271554e-05   4.9687298e-01   1.0829025e-01  -3.9507564e-01
  -7.9191195e-03  -8.8366157e-02   7.4609379e-03   1.1947614e-04  -7.6360836e-04  -2.1238975e-05   5.1108677e-01   1.2070078e-01  -4.1025611e-01
  -1.8135650e-03  -1.1149635e-01  -1.8060263e-02   7.6627300e-04  -5.6557205e-04   3.0756644e-05   5.0640900e-01   1.1267475e-01  -4.0870995e-01
  -5.2920044e-03  -1.0508750e-01  -2.9954723e-03   4.6679273e-04  -6.7622894e-04   2.0346593e-05   7.3218366e-01  -1.1024240e-01  -4.3931844e-01
  -7.5435200e-03  -8.7748653e-02   1.2465783e-02   5.0877120e-04  -7.1125021e-04   2.4348963e-06   5.2429974e-01   1.8220460e-01  -3.9624657e-01
  -6.8514080e-03  -9.6983763e-02   2.6346399e-02  -6.4426416e-05  -8.9306561e-04  -4.5076105e-05   5.2969841e-01   1.1701064e-01  -4.1519553e-01
   5.5530342e-03  -9.4144161e-02  -5.1034494e-04   3.5593425e-04  -8.5331440e-04   2.6776689e-05   8.6007960e-01  -4.3234041e-01  -4.9274615e-01
  -6.1259606e-03  -1.0260872e-01   1.4427737e-03  -1.5277002e-04  -8.6660782e-04  -2.5314343e-05   5.2304942e-01   7.3690655e-02  -4.1349457e-01
  -7.9186326e-03  -9.2252714e-02   9.0474101e-03  -4.7049409e-05  -9.8152361e-04  -7.4050003e-05   5.1573132e-01   9.1856738e-02  -4.1981327e-01
   2.5156631e-02  -1.5747040e-01  -5.3855318e-02   1.0370983e-04  -1.4110479e-04   2.2518472e-04   9.8585664e-01  -3.7610703e-01  -5.0466562e-01
  -2.5687414e-02  -5.5350622e-02  -2.0810293e-02   8.9668675e-04  -8.5473386e-04  -1.4677423e-04   5.2469054e-01   1.3940983e-01  -4.1778010e-01
  -1.0783863e-02  -8.2747299e-02  -1.7117182e-02   8.4085440e-04  -9.8764658e-04   1.1059795e-04   5.7169728e-01   1.1806389e-02  -3.7770557e-01
  -3.8656180e-02  -4.1257748e-02   2.4764300e-02   1.3247651e-03  -9.4691185e-04  -8.6416160e-05   5.8562365e-01   2.4606016e-01  -3.9081305e-01
  -2.9201709e-02  -2.7290156e-02   6.0246961e-02   7.6309990e-04  -9.8304027e-04  -2.9979571e-04   5.0048099e-01   1.4818220e-01  -3.7189127e-01
  -2.2780424e-02  -8.2066335e-02   2.7713891e-02   3.9327185e-04  -1.0021153e-03  -7.4991148e-05   4.9845807e-01   9.0846990e-02  -3.5954429e-01
  -1.0597659e-02  -1.1785812e-01   1.4406851e-02  -3.9325696e-04  -9.3285534e-04  -1.5021627e-04   5.1348589e-01   8.6299035e-02  -3.9144355e-01
   9.1344884e-04  -9.9409544e-02   7.9720971e-03  -2.5133654e-04  -9.0904039e-04   1.0334209e-04   7.3544418e-01  -1.8517480e-01  -4.3292393e-01
  -2.6306518e-03  -1.5205041e-01   5.6540958e-04  -1.4868013e-03  -9.3765186e-04  -9.9469608e-05   6.1703570e-01   1.9111589e+00  -3.6078938e-01
  -1.7518270e-02  -1.6116479e-01  -7.6335235e-02  -9.2727587e-04  -1.0247467e-03  -1.2972437e-04   1.7382357e+00   2.8723780e+00  -1.8695570e-01
  -3.2343280e-02  -2.0529248e-02  -4.9171421e-02   2.1358032e-03  -1.4494074e-03  -1.1386111e-04   2.3728046e+00   3.3585719e+00  -1.7266456e-01
  -3.7750858e-02  -6.0881310e-02  -6.3801081e-02   1.1617671e-03  -1.4740288e-03  -1.3676013e-04   2.3354952e+00   3.3942865e+00  -2.8985835e-01
  -3.7674504e-02  -5.8232938e-02  -1.4590175e-02   1.1829674e-03  -1.4286440e-03  -4.0902966e-04   2.3223360e+00   4.3504904e+00  -5.3192746e-02
  -1.5230367e-02  -9.1680451e-02  -5.1526929e-02   1.1989709e-03  -1.2734082e-03  -9.8030374e-05   8.3409103e-01   9.2015029e-01  -3.7314974e-01
  -3.8431674e-02  -2.5927123e-02  -1.4636163e-02   1.4538206e-03  -1.2475627e-03  -7.0109667e-05   5.4488161e-01   1.7516111e-01  -4.5657206e-01
  -4.2748529e-02  -3.0825749e-02   3.9761162e-02   1.0476920e-03  -1.1720508e-03  -1.0415586e-04   5.5232119e-01   1.7948220e-01  -4.0792988e-01
  -1.7249810e-02  -8.5215269e-02   3.3003874e-02  -3.3845194e-04  -1.1221130e-03  -3.4231141e-04   1.2620548e+00   1.2596397e+00  -4.7757219e-01
  -1.0845191e-02  -1.2091459e-01   6.2201600e-03  -1.2294699e-03  -1.1169443e-03  -9.3849750e-05   6.8845373e-01   5.5640008e-01  -4.4263093e-01
  -1.4406365e-02  -8.4337303e-02  -2.3010940e-02  -2.0107186e-04  -1.0172169e-03  -5.3807151e-05   5.6437535e-01   9.1076084e-02  -4.0495233e-01
  -9.2397529e-03  -8.6417378e-02  -9.9861505e-03   1.7021019e-04  -1.1354577e-03  -7.5009408e-05   5.3281556e-01   5.4106564e-02  -4.0967502e-01
  -4.1904396e-03  -1.1142063e-01   2.2848964e-03  -3.8124216e-04  -1.0025812e-03  -7.1191037e-05   5.3751123e-01   9.6942002e-02  -4.2201645e-01
  -1.4257734e-02  -9.7086035e-02  -1.4029432e-02   3.3528010e-04  -8.9262993e-04   5.2844677e-05   5.5446343e-01   1.0468478e-01  -3.9344791e-01
  -2.4013273e-02  -9.6671902e-02   4.2982004e-02  -6.4288223e-06  -8.9239792e-04  -6.9661773e-05   5.4295914e-01   1.9767682e-01  -4.2968339e-01
  -6.9495973e-03  -1.1181768e-01   5.4580693e-02  -1.9989163e-04  -7.1789877e-04   5.3654293e-05   5.0463375e-01   1.6529689e-01  -3.9915364e-01
  -2.0432010e-02  -7.2060815e-02   1.7875176e-02   8.0158552e-04  -1.0337413e-03   7.8638392e-05   5.5349965e-01   1.5295288e-01  -4.4817431e-01
  -1.8177752e-02  -7.9129923e-02   3.0505723e-02   1.9392017e-04  -1.2131282e-03   8.4193904e-05   7.8291160e-01  -1.2602616e-01  -5.0336079e-01
  -1.6264799e-02  -9.0923187e-02   1.6981999e-02   9.0229091e-05  -9.6378319e-04   1.0471573e-04   4.9462691e-01   1.9338398e-01  -4.7084246e-01
  -6.6544954e-03  -1.2234790e-01  -2.9330319e-02   6.0018865e-04  -5.9745815e-04   5.3972561e-04   7.0954568e-01  -1.4484114e-01  -4.7949251e-01
  -1.5517285e-03  -1.2630162e-01  -1.0583740e-02  -2.1323849e-04  -5.4462258e-04   1.5751615e-04   5.0848029e-01   1.7269070e-01  -4.2195066e-01
  -2.0992032e-02  -9.9246154e-02  -3.2489891e-03   2.0223323e-04  -7.3714700e-04   4.7544874e-05   5.1029894e-01   2.1660672e-01  -4.1664727e-01
  -6.0194362e-03  -1.4151798e-01  -1.8510474e-02  -3.1453973e-04  -7.5456989e-04   4.2457349e-05   4.8035228e-01   1.9038829e-01  -4.3364441e-01
  -2.7411564e-02  -8.1465842e-02   1.2477273e-02   3.9720906e-04  -9.0654933e-04  -1.9821188e-04   7.4542180e-01  -4.9312954e-02  -4.8659342e-01
  -2.9203973e-02  -7.9159087e-02   3.1293605e-02   4.2375365e-04  -1.1207500e-03  -6.9694203e-05   5.2690348e-01   2.5220047e-01  -4.3474087e-01
  -2.3453536e-02  -9.0383246e-02   3.3709082e-02  -5.3735921e-04  -1.0918415e-03  -2.8887580e-04   1.5436238e+00   2.7775787e+00  -4.0550509e-01
  -4.1360373e-02  -4.1230703e-02  -7.6652405e-03   8.7554780e-04  -1.2110875e-03  -3.4405183e-04  -7.9948527e-02   3.5178088e+00  -2.6820462e-01
  -6.0117480e-02  -7.0707064e-02  -9.1431527e-03   7.2458237e-05  -1.7418226e-03  -6.9089408e-04   6.3526824e-01   1.8508894e-01  -4.2620582e-01
