   0.0000000e+00   0.0000000e+00   0.0000000e+00   0.0000000e+00   0.0000000e+00  -0.0000000e+00  -6.8514554e-02   4.3497712e-01  -2.5704024e-01
   1.4586067e-03  -9.5174647e-04   5.2517028e-02   3.0105423e-04  -2.3963352e-04   2.5480322e-04  -1.0991007e-01   4.6838692e-01  -2.4665827e-01
   3.8013336e-04  -1.0227403e-02   7.7364242e-02  -6.0641381e-04  -4.2542996e-04  -3.5439417e-05   1.5940062e-01   1.9827174e-01  -2.9565750e-01
   1.9419224e-02  -4.2980892e-03   5.5695156e-02  -2.8587516e-05  -3.0184892e-04   1.8497201e-04  -8.8669892e-02   4.0344232e-01  -2.4499865e-01
   2.1167635e-02  -2.5295940e-02   6.8125051e-02  -6.4083567e-04  -1.9827794e-04   5.3978648e-04  -7.7249984e-02   3.7148217e-01  -4.3337768e-01
   2.8622934e-02  -3.3669944e-02   6.4262275e-02  -3.4662873e-04   1.1000865e-04   9.2263557e-04  -6.9930770e-02   3.5679033e-01  -4.3057907e-01
   2.7400893e-02  -1.9077623e-02   9.2100637e-02  -8.7224074e-05   1.5459535e-04   9.3462577e-04  -6.7485509e-02   3.3549377e-01  -4.1059602e-01
   3.3985196e-02   2.4829353e-03   6.9072518e-02   6.3842768e-05  -1.0996265e-04   8.5055655e-04  -5.0872386e-02   3.2736943e-01  -3.8945041e-01
   1.5106047e-02   1.2049201e-02   1.0555389e-01  -3.2841792e-05  -3.7753616e-04   1.6254198e-04  -6.0804946e-02   3.5167364e-01  -4.0179769e-01
   2.6810588e-02  -3.5294164e-02   4.8345348e-02  -3.9768495e-04   6.2626749e-05   9.7035169e-04  -6.7298555e-02   4.0334088e-01  -3.8556088e-01
   1.2794333e-02  -7.4513580e-03   8.8008946e-02  -9.4830170e-05  -3.2437966e-04   4.5203791e-04  -7.2387123e-02   4.7462021e-01  -3.8881947e-01
   3.3333231e-02  -3.7607496e-02   5.7236314e-02  -8.1336077e-04  -3.6687174e-04   8.5784247e-04  -6.4989808e-02   4.5177538e-01  -3.8244163e-01
   9.3893928e-03   3.2739011e-03   2.8094436e-02  -1.4155818e-04   1.5149266e-04  -4.7582501e-04   1.3025688e-01   2.1786517e-01  -3.8294858e-01
   1.5670644e-02  -1.2035485e-02   4.1346498e-02   2.8340787e-04   2.2348246e-04   2.8673235e-04  -6.4688529e-02   4.6428991e-01  -3.1680813e-01
  -7.7858714e-03   2.2736068e-02   1.2497861e-01   9.1739986e-05  -6.7340557e-05  -9.0232091e-04  -8.8473241e-02   7.6338181e-01  -3.2405848e-01
   1.3036742e-02   1.1533002e-02   7.8915769e-02   6.7175363e-04   5.4610594e-05  -9.5054820e-05  -6.9445889e-02   4.5413984e-01  -3.0545219e-01
   7.2327715e-03  -5.6946975e-03   1.0694700e-01   1.1593183e-04   1.3120374e-04  -8.0412861e-05  -6.6063491e-02   4.7564549e-01  -3.2298837e-01
   2.3052357e-02  -1.3425237e-02   1.1216310e-01  -4.2100652e-04   2.5419095e-05   2.9731073e-04  -5.1520389e-02   4.9194531e-01  -3.3095271e-01
   3.9490502e-03  -9.0883177e-03   1.2117186e-01  -1.3480664e-04   8.5606371e-05  -1.0240894e-04  -6.3556220e-02   5.1502137e-01  -3.2853521e-01
   2.1503282e-02  -5.4184056e-03   1.0760584e-01  -4.6248146e-04  -5.4539626e-05   3.1363927e-04  -5.7148273e-02   4.7802243e-01  -3.1403521e-01
   1.5496018e-02  -1.7741646e-02   4.0987418e-02  -6.5190432e-05   8.8604341e-05   2.0406280e-04   4.1471924e-01   9.8559964e-01  -3.5477655e-01
   2.1412911e-02  -2.9606968e-02   5.2401986e-02  -1.9355025e-04   1.8755194e-04   5.4589526e-04  -6.3467057e-02   4.3105797e-01  -3.3479844e-01
   1.3584994e-02  -1.3376007e-02   8.0896678e-02  -2.4424334e-04   1.7003388e-04   2.5703158e-04  -5.7621731e-02   4.5637343e-01  -3.1188712e-01
   1.7469697e-02   1.1104297e-02   8.0156992e-02   2.7927975e-04   1.4478337e-04   1.4792372e-04   2.0575803e-01   1.2245105e-01  -4.1539920e-01
   2.3961269e-02  -1.1966253e-03   8.0647370e-02  -6.2026644e-04  -1.5759478e-04   4.0592446e-04  -4.9812771e-02   4.4193426e-01  -3.4586872e-01
   1.5074092e-02  -7.3220820e-03   6.8715599e-02  -5.6967343e-04  -4.1308787e-05   1.5273400e-06  -6.6737085e-02   4.8078597e-01  -3.2521546e-01
   2.5978376e-02  -2.3953246e-03   1.0838110e-01  -2.7850708e-04  -5.5820455e-06   2.3583266e-04   7.7620231e-02   3.3414008e-01  -3.4685132e-01
   9.5269754e-03   8.2914012e-03   5.5460731e-02   2.5672881e-04   4.6881895e-04  -1.7893269e-04  -6.5648922e-02   4.0687511e-01  -3.1983422e-01
   1.8673803e-02   6.3576423e-03   1.2271829e-01   2.4199814e-04   1.5065614e-04   1.5163626e-05  -6.5582605e-02   4.6587413e-01  -3.4903637e-01
   2.1879815e-02   2.0027604e-03   8.3593920e-02   1.2736567e-04   5.6835969e-04  -3.1485461e-05  -5.6561443e-02   4.7156360e-01  -3.4760819e-01
   3.6756581e-02  -5.2033858e-03   8.3535280e-02   6.9257448e-05   2.5132378e-04   6.1095413e-04   7.5856956e-02   1.2775740e-01  -4.0013621e-01
   3.5068992e-02  -2.5216800e-02   9.9780402e-02  -2.5617797e-04   2.7732922e-04   7.2327698e-04  -8.9185442e-02   3.5689500e-01  -3.5364254e-01
   3.9838574e-02  -2.1214186e-02   6.0268520e-02  -5.8916114e-04   2.0978174e-04   3.4617168e-04  -7.3241196e-02   4.5902305e-01  -3.4036126e-01
   1.1489212e-02   1.5723219e-02   7.5744655e-02  -2.9694402e-06  -6.0360811e-05  -2.6501280e-04  -9.1017017e-02   4.1122656e-01  -3.2469554e-01
   3.8879848e-02  -3.9945404e-02   7.4735474e-02  -4.2074041e-04   7.7636249e-05   8.5541071e-04  -1.6883218e-02   3.6668278e-01  -3.3144773e-01
   1.3173499e-02  -1.6093565e-03   5.2046285e-02   1.2122471e-04   6.6403727e-05  -1.1627110e-04  -8.8025604e-02   4.3672401e-01  -3.3751173e-01
   2.4128768e-02  -1.5339607e-02   7.0613778e-02  -3.5729919e-04  -8.2920922e-05  -1.8651334e-04  -8.1112823e-02   5.0876891e-01  -3.5010666e-01
   3.6274593e-02  -4.3636316e-02   6.7820367e-02  -5.6660098e-04   2.2365168e-04   5.6900152e-04   1.6829872e-01   1.3552646e-01  -3.7393877e-01
   2.3189190e-02  -2.5790929e-02   8.7746407e-02  -4.4888159e-04  -1.3608463e-04   1.9469356e-04  -8.1490200e-02   4.8912941e-01  -3.3093808e-01
   4.9043942e-03  -8.8776482e-04   8.8723518e-02   2.7666098e-04  -8.3395185e-05  -9.2781351e-05  -9.2765920e-02   4.5119757e-01  -3.1944828e-01
   2.5021613e-02  -6.3870304e-03   1.2061273e-01  -5.4468446e-04  -2.6648680e-04  -2.8764123e-05  -9.0303551e-02   4.7775971e-01  -3.2367003e-01
   5.3022189e-03   1.4137224e-02   1.0086440e-01   2.2000792e-04  -2.1366733e-04  -1.6181939e-04  -9.3066328e-02   4.2717753e-01  -3.1307329e-01
   2.9888503e-02  -1.2327486e-02   9.6738031e-02  -1.6365534e-04  -1.7988731e-04   5.6345518e-04   1.5345021e-01   1.1354784e-01  -3.7544941e-01
   1.8084154e-02  -1.2232841e-02   5.3780266e-02  -2.0987351e-04  -1.0554849e-05   2.6888233e-04  -1.0953030e-01   4.2197127e-01  -3.0870151e-01
   9.2632541e-03  -1.1055121e-04   1.1590830e-01  -4.5701615e-04  -3.7012580e-04  -2.7921722e-04  -8.2113204e-02   4.8585968e-01  -3.2624523e-01
   1.7694157e-02  -1.9500095e-02   8.3794394e-02  -4.2618498e-04  -9.7433906e-05   3.1331224e-04  -8.7194821e-02   4.8400652e-01  -3.0100881e-01
   2.2282766e-02  -1.9608952e-02   7.0280253e-02  -4.5180010e-04  -1.2620950e-04   2.6880147e-04  -9.2303983e-02   4.2956422e-01  -3.1644124e-01
   3.4823040e-02  -4.6840912e-02   8.3220369e-02  -9.2588341e-04  -7.2235847e-05   7.9794095e-04  -7.6626485e-02   5.2227622e-01  -3.2229212e-01
   4.2953823e-02  -5.0434978e-02   8.9268359e-02  -6.2921955e-04   3.0180494e-04   8.8004812e-04   1.8777238e-02   6.6251231e-01  -3.1106554e-01
   2.8939842e-02  -2.5084419e-02   8.5403460e-02  -3.6474137e-04  -4.7580279e-05   9.1020748e-04  -1.0909952e-01   4.8193206e-01  -3.0671901e-01
   3.7077673e-02  -9.2973435e-03   1.0933115e-01  -7.6804924e-04  -4.5341866e-05   5.4783001e-04  -9.6175632e-02   4.2868754e-01  -3.1285052e-01
   2.9873580e-02  -5.7987516e-03   8.4931335e-02  -3.6906773e-04  -1.4923392e-04   3.8125376e-04  -9.1553258e-02   4.7931826e-01  -2.9725900e-01
   3.5570012e-02  -1.1765608e-02   1.2078095e-01  -5.6505790e-04  -1.7140347e-04   5.2588348e-04  -9.4728157e-02   5.0236724e-01  -3.0171286e-01
   2.2793748e-02  -1.6907325e-02   5.4374461e-02  -3.0088948e-04   3.8143765e-04   3.4778740e-04  -1.0376730e-01   4.4136435e-01  -2.8954066e-01
   2.7758519e-02   5.2587463e-03   8.8868700e-02   1.2397832e-04   4.2571382e-04   2.1226890e-04  -8.5084715e-02   4.4216062e-01  -3.1531483e-01
   1.6859567e-02   1.4193920e-02   1.1149399e-01   1.2788558e-04   2.3171922e-04  -2.5917423e-04   1.7070770e-01   1.0605786e-01  -3.8147255e-01
   2.5352537e-02   5.7248250e-03   9.8452318e-02   3.1828704e-04   2.0892992e-04   3.7329808e-04  -6.5411774e-02   4.0129070e-01  -2.9258793e-01
   2.3933118e-02  -1.2127925e-02   7.6527479e-02   4.0706696e-06   2.1462007e-04   4.6977491e-04  -8.7191798e-02   3.9842804e-01  -2.9636481e-01
   1.4440681e-02  -2.5430783e-03   1.1728436e-01   7.8070476e-05   1.1871386e-04   2.0909635e-04  -7.2004111e-02   4.6380503e-01  -3.2822742e-01
   2.0991196e-02  -1.2792964e-02   8.5097784e-02   2.3367733e-05   2.5507093e-04   4.0970539e-04   1.6149784e-01   1.4759973e-01  -3.2863340e-01
   2.2917817e-02  -1.0260656e-02   7.7429997e-02   1.0988484e-04   3.7883110e-04   3.9654712e-04   1.1684103e-01   1.8485203e-01  -3.3519765e-01
   1.0378879e-02  -2.3991176e-03   6.3255327e-02   2.5929784e-04   3.1860984e-04   1.7879273e-05  -6.2916254e-02   4.5020943e-01  -3.0590006e-01
   2.6404697e-02  -1.2026502e-02   7.6267114e-02  -1.9446396e-04   2.3984753e-04   1.8429110e-04   1.0248808e-01   1.8687590e-01  -3.4594666e-01
   2.1321106e-02  -2.6073687e-02   6.1111140e-02   1.9370297e-04   3.4508572e-04   4.4347009e-04  -5.3747938e-02   6.5543846e-01  -2.8423216e-01
   2.1333725e-02  -1.1759889e-02   4.0189414e-02   8.1137705e-05   1.2433595e-05   2.5883782e-04  -8.2827082e-02   4.6275531e-01  -3.0427169e-01
   3.4376246e-02  -3.1929549e-02   6.9868681e-02  -5.9161617e-04   2.9986164e-04   5.4256406e-04  -6.8180075e-02   4.3063950e-01  -2.3522444e-01
   4.2304236e-02  -7.2793712e-02   9.6332847e-02  -1.0960431e-03   1.3060576e-04   3.4556167e-04  -8.6496229e-02   4.1943915e-01  -2.6322270e-01
   4.0962426e-02  -5.0477794e-02   6.2897103e-02  -4.4156029e-04   3.5870434e-04   1.1950665e-03  -9.4925038e-02   4.4046766e-01  -2.9051342e-01
   3.2109674e-02  -2.0672493e-02   8.6927097e-02  -5.4496942e-05   1.5153213e-04   6.5238871e-04  -8.6779133e-02   4.2276885e-01  -3.0404598e-01
   4.0591715e-02  -4.9220525e-02   7.4317578e-02  -4.5857773e-04   2.0970029e-04   1.1822536e-03  -6.8299232e-02   4.4332305e-01  -3.2031202e-01
   5.1206096e-02  -5.3823756e-02   7.5661243e-02  -3.6929542e-04   3.7348787e-04   1.2648202e-03  -1.1628130e-01   4.1622856e-01  -3.0727990e-01
   3.5055280e-02  -5.1344026e-02   6.8777060e-02  -1.4575888e-04   2.8888877e-04   1.0824684e-03  -1.1094162e-01   4.9786827e-01  -3.8592101e-01
   3.4380081e-02  -2.4221594e-02   7.2071841e-02  -2.7838664e-04  -4.3470621e-06   6.0157754e-04  -7.0941291e-02   5.0313868e-01  -3.0833335e-01
   2.5236059e-02  -3.7754327e-02   8.3607195e-02  -4.5586218e-04  -4.0598751e-05   5.2012886e-04  -8.4455529e-02   5.2670577e-01  -3.1464438e-01
   2.5581266e-02  -2.3908353e-02   9.7993021e-02  -9.9281232e-05  -8.3501185e-05   6.3189847e-04   1.3939052e-01   3.2240421e-01  -3.9139703e-01
   2.9796548e-02  -5.1743232e-02   6.9503669e-02  -7.9001945e-04   4.1496435e-05   5.5446368e-04  -6.5530603e-02   5.4022714e-01  -3.3936515e-01
   1.9052524e-02  -2.1059770e-02   1.3499616e-01  -3.3344452e-04  -1.4226569e-04   3.3455575e-04  -7.0017877e-02   5.5648979e-01  -3.3779340e-01
   4.5245018e-02  -5.6514227e-02  -2.3809237e-02  -8.1173792e-05   5.8319806e-04   6.4925110e-04   7.6690142e-01   6.9751683e-01  -4.3676855e-01
   4.3709918e-02  -1.2235981e-02   2.5893478e-02   5.0128481e-04   1.3658931e-03   4.5973320e-04  -1.0156091e-01   4.6251560e-01  -2.6667866e-01
   2.7213796e-02  -2.0680912e-02   1.5980038e-01  -7.9601591e-04   9.5862784e-04  -8.0599357e-04   1.2548533e+00   1.1963773e+00  -3.3932770e-01
   2.9349438e-02  -1.8317288e-02   1.2486118e-01  -6.0242605e-04   8.9126293e-04   7.6122605e-05   1.6534816e-01   1.8838559e-01  -4.0973423e-01
   4.5516791e-02  -4.6493793e-02   1.0619196e-01  -1.2639934e-03   1.0529091e-03   6.5661058e-04  -2.9835439e-02   6.5535969e-01  -3.0719825e-01
   5.6489926e-02  -6.6216174e-02   1.1403465e-01  -1.8542251e-03   8.7834689e-04   9.6586865e-04  -9.7413787e-02   5.0635828e-01  -3.1499753e-01
   3.8800264e-02  -5.2405867e-02   1.0271350e-01  -1.4748919e-03   8.2856581e-04   5.1458803e-04  -3.8417924e-02   6.6076861e-01  -3.2153859e-01
   1.2405034e-02  -4.4105823e-02   7.0258672e-02  -8.4263484e-04   8.3699270e-04  -7.4763344e-06  -6.8723268e-02   5.5819130e-01  -3.0321499e-01
   1.7716117e-02  -3.9109687e-02   8.9774602e-02  -6.2395676e-04   6.6496690e-04   3.0150216e-04  -5.7226983e-02   6.1721046e-01  -2.8536882e-01
   8.9023578e-03  -2.4739276e-02   1.1380471e-01  -7.1838350e-04   3.7609772e-04  -1.8341318e-04  -6.8956456e-02   6.0852029e-01  -2.9718639e-01
   2.6386179e-02  -3.9663230e-02   6.4057064e-02  -7.3962003e-04   6.7113479e-04   3.3398742e-04  -8.8066496e-02   5.3871951e-01  -3.0580800e-01
   3.5130126e-02  -5.2143703e-02   9.3140432e-02  -6.1762311e-04   1.0301875e-03   7.0562236e-04  -8.7477348e-02   5.1698808e-01  -2.9985660e-01
   1.9350834e-02  -2.8208712e-02   8.6682913e-02  -2.7743626e-04   8.9015571e-04   2.8913669e-04  -8.0476770e-02   5.0490552e-01  -3.1496320e-01
   1.1714990e-02   1.1042968e-02   1.0934285e-01   1.9068194e-05   5.3513649e-04  -2.8237094e-04   1.8206056e-01   2.4764902e-01  -3.4768352e-01
   2.7818062e-02  -3.3869710e-02   9.7413345e-02  -4.5572633e-04   8.1171240e-04   4.3793610e-04   4.5042805e-02   3.6371276e-01  -3.9987469e-01
   1.2930000e-02  -1.5486671e-02   6.7037111e-02  -1.9217803e-04   7.2596637e-04   2.5928369e-04  -7.5766366e-02   5.4363960e-01  -3.0658913e-01
   5.5307714e-02  -8.2262828e-02   1.1313288e-01  -1.4722638e-03   1.0960646e-03   1.0158040e-03  -1.1674694e-01   4.9441406e-01  -3.3264187e-01
   1.9674415e-02  -2.5707619e-02   8.6305977e-02  -3.0556417e-04   7.9739312e-04   3.6191180e-04  -9.6327613e-02   5.1984483e-01  -3.3210932e-01
   3.7586752e-02  -4.4066966e-02   6.5367475e-02  -7.8476755e-04   6.6730002e-04   4.7166132e-04  -9.0515849e-02   5.4360549e-01  -3.4387269e-01
   6.1924832e-02  -1.1381651e-01   6.7071860e-02  -1.3266126e-03   1.2001946e-03   1.2324016e-03  -9.9368644e-02   5.3321964e-01  -3.3048936e-01
   4.0934720e-02  -6.1802516e-02   5.7452611e-02  -4.0629040e-04   8.2781190e-04   9.2959084e-04  -1.0264347e-01   5.1681041e-01  -3.1588370e-01
   5.0955218e-02  -7.0403812e-02   7.2033819e-02  -1.0209274e-03   7.8669030e-04   1.0669271e-03  -9.2849085e-02   5.6245270e-01  -3.2908527e-01
   4.4793616e-02  -5.5738941e-02   6.8636641e-02  -7.9375195e-04   6.4826635e-04   9.6461957e-04   1.4653031e-01   2.9962066e-01  -3.5813646e-01
   1.7064507e-02  -2.0796801e-02   4.7605158e-02   9.8210892e-05   9.2275807e-04  -9.6565138e-05   1.6775731e-01   2.0696368e-01  -3.5278309e-01
   3.3181262e-02  -3.5749089e-02   1.1016334e-01  -4.9550161e-04   7.8038327e-04   6.5185200e-04  -7.4374819e-02   5.3759156e-01  -3.3586203e-01
   1.3608831e-02  -6.0662813e-03   1.2924763e-01  -1.6370647e-04   4.3804375e-04  -1.0366724e-04  -6.5836895e-02   5.1180643e-01  -3.4287546e-01
   4.7503688e-02  -6.7194307e-02   1.2926861e-01  -1.3657333e-03   7.4538555e-04   7.3918939e-04  -9.8216840e-02   5.7878707e-01  -3.1112287e-01
   1.6892239e-02  -2.5213085e-02   1.3247584e-01  -5.1349933e-04   7.1385640e-04   1.9869278e-04  -9.1939723e-02   5.4997985e-01  -3.1352933e-01
   2.5978605e-02  -3.2754868e-02   7.8739679e-02  -6.7215394e-04   8.8891489e-04   4.2728311e-04  -7.2732122e-02   5.2577562e-01  -2.9802128e-01
   4.5453511e-02  -6.3562849e-02   1.0501116e-01  -1.0157338e-03   1.0860650e-03   8.4600569e-04  -9.5873105e-02   4.9208719e-01  -3.4365010e-01
   5.7409946e-02  -9.2837732e-02   9.2636987e-02  -1.5298426e-03   1.2313437e-03   1.0449990e-03  -8.3201351e-02   5.5878979e-01  -3.2869174e-01
   5.0660039e-02  -1.1091945e-01   2.8522033e-02  -1.0956439e-03   1.2601212e-03   1.1808183e-03  -8.3000345e-02   5.2565305e-01  -3.2360529e-01
   4.5960779e-02  -6.8563708e-02   7.9422019e-02  -7.2707847e-04   9.6416077e-04   1.0614230e-03  -8.2796676e-02   5.4766413e-01  -3.0105750e-01
   2.4216206e-02  -6.2255735e-02   7.4352738e-02  -6.0676325e-04   5.3462258e-04   7.3471503e-04   1.1355396e-01   3.5414889e-01  -3.7004759e-01
   3.0086814e-02  -4.7139189e-02   5.9317414e-02  -8.0536989e-04   6.8060227e-04   1.3793099e-04   1.0383673e-01   2.8911045e-01  -3.4537104e-01
   1.9844773e-02  -3.8898059e-02   5.3684311e-02  -4.7137043e-05   9.1846912e-04   3.9063246e-04  -9.5011539e-02   4.9475775e-01  -2.5084192e-01
   2.5924960e-02  -3.3601567e-02   9.7809572e-02  -6.3133858e-04   7.7732613e-04  -6.0236873e-06  -9.2776276e-02   4.9353405e-01  -3.0347930e-01
   2.4643761e-02  -4.4117428e-02   1.1753762e-01  -6.0289171e-04   7.4454869e-04   3.6624085e-04  -9.3892264e-02   5.7703234e-01  -2.8398066e-01
   3.4391024e-02  -4.6641800e-02   1.1058154e-01  -3.0962940e-05   1.0910003e-03   5.6843619e-04   1.6232282e-01   2.6205465e-01  -3.6764691e-01
   1.4387998e-02  -1.1923684e-02   8.3853679e-02   2.5427023e-04   7.4485919e-04   2.8139210e-04   1.3983121e-01   2.3376825e-01  -3.2515614e-01
   2.2645230e-02  -2.0196515e-02   7.6166196e-02   2.4442443e-04   9.6036909e-04   2.8463946e-04  -7.3625721e-02   5.0787645e-01  -2.7523440e-01
   2.6030941e-02  -3.5680921e-02   9.2498121e-02  -2.5029475e-04   7.9663148e-04   5.4343369e-04  -8.6537433e-02   4.5842276e-01  -3.0388498e-01
   3.9127177e-02  -1.3113956e-05   9.9819282e-02   2.4024642e-04   8.0300220e-04   6.9123781e-04   1.8158328e-01   2.0684910e-01  -3.6733092e-01
   2.1913118e-02  -1.9667247e-02   5.1030491e-02   1.0382619e-04   1.0075537e-03   2.8475446e-04  -6.5220250e-02   5.0627900e-01  -3.0118446e-01
   3.3771442e-02  -2.6072748e-02   1.0024925e-01  -4.8466444e-04   7.1529396e-04   5.5017348e-04   8.8733659e-03   1.0203571e+00  -3.2188385e-01
   3.7995024e-02  -4.9427232e-02   4.6128676e-02   1.5836919e-04   9.4622986e-04   8.1515134e-04  -7.2208930e-02   5.1646633e-01  -3.0911309e-01
   4.8653054e-02  -6.2130463e-02   7.0951261e-02  -9.6354561e-04   1.1429250e-03   7.4248585e-04  -8.5656210e-02   5.6822172e-01  -3.0883340e-01
   4.9402454e-02  -5.7404031e-02   8.1284768e-02  -9.9037235e-04   1.1638707e-03   9.4190255e-04   1.8020592e-01   2.1636091e-01  -3.9576474e-01
   5.3384977e-02  -7.3407561e-02   1.0968983e-01  -1.5988501e-03   1.0128862e-03   1.1778945e-03  -9.0060207e-02   4.6852973e-01  -3.2193879e-01
   4.6929917e-02  -5.4761391e-02   9.3184291e-02  -1.4285063e-03   7.3451242e-04   1.3181925e-03  -7.8368618e-02   5.8167306e-01  -3.2102603e-01
   4.3605037e-02  -5.5053247e-02   8.6648928e-02  -1.2867295e-03   7.1942132e-04   1.1369522e-03  -7.1445089e-02   6.5781709e-01  -3.4448587e-01
   3.9441750e-02  -3.8348543e-02   1.0150139e-01  -8.7406406e-04   7.3104993e-04   1.0202031e-03  -6.6291288e-02   5.7278856e-01  -3.4608526e-01
   3.4287225e-02  -4.3283323e-02   1.1841694e-01  -7.6264041e-04   7.8114821e-04   8.1013474e-04  -5.0076693e-02   5.7961337e-01  -3.4368776e-01
   4.3655708e-02  -5.7368883e-02   7.8070964e-02  -7.4371086e-04   7.0002964e-04   1.0960284e-03   1.3874607e-01   3.2270802e-01  -4.2274012e-01
   2.0245427e-02  -1.5973424e-02   9.8900713e-02  -7.6678363e-04   3.3460816e-04   2.9260027e-05  -4.8928836e-02   5.3428491e-01  -3.7150308e-01
   1.6649239e-02  -1.8637350e-02   1.1438772e-01  -3.8838286e-04   6.3016671e-04   2.3758237e-04  -5.8513654e-02   5.3957817e-01  -3.4494364e-01
   1.8802750e-02  -2.1371284e-02   6.8034134e-02  -6.4331311e-04   5.5459188e-04   1.6855907e-04   1.6501628e-01   2.0547979e-01  -3.7283946e-01
   3.4433741e-02  -3.4395572e-02   5.4813095e-02  -6.8860679e-04   1.0651599e-03   4.9376679e-04   1.7621382e-01   1.6767482e-01  -3.6905447e-01
   5.3887568e-02  -1.6421918e-01  -6.1412381e-03  -8.4661057e-04   1.2206991e-03   1.1385977e-03  -8.4156173e-02   4.5708389e-01  -2.6719768e-01
   2.6685529e-02  -3.5819094e-02   7.7892906e-02  -3.2773985e-04   8.8188037e-04   4.6440242e-04   1.4625306e-01   3.5764337e-01  -3.5809532e-01
   3.0336098e-02  -2.5264920e-02   1.2060975e-01  -3.7840728e-04   7.2654342e-04   5.4037564e-04  -3.6577976e-02   4.8333342e-01  -3.2211916e-01
   3.2677688e-02  -2.3483763e-02   1.5130966e-01  -8.3127410e-04   5.2606568e-04   4.4029382e-04  -7.7206644e-02   5.5070399e-01  -3.1580542e-01
   3.5200093e-02  -1.8794377e-02   1.0161245e-01  -5.1979486e-04   5.9569251e-04   5.7051692e-04  -7.4906837e-02   5.7165038e-01  -3.0674399e-01
   3.3911259e-02  -3.7495783e-02   1.2324877e-01  -7.8024158e-04   5.9779242e-04   4.9012696e-04   1.3977280e-01   3.0013448e-01  -3.5585644e-01
   2.7672608e-02  -2.7896990e-02   1.1906080e-01  -3.9467851e-04   6.1718447e-04   5.9917563e-04  -6.2374424e-02   5.3037770e-01  -3.2909152e-01
   4.0731026e-02  -7.2837882e-02   6.5871380e-02  -1.0032069e-03   8.4805499e-04   8.7932983e-04  -6.9389499e-02   5.5687085e-01  -3.1427396e-01
   3.3380723e-02  -5.3422563e-02   8.8234366e-02  -5.9324702e-04   9.2467038e-04   6.6942832e-04  -5.5756591e-02   5.1458101e-01  -3.6448217e-01
   2.6922865e-02  -1.6309744e-02   8.3715915e-02  -4.1718363e-04   5.7817579e-04   3.4458913e-04  -5.2614271e-02   5.4805194e-01  -3.6310301e-01
   3.0329309e-02  -4.9867105e-02   8.9246908e-02  -4.6161250e-04   6.4787504e-04   5.8121846e-04  -8.4362587e-02   5.3541549e-01  -3.6169542e-01
   2.2764151e-02  -2.7958745e-02   7.1644159e-02  -3.9655406e-04   7.0119248e-04   2.1805489e-04  -7.3824048e-02   5.8037930e-01  -3.4630332e-01
   2.5620435e-02  -1.4407948e-02   9.5412553e-02  -3.0388225e-04   6.8409047e-04   3.4205890e-04  -7.3134513e-02   5.4825510e-01  -3.2015779e-01
   2.4609202e-02  -2.3366079e-02   1.3592999e-01  -3.2629191e-04   7.4695020e-04   3.6648453e-04  -4.5904043e-02   5.5654270e-01  -3.1999123e-01
   3.8235481e-02  -1.8061074e-02   4.2149129e-02  -7.0917634e-05   7.8961357e-04   2.6799120e-04   6.5694046e-01   1.0057827e+00  -3.4320765e-01
   2.0401492e-02  -1.3304542e-02   1.1853702e-01  -2.3715706e-04   5.8279486e-04   2.6842819e-04  -6.3043941e-02   5.0623440e-01  -3.1609299e-01
   4.3395418e-02  -6.2615666e-02   7.7351981e-02  -1.3516546e-03   1.0312272e-03   5.7258137e-04  -7.5602997e-02   5.5680979e-01  -3.1817783e-01
   3.8032096e-02  -5.8732374e-02   8.4197461e-02  -7.7402768e-04   1.0050569e-03   7.0297805e-04  -5.2414184e-02   5.7558960e-01  -3.1632588e-01
   3.1840338e-02  -4.1716245e-02   1.2250148e-01  -6.6733172e-04   8.9788301e-04   5.2675723e-04  -1.2876973e-02   4.6403760e-01  -3.3140833e-01
